Index,x,y,z,Angle
0,"[0.0001485, 0.0001573, 8.25e-05, 1.98e-05, 7.04e-05, 0.0001452, 0.0001628, 8.36e-05, 2.3100000000000002e-05, 6.71e-05, 0.0001408, 0.0001507, 8.8e-05, 1.76e-05, 6.6e-05, 0.0001463, 0.0001507, 7.48e-05, 2.3100000000000002e-05, 5.39e-05, 0.0001419, 0.0001562, 9.020000000000001e-05, 1.65e-05, 7.04e-05, 0.0001551, 0.0001595, 8.69e-05, 1.2100000000000001e-05, 6.05e-05, 0.0001419, 0.0001595, 7.37e-05, 2.4200000000000002e-05, 5.28e-05, 0.0001485, 0.0001474, 7.7e-05, 1.76e-05, 5.94e-05, 0.0001474, 0.0001551, 8.25e-05, 2.64e-05, 6.82e-05, 0.0001386, 0.0001463, 8.36e-05, 2.2e-05, 4.6200000000000005e-05, 0.0001386, 0.0001496, 9.240000000000001e-05, 2.5300000000000002e-05, 6.93e-05, 0.0001452, 0.0001606, 8.58e-05, 2.09e-05, 6.16e-05, 0.0001386, 0.0001617, 7.81e-05, 3.3e-05, 6.71e-05, 0.0001452, 0.0001628, 7.92e-05, 2.09e-05, 5.94e-05, 0.0001496, 0.000154, 8.14e-05, 1.76e-05, 7.04e-05, 0.0001375, 0.0001562, 6.82e-05, 2.64e-05, 5.83e-05, 0.0001419, 0.0001529, 7.59e-05, 1.54e-05, 5.17e-05, 0.0001353, 0.0001573, 7.7e-05, 2.3100000000000002e-05, 6.71e-05, 0.0001452, 0.0001551, 6.6e-05, 2.97e-05, 5.39e-05, 0.0001452, 0.0001573, 7.81e-05, 1.43e-05, 6.16e-05, 0.0001408, 0.0001474, 6.82e-05, 2.64e-05, 5.72e-05, 0.0001485, 0.0001485, 8.25e-05, 2.64e-05, 6.49e-05, 0.000143, 0.0001551, 8.25e-05, 2.4200000000000002e-05, 5.94e-05, 0.0001474, 0.0001474, 7.59e-05, 1.65e-05, 6.27e-05, 0.0001463, 0.0001496, 7.59e-05, 1.76e-05, 6.05e-05, 0.0001331, 0.0001452, 8.58e-05, 2.3100000000000002e-05, 6.49e-05, 0.0001452, 0.0001518, 7.81e-05, 2.3100000000000002e-05, 6.93e-05, 0.0001474, 0.0001452, 7.7e-05, 2.3100000000000002e-05, 6.93e-05, 0.0001419, 0.0001485, 7.92e-05, 2.2e-05, 6.27e-05, 0.0001507, 0.0001507, 9.020000000000001e-05, 2.4200000000000002e-05, 6.82e-05, 0.0001518, 0.0001551, 8.14e-05, 1.76e-05, 6.05e-05, 0.0001474, 0.0001518, 7.15e-05, 1.2100000000000001e-05, 5.72e-05, 0.0001507, 0.0001573, 7.59e-05, 1.1e-05, 6.05e-05, 0.0001364, 0.0001562, 7.7e-05, 2.09e-05, 6.82e-05, 0.0001452, 0.0001595, 7.37e-05, 9.9e-06, 6.05e-05, 0.0001441, 0.0001518, 8.47e-05, 1.32e-05, 6.82e-05, 0.0001474, 0.0001573, 7.59e-05, 3.19e-05, 5.39e-05, 0.0001452, 0.0001562, 8.47e-05, 1.65e-05, 6.38e-05, 0.0001485, 0.0001485, 8.03e-05, 2.2e-05, 6.6e-05, 0.0001485, 0.0001485, 7.7e-05, 1.87e-05, 5.94e-05, 0.0001496, 0.0001529, 8.69e-05, 1.32e-05, 5.94e-05, 0.0001496, 0.0001496, 8.69e-05, 2.09e-05, 6.71e-05, 0.0001331, 0.0001573, 7.59e-05, 2.4200000000000002e-05, 7.26e-05, 0.0001474, 0.000154, 7.15e-05, 1.76e-05, 6.16e-05, 0.0001375, 0.0001518, 7.81e-05, 2.75e-05, 7.15e-05, 0.0001353, 0.0001584, 7.7e-05, 2.09e-05, 6.82e-05, 0.0001441, 0.0001573, 7.15e-05, 1.87e-05, 4.9500000000000004e-05, 0.0001507, 0.0001595, 7.59e-05, 3.3e-05, 6.05e-05, 0.000154, 0.0001551, 7.7e-05, 2.2e-05, 6.27e-05, 0.000143, 0.0001529, 7.59e-05, 2.3100000000000002e-05, 6.16e-05, 0.0001507, 0.0001595, 8.03e-05, 1.32e-05, 6.16e-05, 0.0001386, 0.000154, 6.71e-05, 2.09e-05, 7.26e-05, 0.0001573, 0.0001639, 8.14e-05, 1.65e-05, 7.15e-05, 0.0001386, 0.0001452, 8.47e-05, 1.54e-05, 6.16e-05, 0.0001485, 0.000154, 7.04e-05, 2.86e-05, 7.48e-05, 0.0001408, 0.0001584, 7.81e-05, 1.76e-05, 5.72e-05, 0.0001441, 0.0001606, 8.8e-05, 1.65e-05, 5.61e-05, 0.0001452, 0.0001518, 8.14e-05, 2.3100000000000002e-05, 6.82e-05, 0.0001408, 0.000143, 8.25e-05, 1.2100000000000001e-05, 6.71e-05, 0.0001364, 0.0001518, 8.03e-05, 1.76e-05, 6.71e-05, 0.0001419, 0.0001529, 7.92e-05, 2.97e-05, 7.48e-05, 0.0001441, 0.0001584, 8.58e-05, 2.5300000000000002e-05, 5.94e-05, 0.0001474, 0.0001573, 8.47e-05, 1.87e-05, 5.0600000000000003e-05, 0.0001452, 0.000143, 7.26e-05, 1.43e-05, 7.81e-05, 0.0001397, 0.0001507, 8.25e-05, 1.98e-05, 5.61e-05, 0.0001474, 0.0001562, 8.69e-05, 1.1e-05, 5.61e-05, 0.0001507, 0.000154, 7.48e-05, 2.09e-05, 6.05e-05, 0.0001474, 0.0001584, 8.36e-05, 1.98e-05, 5.94e-05, 0.0001507, 0.0001584, 7.7e-05, 2.5300000000000002e-05, 5.61e-05, 0.0001474, 0.0001606, 7.92e-05, 2.3100000000000002e-05, 6.16e-05, 0.0001474, 0.0001485, 8.58e-05, 1.43e-05, 6.05e-05, 0.0001452, 0.0001562, 7.15e-05, 2.2e-05, 6.27e-05, 0.0001441, 0.0001639, 8.14e-05, 1.32e-05, 5.72e-05, 0.0001485, 0.0001474, 7.15e-05, 2.09e-05, 5.61e-05, 0.000154, 0.0001463, 8.36e-05, 1.76e-05, 6.71e-05, 0.0001397, 0.0001518, 7.59e-05, 2.3100000000000002e-05, 6.05e-05, 0.0001507, 0.0001496, 7.59e-05, 1.1e-05, 6.38e-05, 0.000143, 0.0001529, 7.59e-05, 2.64e-05, 7.15e-05, 0.0001441, 0.0001562, 7.15e-05, 1.98e-05, 6.38e-05, 0.000143, 0.0001562, 7.04e-05, 1.76e-05, 5.61e-05, 0.0001397, 0.0001573, 7.37e-05, 1.76e-05, 6.05e-05, 0.0001353, 0.0001507, 7.59e-05, 2.5300000000000002e-05, 6.71e-05, 0.0001485, 0.0001529, 7.7e-05, 1.65e-05, 6.27e-05, 0.0001364, 0.0001529, 6.49e-05, 1.87e-05, 6.05e-05, 0.0001441, 0.000154, 7.59e-05, 1.2100000000000001e-05, 6.6e-05, 0.0001496, 0.0001529, 8.47e-05, 2.5300000000000002e-05, 6.49e-05, 0.0001496, 0.000154, 7.04e-05, 1.65e-05, 5.61e-05, 0.000143, 0.0001518, 8.14e-05, 2.09e-05, 6.6e-05, 0.0001485, 0.0001628, 6.82e-05, 1.76e-05, 5.72e-05, 0.0001397, 0.0001441, 8.47e-05, 2.5300000000000002e-05, 7.37e-05, 0.0001397, 0.0001474, 7.26e-05, 1.2100000000000001e-05, 6.05e-05, 0.0001408, 0.0001419, 7.81e-05, 2.75e-05, 6.27e-05, 0.0001463, 0.0001562, 8.36e-05, 2.2e-05, 5.94e-05, 0.000143, 0.0001518, 7.26e-05, 1.76e-05, 7.37e-05, 0.0001496, 0.0001529, 8.03e-05, 2.2e-05, 6.05e-05, 0.0001551, 0.0001551, 7.26e-05, 2.09e-05, 7.59e-05, 0.0001463, 0.000154, 8.910000000000001e-05, 1.2100000000000001e-05, 6.16e-05, 0.0001485, 0.0001518, 7.48e-05, 1.87e-05, 6.49e-05, 0.0001419, 0.0001518, 8.14e-05, 1.2100000000000001e-05, 6.38e-05, 0.0001419, 0.0001529, 7.59e-05, 1.65e-05]","[-0.0002288, -0.0002376, -0.00017820000000000002, -0.0001309, -0.0001705, -0.0002233, -0.0002255, -0.0001738, -0.0001353, -0.0001727, -0.0002244, -0.0002277, -0.0001705, -0.0001397, -0.000176, -0.0002354, -0.0002178, -0.00017820000000000002, -0.0001408, -0.0001749, -0.0002233, -0.000231, -0.0001661, -0.0001287, -0.0001716, -0.0002288, -0.0002288, -0.00017710000000000002, -0.0001331, -0.00017930000000000002, -0.0002156, -0.0002343, -0.0001683, -0.0001452, -0.0001727, -0.0002299, -0.0002233, -0.0001639, -0.0001353, -0.0001749, -0.0002255, -0.0002222, -0.0001738, -0.0001342, -0.0001694, -0.0002244, -0.0002266, -0.0001738, -0.0001309, -0.0001617, -0.0002255, -0.0002266, -0.0001694, -0.0001408, -0.0001705, -0.0002233, -0.0002332, -0.0001749, -0.0001474, -0.0001661, -0.0002376, -0.0002233, -0.0001617, -0.0001375, -0.0001694, -0.0002178, -0.0002255, -0.0001672, -0.000143, -0.000165, -0.0002354, -0.0002299, -0.00017710000000000002, -0.0001342, -0.0001617, -0.0002288, -0.00022, -0.0001727, -0.0001364, -0.0001661, -0.0002266, -0.0002222, -0.000176, -0.0001309, -0.00017710000000000002, -0.0002277, -0.0002365, -0.00017710000000000002, -0.0001364, -0.0001716, -0.0002211, -0.0002266, -0.0001705, -0.0001386, -0.0001683, -0.0002266, -0.0002288, -0.0001727, -0.0001364, -0.000176, -0.0002365, -0.00022, -0.0001606, -0.0001397, -0.00018150000000000002, -0.0002277, -0.0002211, -0.00018150000000000002, -0.0001397, -0.0001727, -0.0002266, -0.00022, -0.0001661, -0.0001397, -0.0001705, -0.0002266, -0.0002299, -0.0001694, -0.0001419, -0.0001738, -0.0002189, -0.0002354, -0.0001705, -0.0001364, -0.0001661, -0.0002255, -0.0002321, -0.0001727, -0.0001298, -0.0001628, -0.0002288, -0.0002332, -0.0001716, -0.0001353, -0.0001661, -0.0002299, -0.0002299, -0.0001683, -0.0001353, -0.0001727, -0.0002244, -0.0002266, -0.000165, -0.0001419, -0.0001639, -0.0002321, -0.000231, -0.0001727, -0.0001331, -0.00017710000000000002, -0.0002255, -0.0002189, -0.0001727, -0.0001331, -0.00017820000000000002, -0.0002332, -0.0002299, -0.00017930000000000002, -0.0001232, -0.0001672, -0.0002365, -0.0002321, -0.0001738, -0.000143, -0.0001749, -0.0002266, -0.0002321, -0.0001683, -0.0001419, -0.0001738, -0.0002255, -0.0002167, -0.0001661, -0.0001353, -0.0001727, -0.000231, -0.0002299, -0.000176, -0.0001419, -0.0001694, -0.0002343, -0.0002387, -0.00017710000000000002, -0.0001265, -0.0001705, -0.00022, -0.0002255, -0.00018040000000000002, -0.0001375, -0.0001727, -0.0002233, -0.0002288, -0.0001672, -0.0001276, -0.0001639, -0.0002288, -0.0002244, -0.0001738, -0.0001298, -0.00017710000000000002, -0.0002189, -0.0002222, -0.00018150000000000002, -0.0001419, -0.00017710000000000002, -0.0002266, -0.0002343, -0.0001716, -0.0001342, -0.0001738, -0.0002233, -0.0002376, -0.000176, -0.0001375, -0.0001683, -0.0002189, -0.0002376, -0.0001683, -0.0001364, -0.00018040000000000002, -0.0002321, -0.0002332, -0.0001716, -0.0001386, -0.0001683, -0.0002277, -0.0002233, -0.0001683, -0.0001364, -0.0001628, -0.0002211, -0.0002189, -0.000176, -0.0001287, -0.0001683, -0.0002365, -0.0002409, -0.000165, -0.0001342, -0.0001694, -0.0002365, -0.0002266, -0.0001705, -0.0001353, -0.0001639, -0.0002299, -0.0002244, -0.000176, -0.0001419, -0.00018260000000000002, -0.0002288, -0.000231, -0.0001661, -0.0001386, -0.0001617, -0.0002178, -0.0002266, -0.00018150000000000002, -0.0001342, -0.0001694, -0.0002354, -0.0002211, -0.00017710000000000002, -0.0001265, -0.0001683, -0.0002233, -0.0002277, -0.00018040000000000002, -0.0001463, -0.00017710000000000002, -0.0002277, -0.0002299, -0.0001716, -0.0001386, -0.0001595, -0.0002288, -0.0002233, -0.0001738, -0.0001419, -0.000165, -0.000231, -0.000231, -0.00018260000000000002, -0.0001408, -0.000176, -0.0002343, -0.000231, -0.0001716, -0.0001342, -0.0001716, -0.0002266, -0.0002288, -0.000176, -0.0001287, -0.0001716, -0.0002255, -0.0002354, -0.0001727, -0.0001353, -0.0001749, -0.0002321, -0.0002244, -0.0001716, -0.0001463, -0.0001694, -0.0002222, -0.0002321, -0.00017930000000000002, -0.0001331, -0.0001595, -0.0002409, -0.0002178, -0.0001749, -0.0001364, -0.00017930000000000002, -0.0002332, -0.0002233, -0.0001694, -0.0001375, -0.00017710000000000002, -0.0002189, -0.0002266, -0.0001716, -0.0001364, -0.00018150000000000002, -0.0002299, -0.0002244, -0.00017820000000000002, -0.0001364, -0.0001749, -0.0002299, -0.0002079, -0.00017930000000000002, -0.0001243, -0.0001716, -0.00022, -0.0002222, -0.0001727, -0.0001342, -0.00018260000000000002, -0.0002244, -0.0002299, -0.00017710000000000002, -0.0001287, -0.0001683, -0.0002255, -0.0002343, -0.0001694, -0.0001265, -0.0001683, -0.0002299, -0.0002321, -0.0001694, -0.000143, -0.0001738, -0.0002332, -0.0002233, -0.00017820000000000002, -0.0001408, -0.0001716, -0.0002354, -0.0002167, -0.0001727, -0.0001408, -0.000176, -0.0002277, -0.00022, -0.0001749, -0.0001375, -0.0001694, -0.0002255, -0.0002288, -0.0001716, -0.0001364, -0.00017820000000000002, -0.0002244, -0.0002255, -0.0001727, -0.0001309, -0.0001672, -0.0002233, -0.0002222, -0.0001716, -0.0001386, -0.0001672, -0.00022, -0.0002332, -0.0001738, -0.0001375, -0.0001606, -0.0002255, -0.0002266, -0.0001683, -0.0001309, -0.0001749, -0.0002288, -0.00022, -0.0001727, -0.0001353, -0.0001738, -0.0002233, -0.0002288, -0.000165, -0.0001353, -0.0001716, -0.0002222, -0.0002244, -0.0001628, -0.0001375, -0.0001661, -0.0002266, -0.0002233, -0.0001683, -0.0001375, -0.0001727, -0.0002244, -0.0002321, -0.00017930000000000002, -0.0001331, -0.00017710000000000002, -0.0002266, -0.0002266, -0.0001738, -0.0001287, -0.0001683, -0.0002233, -0.0002222, -0.00018370000000000002, -0.0001276, -0.0001727, -0.0002376, -0.0002222, -0.0001672, -0.0001243, -0.0001661, -0.0002299, -0.0002288, -0.0001694, -0.0001265, -0.0001749, -0.0002277, -0.0002233, -0.0001705, -0.0001353, -0.000165, -0.0002244, -0.0002365, -0.0001661, -0.0001353, -0.0001661, -0.0002255, -0.0002222, -0.00017820000000000002, -0.0001353, -0.000176, -0.0002255, -0.0002222, -0.00017710000000000002, -0.0001342, -0.00017710000000000002, -0.0002277, -0.0002321, -0.0001672, -0.0001298, -0.000165, -0.0002266, -0.0002266, -0.0001749, -0.000143, -0.0001694, -0.0002332, -0.000231, -0.0001683, -0.0001441, -0.0001716, -0.0002178, -0.0002266, -0.000165, -0.0001408, -0.0001694, -0.0002376, -0.00022, -0.0001727, -0.0001375, -0.0001639, -0.0002266, -0.0002288, -0.0001672, -0.0001375, -0.0001727, -0.0002365, -0.0002277, -0.00017930000000000002, -0.0001364, -0.0001694, -0.0002288, -0.0002266, -0.0001683, -0.0001419]","[0.000979, 0.0009130000000000001, 0.0005104, 0.00030250000000000003, 0.0005918000000000001, 0.0009669, 0.0009108, 0.0005093000000000001, 0.000308, 0.0006050000000000001, 0.0009581, 0.0009075, 0.0005137000000000001, 0.00031350000000000003, 0.0006017, 0.0009625, 0.0009130000000000001, 0.000506, 0.00030910000000000003, 0.0006171, 0.0009471000000000001, 0.0009119, 0.0005016, 0.00029810000000000004, 0.0005995, 0.0009658000000000001, 0.0009196, 0.0004917, 0.00030910000000000003, 0.000594, 0.0009669, 0.0009075, 0.0005071, 0.000308, 0.000616, 0.0009757, 0.0009086000000000001, 0.0005126, 0.00030030000000000004, 0.0006028, 0.0009570000000000001, 0.0009097, 0.0005016, 0.0003102, 0.0006050000000000001, 0.0009614000000000001, 0.0009086000000000001, 0.0005016, 0.0003036, 0.0006050000000000001, 0.0009735000000000001, 0.0009196, 0.0005082, 0.00030250000000000003, 0.0006061, 0.0009658000000000001, 0.0009086000000000001, 0.0005082, 0.000308, 0.0006083, 0.0009757, 0.0009152, 0.0005093000000000001, 0.0003036, 0.0005973, 0.0009592, 0.0009196, 0.0005159, 0.00030470000000000003, 0.0006006000000000001, 0.0009614000000000001, 0.0009097, 0.0005038, 0.00031350000000000003, 0.0006050000000000001, 0.0009603000000000001, 0.0009207000000000001, 0.0004961000000000001, 0.00030690000000000003, 0.0006149, 0.0009636, 0.0009075, 0.0005027, 0.0003036, 0.0005995, 0.0009746, 0.0009174000000000001, 0.0005027, 0.00031350000000000003, 0.0006061, 0.0009669, 0.0009097, 0.0005071, 0.000297, 0.0006072, 0.0009603000000000001, 0.0009152, 0.0005049000000000001, 0.00031790000000000003, 0.0006050000000000001, 0.0009559000000000001, 0.0009097, 0.0005082, 0.0003058, 0.0006094000000000001, 0.0009614000000000001, 0.0009185, 0.0005115, 0.00031570000000000003, 0.0005973, 0.000968, 0.0009207000000000001, 0.0005038, 0.00031350000000000003, 0.0006061, 0.0009592, 0.0009097, 0.0005027, 0.00030250000000000003, 0.0006072, 0.0009548, 0.0009031, 0.0005049000000000001, 0.0003058, 0.0005962000000000001, 0.0009713, 0.0009119, 0.0005049000000000001, 0.00030690000000000003, 0.0006094000000000001, 0.0009581, 0.0009097, 0.0005016, 0.0003058, 0.0005995, 0.0009636, 0.0009130000000000001, 0.0004983, 0.0003036, 0.0006006000000000001, 0.0009691000000000001, 0.0009108, 0.0005038, 0.00031130000000000003, 0.0006006000000000001, 0.0009713, 0.000902, 0.0005093000000000001, 0.00030690000000000003, 0.0006072, 0.0009746, 0.0009119, 0.0005071, 0.0003146, 0.0006017, 0.0009724, 0.0009031, 0.0005192, 0.0003058, 0.0006094000000000001, 0.0009647000000000001, 0.0009119, 0.0005049000000000001, 0.00029810000000000004, 0.0006039, 0.0009658000000000001, 0.0009064, 0.0005082, 0.00030910000000000003, 0.0006017, 0.000968, 0.0009196, 0.0005016, 0.0003036, 0.0006083, 0.0009713, 0.0009042000000000001, 0.0005126, 0.0002926, 0.0006094000000000001, 0.0009636, 0.000902, 0.0005082, 0.00031350000000000003, 0.0006039, 0.0009603000000000001, 0.0009108, 0.000495, 0.00030910000000000003, 0.0006116, 0.0009746, 0.0009141, 0.0005027, 0.0002948, 0.0006105, 0.0009614000000000001, 0.0009075, 0.0005148, 0.00030250000000000003, 0.0006171, 0.0009691000000000001, 0.0009152, 0.0004972, 0.00030470000000000003, 0.0006149, 0.0009702000000000001, 0.0009119, 0.0005071, 0.00029810000000000004, 0.0006083, 0.0009691000000000001, 0.0009119, 0.0004972, 0.00030470000000000003, 0.0006182000000000001, 0.0009647000000000001, 0.0009130000000000001, 0.0005016, 0.00030690000000000003, 0.0005962000000000001, 0.0009559000000000001, 0.0009053, 0.0005038, 0.00030470000000000003, 0.0006083, 0.0009647000000000001, 0.0009119, 0.0005027, 0.00030470000000000003, 0.0006050000000000001, 0.0009625, 0.0009108, 0.0004961000000000001, 0.00031130000000000003, 0.0006061, 0.0009658000000000001, 0.0009053, 0.0005005000000000001, 0.0003212, 0.0006061, 0.0009647000000000001, 0.0009053, 0.000495, 0.00031350000000000003, 0.0006149, 0.0009702000000000001, 0.0009075, 0.0005049000000000001, 0.0003014, 0.0006072, 0.000968, 0.0009064, 0.0005071, 0.00030030000000000004, 0.0006094000000000001, 0.0009592, 0.0009053, 0.0005038, 0.0003124, 0.0006127, 0.0009713, 0.0009108, 0.0005027, 0.0003036, 0.0005995, 0.0009603000000000001, 0.0009075, 0.0005115, 0.00029590000000000004, 0.0005973, 0.0009691000000000001, 0.0009086000000000001, 0.0004917, 0.000308, 0.0006017, 0.0009702000000000001, 0.0009119, 0.0004895, 0.00031130000000000003, 0.0006083, 0.0009647000000000001, 0.0009086000000000001, 0.000506, 0.00030690000000000003, 0.0006050000000000001, 0.0009647000000000001, 0.0009141, 0.0004939, 0.0003124, 0.0006083, 0.0009625, 0.0009064, 0.000495, 0.00030250000000000003, 0.0006116, 0.000968, 0.0009064, 0.0004983, 0.00031130000000000003, 0.0006083, 0.0009625, 0.0009031, 0.0005005000000000001, 0.00030250000000000003, 0.0006083, 0.0009603000000000001, 0.000902, 0.0005027, 0.000308, 0.0006083, 0.0009746, 0.0008987, 0.0004939, 0.000308, 0.0006083, 0.0009812, 0.000902, 0.0005049000000000001, 0.000308, 0.0006017, 0.0009636, 0.0009031, 0.0005049000000000001, 0.000297, 0.0005984, 0.0009636, 0.0009130000000000001, 0.0004961000000000001, 0.0003124, 0.0006039, 0.0009603000000000001, 0.000902, 0.0004994, 0.00030470000000000003, 0.0006094000000000001, 0.0009691000000000001, 0.0009042000000000001, 0.0004939, 0.00030690000000000003, 0.0006050000000000001, 0.0009636, 0.0009053, 0.0005005000000000001, 0.00031350000000000003, 0.0005995, 0.0009669, 0.0009097, 0.0004961000000000001, 0.000308, 0.0006050000000000001, 0.0009713, 0.0008987, 0.000495, 0.000308, 0.0006094000000000001, 0.0009625, 0.0008899, 0.0004939, 0.0003168, 0.0006017, 0.0009603000000000001, 0.0008899, 0.0005038, 0.000308, 0.0006094000000000001, 0.0009614000000000001, 0.0009053, 0.0004862, 0.0003102, 0.0006138000000000001, 0.0009603000000000001, 0.0009042000000000001, 0.0004994, 0.000297, 0.0006083, 0.0009647000000000001, 0.0008965, 0.0004928, 0.0003102, 0.0006050000000000001, 0.000968, 0.000902, 0.0005071, 0.0003058, 0.0006072, 0.0009669, 0.0008987, 0.000506, 0.0003014, 0.0005973, 0.0009559000000000001, 0.0009141, 0.0005049000000000001, 0.0002992, 0.0006017, 0.0009636, 0.000902, 0.000495, 0.0003014, 0.0006039, 0.0009702000000000001, 0.000902, 0.0004983, 0.00029810000000000004, 0.0006072, 0.0009702000000000001, 0.0009097, 0.0005016, 0.0003058, 0.0006061, 0.0009647000000000001, 0.0009053, 0.0005049000000000001, 0.00031350000000000003, 0.0006050000000000001, 0.0009658000000000001, 0.0008965, 0.0005027, 0.0003102, 0.0006105, 0.0009735000000000001, 0.0009086000000000001, 0.0004972, 0.00030250000000000003, 0.0006050000000000001, 0.0009537, 0.0009042000000000001, 0.0004939, 0.00030250000000000003, 0.0006105, 0.0009768, 0.0008965, 0.0005027, 0.0003146, 0.0006094000000000001, 0.0009669, 0.000902, 0.0005005000000000001, 0.00030030000000000004, 0.0006105, 0.0009647000000000001, 0.0009031, 0.0005115, 0.00031790000000000003, 0.0006204, 0.0009702000000000001, 0.0009042000000000001, 0.0004862, 0.00030470000000000003, 0.0006149, 0.0009691000000000001, 0.0008954000000000001, 0.0005005000000000001, 0.00030250000000000003, 0.0006050000000000001, 0.0009537, 0.0008987, 0.0005016, 0.00030250000000000003, 0.0006149, 0.0009636, 0.0008943, 0.000495, 0.00030910000000000003, 0.0006138000000000001, 0.0009636, 0.0009064, 0.0005038, 0.0003124, 0.0006127, 0.0009702000000000001, 0.0009009, 0.0005016, 0.00030250000000000003, 0.0006083, 0.000968, 0.0009075, 0.0004873, 0.0003168, 0.0006127, 0.0009636, 0.0009086000000000001, 0.000495, 0.00030470000000000003, 0.0006050000000000001, 0.0009570000000000001, 0.0009009, 0.0004884, 0.0003058, 0.0006116, 0.000968, 0.0009031, 0.0004983, 0.0003058, 0.0006204, 0.0009592, 0.0009031, 0.0004917, 0.0003014]",-35
1,"[0.000154, 0.0001518, 7.81e-05, 2.4200000000000002e-05, 6.82e-05, 0.0001518, 0.0001595, 7.26e-05, 8.8e-06, 6.05e-05, 0.0001441, 0.0001496, 8.36e-05, 2.2e-05, 6.16e-05, 0.0001551, 0.0001485, 7.7e-05, 2.2e-05, 5.61e-05, 0.0001386, 0.0001474, 7.48e-05, 1.54e-05, 6.05e-05, 0.0001474, 0.0001408, 7.26e-05, 2.09e-05, 7.04e-05, 0.0001551, 0.0001573, 8.03e-05, 1.54e-05, 6.71e-05, 0.0001452, 0.0001397, 7.15e-05, 2.09e-05, 5.39e-05, 0.0001485, 0.0001452, 7.04e-05, 2.4200000000000002e-05, 6.05e-05, 0.0001386, 0.0001496, 6.82e-05, 1.65e-05, 5.94e-05, 0.0001397, 0.0001507, 8.14e-05, 1.98e-05, 5.39e-05, 0.0001397, 0.0001573, 7.92e-05, 2.64e-05, 5.94e-05, 0.0001496, 0.0001485, 6.6e-05, 1.76e-05, 5.83e-05, 0.0001386, 0.0001485, 7.81e-05, 2.75e-05, 6.71e-05, 0.0001342, 0.0001474, 7.48e-05, 1.54e-05, 7.15e-05, 0.0001573, 0.0001441, 7.92e-05, 1.65e-05, 6.49e-05, 0.0001485, 0.000143, 7.15e-05, 1.76e-05, 6.49e-05, 0.0001386, 0.0001518, 7.92e-05, 2.2e-05, 6.93e-05, 0.0001375, 0.0001463, 8.25e-05, 1.76e-05, 6.71e-05, 0.0001452, 0.0001595, 7.7e-05, 2.5300000000000002e-05, 6.27e-05, 0.0001485, 0.000143, 7.59e-05, 1.65e-05, 6.27e-05, 0.0001463, 0.0001562, 8.47e-05, 1.87e-05, 7.15e-05, 0.0001397, 0.0001452, 7.92e-05, 1.43e-05, 6.16e-05, 0.0001551, 0.0001496, 7.7e-05, 1.98e-05, 6.6e-05, 0.0001397, 0.0001452, 7.59e-05, 1.98e-05, 6.05e-05, 0.0001452, 0.0001408, 7.92e-05, 1.76e-05, 7.04e-05, 0.0001485, 0.0001474, 7.15e-05, 1.43e-05, 7.15e-05, 0.0001474, 0.000143, 7.04e-05, 1.54e-05, 7.37e-05, 0.0001507, 0.0001518, 7.59e-05, 1.43e-05, 6.05e-05, 0.000143, 0.000143, 7.26e-05, 1.54e-05, 7.37e-05, 0.0001419, 0.0001507, 7.37e-05, 2.3100000000000002e-05, 5.61e-05, 0.0001419, 0.0001463, 7.04e-05, 1.76e-05, 5.39e-05, 0.0001529, 0.0001485, 7.48e-05, 2.3100000000000002e-05, 7.37e-05, 0.0001441, 0.0001595, 7.26e-05, 1.98e-05, 5.72e-05, 0.0001496, 0.0001507, 7.37e-05, 2.4200000000000002e-05, 6.6e-05, 0.0001562, 0.000154, 8.8e-05, 1.54e-05, 6.6e-05, 0.0001408, 0.0001529, 7.04e-05, 1.1e-05, 6.93e-05, 0.000143, 0.0001419, 6.82e-05, 1.54e-05, 6.49e-05, 0.0001452, 0.0001507, 7.92e-05, 1.87e-05, 6.93e-05, 0.0001419, 0.0001562, 7.81e-05, 2.86e-05, 6.82e-05, 0.0001397, 0.0001573, 8.36e-05, 2.3100000000000002e-05, 6.93e-05, 0.0001408, 0.0001529, 6.6e-05, 2.75e-05, 6.71e-05, 0.000143, 0.0001463, 7.26e-05, 2.3100000000000002e-05, 6.71e-05, 0.0001397, 0.0001408, 7.04e-05, 1.32e-05, 6.82e-05, 0.0001386, 0.0001518, 6.93e-05, 2.3100000000000002e-05, 6.16e-05, 0.0001397, 0.0001452, 7.48e-05, 1.76e-05, 6.82e-05, 0.0001496, 0.0001518, 8.03e-05, 2.2e-05, 6.82e-05, 0.0001441, 0.0001419, 8.47e-05, 2.09e-05, 6.49e-05, 0.0001452, 0.0001419, 7.7e-05, 1.1e-05, 5.17e-05, 0.0001441, 0.0001441, 7.48e-05, 1.43e-05, 6.6e-05, 0.0001518, 0.0001463, 7.59e-05, 1.65e-05, 6.82e-05, 0.000143, 0.0001474, 7.7e-05, 1.54e-05, 5.72e-05, 0.0001397, 0.000154, 7.92e-05, 1.87e-05, 6.49e-05, 0.0001419, 0.0001551, 7.48e-05, 2.64e-05, 6.38e-05, 0.0001507, 0.0001529, 7.7e-05, 2.2e-05, 6.71e-05, 0.0001463, 0.000143, 7.26e-05, 1.65e-05, 5.5e-05, 0.0001419, 0.0001397, 7.37e-05, 2.4200000000000002e-05, 6.16e-05, 0.0001452, 0.0001452, 6.38e-05, 5.5e-06, 5.5e-05, 0.0001364, 0.0001507, 7.26e-05, 1.87e-05, 7.04e-05, 0.0001507, 0.0001551, 6.82e-05, 1.43e-05, 6.38e-05, 0.0001452, 0.0001474, 7.81e-05, 1.65e-05, 7.04e-05, 0.0001408, 0.000154, 7.26e-05, 1.65e-05, 6.93e-05, 0.0001496, 0.0001529, 7.7e-05, 1.98e-05, 6.16e-05, 0.0001496, 0.0001507, 6.93e-05, 2.3100000000000002e-05, 5.72e-05, 0.0001485, 0.0001496, 7.7e-05, 2.3100000000000002e-05, 7.48e-05, 0.0001463, 0.000154, 8.14e-05, 2.4200000000000002e-05, 7.81e-05, 0.0001441, 0.0001397, 7.7e-05, 1.43e-05, 6.49e-05, 0.0001419, 0.0001441, 6.93e-05, 2.09e-05, 5.94e-05, 0.0001331, 0.0001518, 6.16e-05, 1.54e-05, 6.05e-05, 0.0001342, 0.0001573, 6.71e-05, 2.4200000000000002e-05, 6.82e-05, 0.0001353, 0.0001518, 7.92e-05, 1.1e-05, 5.5e-05, 0.0001375, 0.0001375, 7.26e-05, 1.1e-05, 5.83e-05, 0.0001496, 0.0001584, 6.71e-05, 1.2100000000000001e-05, 5.94e-05, 0.000132, 0.0001463, 8.14e-05, 1.54e-05, 6.16e-05, 0.0001419, 0.0001518, 8.25e-05, 1.76e-05, 7.04e-05, 0.0001452, 0.0001584, 8.58e-05, 2.3100000000000002e-05, 6.49e-05, 0.0001441, 0.0001474, 7.15e-05, 1.76e-05, 6.93e-05, 0.0001452, 0.0001386, 6.49e-05, 2.2e-05, 6.27e-05, 0.0001463, 0.0001518, 7.48e-05, 9.9e-06, 5.83e-05, 0.000143, 0.0001518, 7.81e-05, 1.76e-05, 5.83e-05, 0.0001419, 0.0001573, 7.26e-05, 1.87e-05, 6.05e-05, 0.0001397, 0.0001606, 6.93e-05, 2.75e-05, 7.15e-05, 0.000143, 0.0001463, 7.59e-05, 1.98e-05, 5.39e-05, 0.0001496, 0.0001485, 6.6e-05, 1.98e-05, 7.04e-05, 0.0001397, 0.0001386, 7.26e-05, 1.98e-05, 6.38e-05, 0.0001452, 0.0001529, 7.26e-05, 2.2e-05, 6.05e-05, 0.0001331, 0.0001452, 6.82e-05, 1.2100000000000001e-05, 5.72e-05, 0.000132, 0.0001452, 7.04e-05, 1.87e-05, 6.6e-05, 0.0001298, 0.0001342, 7.48e-05, 1.76e-05, 6.93e-05, 0.0001342, 0.0001419, 7.15e-05, 1.87e-05, 4.7300000000000005e-05, 0.0001331, 0.0001507, 6.27e-05, 1.43e-05, 7.04e-05, 0.0001518, 0.0001507, 6.71e-05, 7.7e-06, 5.72e-05, 0.0001518, 0.000154, 7.04e-05, 2.64e-05, 6.82e-05, 0.0001441, 0.0001441, 7.59e-05, 1.87e-05, 6.82e-05, 0.0001507, 0.0001507, 6.71e-05, 1.76e-05, 5.72e-05, 0.0001507, 0.0001529, 6.27e-05, 1.2100000000000001e-05, 7.15e-05, 0.0001452, 0.0001496, 7.48e-05, 1.76e-05, 5.5e-05, 0.0001419, 0.0001518, 7.81e-05, 1.54e-05, 6.6e-05, 0.0001298, 0.0001386, 6.93e-05, 7.7e-06, 5.72e-05, 0.0001408, 0.0001507, 7.26e-05, 3.19e-05]","[-0.0002244, -0.0002321, -0.000176, -0.0001276, -0.0001672, -0.0002244, -0.0002277, -0.0001595, -0.0001386, -0.00017710000000000002, -0.0002266, -0.0002255, -0.0001705, -0.000132, -0.0001694, -0.0002321, -0.0002156, -0.00017710000000000002, -0.0001309, -0.000176, -0.0002211, -0.0002299, -0.0001661, -0.0001364, -0.0001683, -0.0002222, -0.0002222, -0.0001727, -0.0001364, -0.00017820000000000002, -0.0002332, -0.00022, -0.00017820000000000002, -0.0001419, -0.0001683, -0.0002277, -0.0002255, -0.0001738, -0.0001342, -0.00018150000000000002, -0.0002288, -0.0002288, -0.0001628, -0.0001364, -0.000176, -0.0002167, -0.00022, -0.0001705, -0.0001364, -0.0001661, -0.0002222, -0.0002343, -0.0001683, -0.0001276, -0.00017820000000000002, -0.0002277, -0.0002321, -0.0001683, -0.0001298, -0.0001749, -0.0002288, -0.0002266, -0.000165, -0.0001232, -0.0001738, -0.0002244, -0.000231, -0.0001738, -0.0001474, -0.0001661, -0.0002343, -0.0002277, -0.00017820000000000002, -0.0001309, -0.000165, -0.0002277, -0.0002211, -0.00017710000000000002, -0.0001507, -0.0001661, -0.0002354, -0.0002365, -0.0001672, -0.0001364, -0.0001683, -0.0002167, -0.0002266, -0.000176, -0.0001364, -0.00018040000000000002, -0.0002288, -0.0002299, -0.0001661, -0.0001265, -0.0001727, -0.0002178, -0.0002266, -0.0001628, -0.0001309, -0.00017820000000000002, -0.00022, -0.0002376, -0.0001672, -0.0001386, -0.0001749, -0.000231, -0.00022, -0.0001738, -0.000143, -0.0001738, -0.0002354, -0.0002211, -0.0001727, -0.0001342, -0.0001694, -0.0002244, -0.0002222, -0.00018040000000000002, -0.0001309, -0.0001694, -0.0002354, -0.0002288, -0.0001705, -0.0001254, -0.0001694, -0.0002233, -0.0002288, -0.0001738, -0.0001331, -0.0001716, -0.0002244, -0.0002244, -0.0001749, -0.0001298, -0.0001683, -0.0002288, -0.0002266, -0.0001727, -0.0001342, -0.00017820000000000002, -0.0002266, -0.0002277, -0.0001639, -0.0001353, -0.0001639, -0.0002233, -0.0002255, -0.00018150000000000002, -0.0001309, -0.00017710000000000002, -0.000231, -0.0002233, -0.0001672, -0.0001364, -0.0001716, -0.0002266, -0.0002266, -0.0001694, -0.0001408, -0.0001727, -0.0002288, -0.0002266, -0.0001683, -0.0001342, -0.00017820000000000002, -0.0002233, -0.00022, -0.0001705, -0.0001397, -0.00018040000000000002, -0.0002233, -0.0002332, -0.0001639, -0.0001342, -0.0001727, -0.0002211, -0.0002343, -0.0001716, -0.0001408, -0.0001716, -0.0002288, -0.0002332, -0.0001749, -0.0001375, -0.000176, -0.0002233, -0.0002321, -0.0001716, -0.0001353, -0.0001716, -0.000231, -0.00022, -0.0001738, -0.0001397, -0.000176, -0.0002233, -0.0002343, -0.0001661, -0.0001353, -0.000176, -0.0002288, -0.0002354, -0.0001749, -0.0001408, -0.0001683, -0.0002332, -0.0002266, -0.0001672, -0.0001452, -0.0001694, -0.0002332, -0.000231, -0.0001584, -0.0001364, -0.0001705, -0.0002244, -0.0002233, -0.0001694, -0.0001386, -0.0001694, -0.0002156, -0.0002365, -0.0001705, -0.0001364, -0.0001694, -0.0002189, -0.0002244, -0.0001705, -0.0001463, -0.0001661, -0.0002266, -0.0002266, -0.0001716, -0.0001331, -0.0001639, -0.0002233, -0.0002343, -0.0001672, -0.0001331, -0.00018370000000000002, -0.0002266, -0.0002244, -0.0001617, -0.0001386, -0.0001749, -0.0002211, -0.0002255, -0.0001683, -0.0001331, -0.00018150000000000002, -0.0002211, -0.0002233, -0.0001738, -0.0001386, -0.0001683, -0.0002321, -0.0002233, -0.0001694, -0.0001232, -0.0001716, -0.0002299, -0.0002332, -0.0001716, -0.0001463, -0.00018040000000000002, -0.0002255, -0.0002211, -0.0001738, -0.0001397, -0.000176, -0.0002266, -0.0002211, -0.0001705, -0.0001364, -0.0001738, -0.0002189, -0.0002277, -0.0001716, -0.0001342, -0.00018150000000000002, -0.0002222, -0.0002233, -0.000165, -0.0001364, -0.0001749, -0.0002233, -0.0002233, -0.0001617, -0.0001298, -0.0001694, -0.0002376, -0.0002288, -0.0001672, -0.0001298, -0.0001716, -0.0002233, -0.0002156, -0.0001628, -0.0001276, -0.00018150000000000002, -0.0002332, -0.0002244, -0.0001749, -0.0001309, -0.0001716, -0.0002332, -0.0002288, -0.0001749, -0.0001386, -0.0001727, -0.0002255, -0.0002255, -0.0001694, -0.0001287, -0.0001683, -0.0002178, -0.0002211, -0.0001694, -0.0001408, -0.00017930000000000002, -0.0002321, -0.0002222, -0.0001749, -0.0001375, -0.00017820000000000002, -0.000231, -0.0002266, -0.000165, -0.0001397, -0.0001738, -0.0002321, -0.0002288, -0.0001617, -0.0001353, -0.0001749, -0.0002167, -0.0002189, -0.0001683, -0.0001375, -0.00017820000000000002, -0.0002299, -0.0002211, -0.000165, -0.0001364, -0.00017820000000000002, -0.0002178, -0.0002222, -0.0001661, -0.000132, -0.0001661, -0.0002299, -0.00022, -0.0001672, -0.0001375, -0.00017710000000000002, -0.0002299, -0.0002244, -0.0001694, -0.0001298, -0.00017820000000000002, -0.0002277, -0.0002222, -0.0001551, -0.0001276, -0.0001716, -0.0002266, -0.0002211, -0.000165, -0.0001408, -0.00017710000000000002, -0.0002255, -0.0002244, -0.0001694, -0.0001397, -0.0001738, -0.0002222, -0.0002211, -0.0001738, -0.000132, -0.00018040000000000002, -0.0002255, -0.0002178, -0.0001749, -0.0001408, -0.0001672, -0.00022, -0.0002211, -0.0001705, -0.0001342, -0.00017820000000000002, -0.0002299, -0.0002299, -0.0001639, -0.0001298, -0.0001727, -0.0002233, -0.0002255, -0.0001705, -0.0001386, -0.0001749, -0.0002376, -0.00022, -0.0001683, -0.0001353, -0.00018150000000000002, -0.0002211, -0.0002189, -0.0001749, -0.0001353, -0.0001727, -0.0002233, -0.0002255, -0.0001738, -0.0001375, -0.00017710000000000002, -0.0002288, -0.0002299, -0.0001661, -0.0001331, -0.0001727, -0.000231, -0.0002255, -0.0001595, -0.0001364, -0.00018040000000000002, -0.0002321, -0.000231, -0.0001683, -0.0001375, -0.00017820000000000002, -0.0002277, -0.0002321, -0.0001628, -0.0001309, -0.00018040000000000002, -0.000231, -0.0002222, -0.0001672, -0.0001298, -0.00017820000000000002, -0.0002332, -0.0002299, -0.0001683, -0.0001331, -0.00017710000000000002, -0.0002277, -0.0002222, -0.0001716, -0.0001353, -0.0001639, -0.0002266, -0.00022, -0.0001617, -0.0001386, -0.0001727, -0.0002211, -0.0002189, -0.0001694, -0.0001331, -0.0001639, -0.0002288, -0.0002233, -0.000165, -0.0001331, -0.0001705, -0.0002167, -0.0002288, -0.0001727, -0.0001419, -0.00017820000000000002, -0.0002211, -0.0002233, -0.000176, -0.0001386, -0.0001661, -0.0002211, -0.0002222, -0.00017930000000000002, -0.0001364, -0.0001694, -0.0002288, -0.0002288, -0.0001694, -0.0001331, -0.0001672, -0.0002222, -0.0002222, -0.0001573, -0.0001441, -0.000176, -0.0002222, -0.00022, -0.0001705, -0.0001265, -0.0001661, -0.0002266, -0.0002222, -0.0001661, -0.0001342]","[0.0009735000000000001, 0.0008954000000000001, 0.0004906, 0.00030910000000000003, 0.0006182000000000001, 0.0009713, 0.000902, 0.0004873, 0.00030470000000000003, 0.0006171, 0.0009669, 0.0008943, 0.0004873, 0.00030030000000000004, 0.0006149, 0.0009647000000000001, 0.0008921000000000001, 0.00048070000000000003, 0.00030470000000000003, 0.0006171, 0.0009702000000000001, 0.0008855, 0.00048290000000000003, 0.000308, 0.0006182000000000001, 0.0009526000000000001, 0.0008987, 0.00047850000000000003, 0.0002992, 0.0006138000000000001, 0.000968, 0.0008965, 0.0004862, 0.0003058, 0.000616, 0.000968, 0.00088, 0.0004796, 0.0003168, 0.0006171, 0.0009702000000000001, 0.0008811, 0.0004862, 0.0003146, 0.0006281, 0.0009603000000000001, 0.0008921000000000001, 0.0004939, 0.00031130000000000003, 0.0006072, 0.0009713, 0.0008965, 0.0004818, 0.00031570000000000003, 0.0006182000000000001, 0.0009636, 0.0008866000000000001, 0.00048290000000000003, 0.0003124, 0.0006182000000000001, 0.0009669, 0.0009031, 0.0004873, 0.0003014, 0.0006171, 0.0009658000000000001, 0.0008987, 0.00048070000000000003, 0.00031790000000000003, 0.0006248, 0.0009713, 0.0008855, 0.0004873, 0.00030910000000000003, 0.0006193, 0.0009636, 0.0008811, 0.000495, 0.00030910000000000003, 0.0006127, 0.0009702000000000001, 0.0008921000000000001, 0.00048290000000000003, 0.00031570000000000003, 0.0006204, 0.0009702000000000001, 0.0008899, 0.00048290000000000003, 0.00031350000000000003, 0.0006248, 0.0009702000000000001, 0.0008910000000000001, 0.0004862, 0.00031350000000000003, 0.0006204, 0.0009724, 0.0009009, 0.00048070000000000003, 0.0003102, 0.0006072, 0.0009625, 0.000902, 0.0004862, 0.0003124, 0.0006259, 0.0009702000000000001, 0.0008877000000000001, 0.0004873, 0.0003014, 0.000616, 0.0009691000000000001, 0.0008866000000000001, 0.0004796, 0.0003014, 0.0006270000000000001, 0.0009713, 0.0008921000000000001, 0.0004774, 0.0003168, 0.0006237, 0.0009812, 0.0008932, 0.00048510000000000003, 0.0003102, 0.0006105, 0.0009592, 0.0008954000000000001, 0.0004774, 0.00029810000000000004, 0.0006149, 0.0009658000000000001, 0.0008822000000000001, 0.0004895, 0.0003036, 0.0006226000000000001, 0.0009658000000000001, 0.0008866000000000001, 0.000484, 0.0002992, 0.0006325, 0.0009647000000000001, 0.0008910000000000001, 0.00047630000000000003, 0.0003014, 0.0006215, 0.0009702000000000001, 0.0008921000000000001, 0.00047850000000000003, 0.0003058, 0.0006182000000000001, 0.0009559000000000001, 0.0008844, 0.0004752, 0.00030250000000000003, 0.0006237, 0.0009669, 0.0008877000000000001, 0.0004796, 0.0003102, 0.0006336, 0.0009592, 0.00088, 0.0004906, 0.0002992, 0.0006215, 0.0009636, 0.0008877000000000001, 0.0004818, 0.00031350000000000003, 0.0006215, 0.0009724, 0.0008844, 0.0004774, 0.000308, 0.0006292, 0.0009581, 0.0008844, 0.0004895, 0.00031350000000000003, 0.0006204, 0.0009713, 0.00088, 0.0004873, 0.00031130000000000003, 0.0006237, 0.0009691000000000001, 0.00088, 0.000484, 0.00031350000000000003, 0.0006182000000000001, 0.0009647000000000001, 0.0008844, 0.0004818, 0.0003036, 0.0006226000000000001, 0.0009691000000000001, 0.0008844, 0.0004774, 0.0003036, 0.0006303, 0.0009735000000000001, 0.0008877000000000001, 0.0004884, 0.0003102, 0.0006248, 0.0009669, 0.0008899, 0.0004884, 0.00030690000000000003, 0.0006248, 0.0009702000000000001, 0.0008899, 0.0004862, 0.0003124, 0.0006237, 0.0009691000000000001, 0.0008877000000000001, 0.0004928, 0.0003168, 0.0006226000000000001, 0.000968, 0.0008976, 0.00047630000000000003, 0.000308, 0.0006138000000000001, 0.000968, 0.0008899, 0.0004884, 0.0003036, 0.0006226000000000001, 0.0009702000000000001, 0.0008954000000000001, 0.00047410000000000003, 0.00030690000000000003, 0.0006149, 0.0009625, 0.0008888, 0.0004796, 0.0003036, 0.000616, 0.0009603000000000001, 0.0008844, 0.0004796, 0.000308, 0.0006259, 0.0009713, 0.0008899, 0.0004873, 0.00030690000000000003, 0.0006270000000000001, 0.000968, 0.0008910000000000001, 0.0004664, 0.00030690000000000003, 0.0006248, 0.0009636, 0.0008877000000000001, 0.00048290000000000003, 0.00030910000000000003, 0.0006226000000000001, 0.0009702000000000001, 0.0008899, 0.0004774, 0.0003014, 0.0006292, 0.0009570000000000001, 0.0008932, 0.00048070000000000003, 0.00030910000000000003, 0.0006237, 0.000968, 0.0008899, 0.0004862, 0.00030910000000000003, 0.0006248, 0.0009724, 0.0008833000000000001, 0.000484, 0.0003058, 0.0006281, 0.0009768, 0.0008844, 0.0004884, 0.0003058, 0.0006259, 0.0009658000000000001, 0.0008943, 0.0004862, 0.00030910000000000003, 0.0006204, 0.0009669, 0.0008888, 0.0004796, 0.0003036, 0.0006292, 0.0009724, 0.0008921000000000001, 0.0004917, 0.0003124, 0.0006226000000000001, 0.0009614000000000001, 0.0008932, 0.00048070000000000003, 0.0002992, 0.0006149, 0.0009658000000000001, 0.0008921000000000001, 0.0004796, 0.00030910000000000003, 0.0006215, 0.0009658000000000001, 0.0008855, 0.0004708, 0.0003124, 0.0006347000000000001, 0.0009735000000000001, 0.0008899, 0.00048290000000000003, 0.00031790000000000003, 0.0006259, 0.0009713, 0.0008943, 0.00047630000000000003, 0.000308, 0.0006270000000000001, 0.0009636, 0.0008866000000000001, 0.0004862, 0.0003014, 0.0006259, 0.0009669, 0.0008756, 0.0004774, 0.000308, 0.0006314000000000001, 0.0009537, 0.0008855, 0.00048070000000000003, 0.000308, 0.0006028, 0.0009647000000000001, 0.0008888, 0.0004862, 0.00030910000000000003, 0.0006237, 0.0009669, 0.0008855, 0.0004752, 0.000308, 0.000616, 0.0009713, 0.0008877000000000001, 0.00047630000000000003, 0.0003036, 0.0006281, 0.0009570000000000001, 0.0008877000000000001, 0.0004774, 0.000308, 0.0006204, 0.000968, 0.0008921000000000001, 0.00047410000000000003, 0.0003124, 0.0006127, 0.0009614000000000001, 0.0008789000000000001, 0.000495, 0.0003036, 0.0006237, 0.0009603000000000001, 0.0008866000000000001, 0.00048290000000000003, 0.00029590000000000004, 0.0006347000000000001, 0.0009559000000000001, 0.0008734000000000001, 0.00047850000000000003, 0.0003014, 0.0006182000000000001, 0.0009581, 0.0008855, 0.0004796, 0.0003102, 0.0006325, 0.0009625, 0.0008855, 0.0004774, 0.0003014, 0.0006270000000000001, 0.0009581, 0.0009042000000000001, 0.00047850000000000003, 0.00030690000000000003, 0.0006292, 0.0009636, 0.0008844, 0.0004752, 0.0003146, 0.0006259, 0.0009647000000000001, 0.0008910000000000001, 0.00047850000000000003, 0.00029810000000000004, 0.0006193, 0.0009658000000000001, 0.0008888, 0.00048070000000000003, 0.000308, 0.0006204, 0.0009669, 0.0008745000000000001, 0.000473, 0.00030250000000000003, 0.0006237, 0.0009691000000000001, 0.0008921000000000001, 0.00048290000000000003, 0.0003124, 0.0006083, 0.0009713, 0.0008866000000000001, 0.0004906, 0.000308, 0.0006149, 0.0009669, 0.0008811, 0.00048070000000000003, 0.00030250000000000003, 0.0006303, 0.0009636, 0.0008877000000000001, 0.00047190000000000003, 0.00030250000000000003, 0.0006270000000000001, 0.0009625, 0.0008910000000000001, 0.00047410000000000003, 0.00031350000000000003, 0.0006182000000000001, 0.0009636, 0.0008789000000000001, 0.0004752, 0.0003014, 0.000616, 0.0009603000000000001, 0.0008811, 0.000473, 0.0003124, 0.0006281, 0.0009581, 0.0008844, 0.00046750000000000003, 0.00030910000000000003, 0.0006237, 0.0009669, 0.0008965, 0.0004708, 0.0003058, 0.0006193, 0.0009581, 0.0008822000000000001, 0.00047850000000000003, 0.0003146, 0.0006226000000000001, 0.0009669, 0.0008866000000000001, 0.00046750000000000003, 0.00030910000000000003, 0.0006204, 0.0009801, 0.0008899, 0.00048290000000000003, 0.00030690000000000003, 0.0006083, 0.0009669, 0.0008789000000000001, 0.0004774, 0.000308, 0.0006171, 0.000968, 0.0008734000000000001, 0.00047630000000000003, 0.00030690000000000003, 0.0006314000000000001, 0.0009768, 0.0008844, 0.000473, 0.0003058, 0.0006259, 0.000968, 0.0008877000000000001, 0.00047630000000000003, 0.0003014, 0.0006281, 0.0009603000000000001, 0.0008866000000000001, 0.00047190000000000003, 0.000308]",-34
2,"[6.05e-05, 0.000154, 0.0001507, 6.05e-05, 1.65e-05, 6.05e-05, 0.0001419, 0.0001518, 7.48e-05, 1.98e-05, 6.27e-05, 0.0001441, 0.0001408, 5.5e-05, 1.98e-05, 5.5e-05, 0.0001397, 0.0001408, 6.93e-05, 1.65e-05, 5.39e-05, 0.0001397, 0.0001463, 6.71e-05, 1.76e-05, 6.71e-05, 0.0001518, 0.0001485, 7.37e-05, 1.43e-05, 7.48e-05, 0.0001452, 0.0001452, 7.59e-05, 1.65e-05, 6.16e-05, 0.0001419, 0.000143, 7.15e-05, 1.65e-05, 6.82e-05, 0.000154, 0.0001419, 6.82e-05, 2.09e-05, 6.27e-05, 0.0001419, 0.0001364, 6.16e-05, 1.98e-05, 6.49e-05, 0.0001408, 0.0001474, 7.37e-05, 2.2e-05, 6.6e-05, 0.0001353, 0.0001452, 6.27e-05, 1.98e-05, 6.38e-05, 0.0001474, 0.0001397, 6.71e-05, 2.64e-05, 6.05e-05, 0.0001441, 0.0001562, 7.15e-05, 2.5300000000000002e-05, 6.71e-05, 0.0001397, 0.0001441, 6.6e-05, 2.2e-05, 6.93e-05, 0.0001331, 0.000143, 6.49e-05, 1.87e-05, 7.15e-05, 0.0001474, 0.0001474, 6.49e-05, 2.09e-05, 5.72e-05, 0.0001408, 0.0001397, 5.83e-05, 1.98e-05, 6.16e-05, 0.0001419, 0.000132, 6.93e-05, 1.65e-05, 7.59e-05, 0.0001496, 0.0001474, 6.16e-05, 1.76e-05, 6.16e-05, 0.0001375, 0.0001452, 7.04e-05, 2.09e-05, 7.15e-05, 0.0001463, 0.0001452, 7.48e-05, 1.65e-05, 6.93e-05, 0.0001507, 0.0001419, 6.27e-05, 1.2100000000000001e-05, 6.6e-05, 0.0001375, 0.0001364, 7.04e-05, 1.76e-05, 6.27e-05, 0.000154, 0.0001353, 7.04e-05, 1.98e-05, 8.03e-05, 0.0001353, 0.0001463, 6.71e-05, 2.09e-05, 6.6e-05, 0.0001386, 0.0001474, 6.49e-05, 1.2100000000000001e-05, 5.94e-05, 0.0001474, 0.0001529, 6.82e-05, 1.76e-05, 7.81e-05, 0.0001419, 0.000143, 7.26e-05, 1.65e-05, 6.38e-05, 0.0001408, 0.0001419, 7.37e-05, 8.8e-06, 6.71e-05, 0.0001452, 0.0001441, 6.82e-05, 2.4200000000000002e-05, 7.26e-05, 0.0001507, 0.0001562, 7.04e-05, 2.75e-05, 6.38e-05, 0.000154, 0.0001375, 7.37e-05, 1.2100000000000001e-05, 6.27e-05, 0.0001496, 0.0001496, 6.49e-05, 1.43e-05, 6.93e-05, 0.0001419, 0.0001375, 7.04e-05, 2.2e-05, 6.93e-05, 0.000143, 0.0001485, 7.15e-05, 1.1e-05, 7.48e-05, 0.0001463, 0.0001452, 7.15e-05, 1.54e-05, 6.93e-05, 0.0001441, 0.0001441, 6.93e-05, 1.1e-05, 7.04e-05, 0.0001474, 0.0001364, 7.04e-05, 1.1e-05, 6.27e-05, 0.0001419, 0.0001441, 6.6e-05, 1.2100000000000001e-05, 6.93e-05, 0.0001408, 0.0001441, 7.15e-05, 1.1e-05, 7.04e-05, 0.0001397, 0.0001485, 6.82e-05, 2.64e-05, 6.38e-05, 0.000143, 0.0001419, 6.93e-05, 1.2100000000000001e-05, 6.71e-05, 0.0001364, 0.0001397, 6.82e-05, 1.65e-05, 6.49e-05, 0.0001408, 0.0001441, 6.16e-05, 1.43e-05, 6.49e-05, 0.0001364, 0.0001496, 6.6e-05, 1.54e-05, 6.16e-05, 0.0001529, 0.0001474, 6.38e-05, 1.87e-05, 6.6e-05, 0.0001408, 0.0001507, 6.49e-05, 1.76e-05, 7.37e-05, 0.0001441, 0.0001419, 7.37e-05, 1.54e-05, 7.26e-05, 0.0001463, 0.000143, 5.5e-05, 1.87e-05, 6.05e-05, 0.0001452, 0.0001529, 7.37e-05, 1.43e-05, 6.49e-05, 0.0001518, 0.000143, 7.26e-05, 2.3100000000000002e-05, 6.49e-05, 0.0001441, 0.0001408, 7.48e-05, 1.1e-05, 7.37e-05, 0.0001452, 0.000143, 6.49e-05, 1.65e-05, 6.71e-05, 0.0001463, 0.0001485, 6.49e-05, 1.54e-05, 6.71e-05, 0.0001386, 0.0001452, 5.61e-05, 1.87e-05, 6.38e-05, 0.0001573, 0.000143, 7.26e-05, 8.8e-06, 6.82e-05, 0.0001364, 0.0001452, 6.49e-05, 1.43e-05, 6.49e-05, 0.0001386, 0.0001474, 5.94e-05, 2.09e-05, 6.05e-05, 0.0001408, 0.0001485, 7.81e-05, 1.76e-05, 7.04e-05, 0.0001452, 0.000143, 7.15e-05, 1.54e-05, 6.38e-05, 0.0001441, 0.0001551, 6.82e-05, 5.5e-06, 6.49e-05, 0.0001331, 0.0001496, 6.38e-05, 1.2100000000000001e-05, 6.49e-05, 0.0001408, 0.0001452, 7.15e-05, 1.54e-05, 6.93e-05, 0.0001474, 0.0001529, 7.37e-05, 1.1e-05, 6.05e-05, 0.000143, 0.000143, 6.16e-05, 1.32e-05, 6.49e-05, 0.0001331, 0.0001474, 6.38e-05, 1.2100000000000001e-05, 6.71e-05, 0.0001408, 0.000143, 7.59e-05, 1.1e-05, 5.72e-05, 0.0001562, 0.0001518, 6.71e-05, 1.98e-05, 6.05e-05, 0.0001364, 0.0001419, 6.05e-05, 1.87e-05, 6.71e-05, 0.0001386, 0.0001397, 7.26e-05, 1.98e-05, 6.27e-05, 0.0001485, 0.0001276, 5.83e-05, 1.54e-05, 7.15e-05, 0.0001529, 0.0001375, 6.16e-05, 1.43e-05, 5.94e-05, 0.0001463, 0.000154, 7.04e-05, 1.76e-05, 6.05e-05, 0.0001474, 0.0001408, 6.6e-05, 1.54e-05, 5.39e-05, 0.0001474, 0.0001397, 7.15e-05, 1.43e-05, 6.82e-05, 0.0001485, 0.0001485, 6.71e-05, 1.87e-05, 5.83e-05, 0.0001463, 0.0001507, 6.71e-05, 2.09e-05, 7.04e-05, 0.0001452, 0.0001397, 7.26e-05, 1.32e-05, 6.27e-05, 0.0001573, 0.0001474, 6.27e-05, 1.32e-05, 6.27e-05, 0.0001364, 0.0001496, 6.93e-05, 6.6e-06, 6.71e-05, 0.0001408, 0.0001386, 7.48e-05, 2.4200000000000002e-05, 6.82e-05, 0.000143, 0.0001518, 7.15e-05, 8.8e-06, 6.05e-05, 0.0001452, 0.000143, 7.48e-05, 2.86e-05, 5.61e-05, 0.0001463, 0.000143, 6.05e-05, 8.8e-06, 6.27e-05, 0.0001485, 0.0001375, 6.6e-05, 1.54e-05, 6.49e-05, 0.0001452, 0.0001463, 6.82e-05, 3.19e-05, 6.38e-05, 0.0001452, 0.0001408, 6.93e-05, 1.87e-05, 5.83e-05, 0.000143, 0.0001397, 7.15e-05, 1.65e-05, 6.16e-05, 0.0001496, 0.000154, 7.15e-05, 1.54e-05, 6.93e-05, 0.0001386, 0.0001529, 7.37e-05, 1.54e-05, 7.26e-05, 0.0001441, 0.0001331, 7.04e-05, 2.09e-05, 6.38e-05, 0.0001452, 0.0001518, 5.72e-05, 1.54e-05, 6.49e-05, 0.0001463, 0.0001441, 7.37e-05, 1.76e-05, 7.04e-05, 0.000143, 0.0001441, 6.93e-05, 2.64e-05, 7.48e-05, 0.0001463, 0.0001386, 7.48e-05, 9.9e-06, 7.04e-05, 0.0001463, 0.0001496, 6.71e-05, 1.87e-05, 6.6e-05, 0.0001375, 0.0001518, 5.83e-05, 2.64e-05, 7.48e-05, 0.0001375, 0.000143, 5.83e-05, 1.43e-05, 6.49e-05, 0.0001353, 0.0001386, 6.05e-05, 1.54e-05]","[-0.0001672, -0.0002255, -0.0002288, -0.0001672, -0.0001331, -0.0001727, -0.0002255, -0.0002299, -0.0001551, -0.0001408, -0.00017820000000000002, -0.0002266, -0.0002299, -0.0001661, -0.0001353, -0.0001716, -0.0002211, -0.0002288, -0.0001628, -0.0001386, -0.000176, -0.00022, -0.0002233, -0.0001606, -0.0001419, -0.00018480000000000002, -0.0002288, -0.0002233, -0.0001573, -0.000132, -0.0001716, -0.0002277, -0.0002222, -0.0001628, -0.0001287, -0.000176, -0.0002178, -0.0002211, -0.0001617, -0.000132, -0.0001683, -0.0002255, -0.000209, -0.0001672, -0.0001386, -0.000176, -0.0002255, -0.0002211, -0.0001639, -0.0001298, -0.0001738, -0.0002266, -0.0002255, -0.0001639, -0.0001397, -0.00017820000000000002, -0.0002321, -0.0002244, -0.0001716, -0.0001364, -0.0001683, -0.00022, -0.0002255, -0.0001683, -0.0001353, -0.0001749, -0.0002156, -0.000209, -0.0001694, -0.0001287, -0.00017710000000000002, -0.0002255, -0.0002222, -0.0001639, -0.0001419, -0.00017930000000000002, -0.0002211, -0.0002222, -0.0001672, -0.000132, -0.0001727, -0.0002277, -0.0002123, -0.000165, -0.0001276, -0.0001727, -0.0002277, -0.0002189, -0.0001617, -0.0001342, -0.00017820000000000002, -0.000231, -0.0002266, -0.0001683, -0.0001342, -0.0001727, -0.0002244, -0.0002233, -0.0001628, -0.0001331, -0.0001716, -0.0002167, -0.0002145, -0.0001683, -0.0001342, -0.0001716, -0.0002266, -0.0002222, -0.0001639, -0.0001177, -0.00018150000000000002, -0.0002288, -0.0002222, -0.0001595, -0.0001397, -0.00017820000000000002, -0.0002343, -0.0002255, -0.0001738, -0.0001265, -0.0001749, -0.0002332, -0.000209, -0.0001639, -0.0001342, -0.00018260000000000002, -0.0002233, -0.0002189, -0.0001694, -0.0001375, -0.0001738, -0.0002101, -0.0002112, -0.0001749, -0.0001364, -0.0001727, -0.0002244, -0.0002167, -0.0001551, -0.0001298, -0.0001738, -0.0002266, -0.0002123, -0.0001606, -0.0001254, -0.00019030000000000002, -0.00022, -0.0002145, -0.0001672, -0.0001463, -0.0001727, -0.0002244, -0.0002167, -0.0001606, -0.000132, -0.0001738, -0.0002266, -0.0002211, -0.0001584, -0.0001342, -0.000176, -0.0002332, -0.0002178, -0.0001683, -0.0001386, -0.00017710000000000002, -0.0002277, -0.0002266, -0.0001639, -0.0001353, -0.00017820000000000002, -0.0002156, -0.0002266, -0.0001639, -0.0001353, -0.0001749, -0.0002332, -0.0002167, -0.0001716, -0.0001364, -0.0001672, -0.0002211, -0.0002266, -0.0001628, -0.0001386, -0.00017710000000000002, -0.0002277, -0.0002167, -0.000165, -0.0001342, -0.00017710000000000002, -0.0002222, -0.00022, -0.0001661, -0.0001375, -0.00018370000000000002, -0.0002299, -0.0002266, -0.000165, -0.0001397, -0.0001727, -0.0002222, -0.00022, -0.0001606, -0.0001375, -0.000176, -0.0002321, -0.0002167, -0.000165, -0.0001298, -0.0001694, -0.0002321, -0.0002145, -0.0001705, -0.0001397, -0.00018040000000000002, -0.0002266, -0.0002145, -0.0001694, -0.0001276, -0.000176, -0.0002277, -0.0002167, -0.0001529, -0.0001298, -0.0001716, -0.0002266, -0.0002277, -0.0001595, -0.0001353, -0.0001672, -0.0002277, -0.0002244, -0.0001683, -0.0001309, -0.00017820000000000002, -0.0002277, -0.0002244, -0.0001573, -0.0001276, -0.0001727, -0.0002266, -0.0002167, -0.0001617, -0.0001386, -0.00018260000000000002, -0.0002233, -0.0002156, -0.0001606, -0.0001298, -0.00018590000000000002, -0.000231, -0.00022, -0.0001617, -0.0001353, -0.0001749, -0.0002211, -0.0002145, -0.0001639, -0.0001298, -0.000165, -0.0002222, -0.0002134, -0.00017820000000000002, -0.0001386, -0.00017930000000000002, -0.0002233, -0.0002321, -0.0001573, -0.0001441, -0.0001683, -0.0002266, -0.0002233, -0.000165, -0.0001419, -0.00017820000000000002, -0.0002343, -0.0002123, -0.0001639, -0.0001287, -0.0001705, -0.0002211, -0.0002156, -0.0001617, -0.0001331, -0.0001738, -0.0002222, -0.0002189, -0.0001617, -0.0001375, -0.00017930000000000002, -0.0002222, -0.0002299, -0.0001738, -0.0001353, -0.0001749, -0.0002299, -0.0002244, -0.0001551, -0.0001452, -0.0001683, -0.0002277, -0.0002222, -0.0001595, -0.0001375, -0.00017820000000000002, -0.0002343, -0.0002222, -0.000165, -0.0001298, -0.00017820000000000002, -0.0002244, -0.0002211, -0.0001694, -0.0001375, -0.0001727, -0.0002277, -0.0002167, -0.000165, -0.0001397, -0.0001749, -0.0002255, -0.000231, -0.0001485, -0.0001474, -0.000176, -0.0002354, -0.0002244, -0.0001694, -0.000143, -0.00018040000000000002, -0.0002266, -0.0002222, -0.0001551, -0.0001342, -0.0001705, -0.0002233, -0.0002288, -0.000165, -0.0001353, -0.0001738, -0.0002233, -0.0002189, -0.000165, -0.0001529, -0.000176, -0.0002277, -0.0002189, -0.000165, -0.0001331, -0.0001738, -0.0002244, -0.0002112, -0.0001628, -0.0001342, -0.00018480000000000002, -0.0002277, -0.0002299, -0.0001705, -0.0001298, -0.0001661, -0.0002277, -0.0002178, -0.0001661, -0.0001276, -0.0001716, -0.0002167, -0.0002222, -0.0001661, -0.0001408, -0.0001672, -0.0002277, -0.0002156, -0.000176, -0.0001419, -0.00017930000000000002, -0.0002354, -0.00022, -0.0001606, -0.0001375, -0.0001738, -0.0002376, -0.0002178, -0.0001672, -0.000143, -0.00017930000000000002, -0.0002299, -0.0002222, -0.0001727, -0.0001364, -0.00017710000000000002, -0.0002266, -0.00022, -0.0001661, -0.0001364, -0.000176, -0.0002343, -0.0002211, -0.0001628, -0.0001353, -0.00017710000000000002, -0.0002277, -0.0002255, -0.0001661, -0.000132, -0.00017930000000000002, -0.0002211, -0.0002211, -0.0001716, -0.0001309, -0.00018260000000000002, -0.000231, -0.0002222, -0.0001639, -0.0001298, -0.00018260000000000002, -0.0002222, -0.0002255, -0.0001705, -0.0001298, -0.00017710000000000002, -0.0002354, -0.0002167, -0.0001639, -0.0001397, -0.00017710000000000002, -0.0002233, -0.0002266, -0.000165, -0.0001408, -0.0001683, -0.0002288, -0.0002211, -0.0001573, -0.0001375, -0.0001672, -0.000231, -0.0002222, -0.0001694, -0.0001463, -0.0001749, -0.0002156, -0.0002145, -0.0001639, -0.0001342, -0.00018260000000000002, -0.000231, -0.0002266, -0.0001661, -0.0001353, -0.0001705, -0.000231, -0.0002178, -0.0001584, -0.0001298, -0.00017930000000000002, -0.0002123, -0.0002244, -0.0001573, -0.0001386, -0.00018480000000000002, -0.0002156, -0.0002167, -0.0001507, -0.000143, -0.0001738, -0.0002189, -0.0002299, -0.000165, -0.0001408, -0.00018260000000000002, -0.0002277, -0.0002222, -0.0001683, -0.0001441, -0.00017930000000000002, -0.0002244, -0.0002266, -0.0001705, -0.0001309, -0.00018150000000000002, -0.0002321, -0.0002288, -0.000165, -0.0001474, -0.0001749, -0.0002332, -0.0002244, -0.0001617, -0.0001452, -0.00018370000000000002, -0.0002211, -0.00022, -0.0001617, -0.0001331, -0.0001716, -0.0002332, -0.0002277, -0.0001705, -0.0001309]","[0.000638, 0.000968, 0.0008767, 0.000473, 0.00031570000000000003, 0.0006292, 0.0009625, 0.00088, 0.00047410000000000003, 0.0003014, 0.0006259, 0.0009592, 0.0008690000000000001, 0.00046310000000000004, 0.00030470000000000003, 0.0006270000000000001, 0.0009691000000000001, 0.0008712, 0.000462, 0.00031350000000000003, 0.0006391000000000001, 0.0009614000000000001, 0.0008679, 0.0004576, 0.00031570000000000003, 0.0006204, 0.0009636, 0.0008723, 0.0004686, 0.00030910000000000003, 0.0006347000000000001, 0.0009614000000000001, 0.0008767, 0.000462, 0.00031130000000000003, 0.0006402000000000001, 0.0009724, 0.0008613000000000001, 0.00046310000000000004, 0.0003036, 0.0006303, 0.0009603000000000001, 0.00088, 0.0004686, 0.00030470000000000003, 0.0006248, 0.0009592, 0.0008646000000000001, 0.0004642, 0.0003036, 0.0006369, 0.0009669, 0.0008734000000000001, 0.000451, 0.00030910000000000003, 0.0006336, 0.0009669, 0.0008723, 0.00046310000000000004, 0.0003168, 0.0006314000000000001, 0.0009603000000000001, 0.0008712, 0.0004598, 0.00030470000000000003, 0.0006347000000000001, 0.0009537, 0.0008734000000000001, 0.000462, 0.0003146, 0.0006336, 0.0009702000000000001, 0.0008734000000000001, 0.00046970000000000003, 0.0003124, 0.0006292, 0.0009581, 0.0008723, 0.0004642, 0.00030470000000000003, 0.0006325, 0.0009647000000000001, 0.0008811, 0.0004642, 0.0003146, 0.000638, 0.0009658000000000001, 0.00088, 0.00046750000000000003, 0.000308, 0.0006325, 0.0009636, 0.0008690000000000001, 0.00046090000000000004, 0.0003102, 0.0006226000000000001, 0.0009658000000000001, 0.0008745000000000001, 0.0004642, 0.000308, 0.0006314000000000001, 0.000968, 0.0008723, 0.00046310000000000004, 0.0002992, 0.0006479000000000001, 0.0009724, 0.0008690000000000001, 0.00045650000000000004, 0.00030470000000000003, 0.0006303, 0.0009724, 0.0008701000000000001, 0.0004686, 0.00032010000000000003, 0.0006424, 0.0009691000000000001, 0.0008767, 0.00046530000000000003, 0.00029810000000000004, 0.0006314000000000001, 0.0009625, 0.0008701000000000001, 0.0004598, 0.00031790000000000003, 0.0006358000000000001, 0.0009559000000000001, 0.0008712, 0.00045210000000000004, 0.00030690000000000003, 0.0006204, 0.0009548, 0.0008734000000000001, 0.0004576, 0.000308, 0.0006237, 0.000968, 0.0008668, 0.0004598, 0.00031350000000000003, 0.000638, 0.0009702000000000001, 0.0008723, 0.000473, 0.00030910000000000003, 0.0006336, 0.0009603000000000001, 0.0008712, 0.00046530000000000003, 0.00032010000000000003, 0.0006402000000000001, 0.0009724, 0.000858, 0.0004642, 0.000308, 0.0006281, 0.0009614000000000001, 0.0008712, 0.00046530000000000003, 0.00030470000000000003, 0.0006303, 0.0009691000000000001, 0.0008646000000000001, 0.00045870000000000004, 0.00031570000000000003, 0.0006347000000000001, 0.000968, 0.0008756, 0.0004598, 0.0003102, 0.0006424, 0.000968, 0.0008745000000000001, 0.0004598, 0.0003102, 0.0006347000000000001, 0.0009669, 0.0008591, 0.00046530000000000003, 0.00031130000000000003, 0.0006259, 0.000968, 0.0008690000000000001, 0.00045650000000000004, 0.0003058, 0.0006292, 0.0009636, 0.0008822000000000001, 0.00046090000000000004, 0.00030030000000000004, 0.0006336, 0.0009581, 0.0008635, 0.000462, 0.00030030000000000004, 0.0006325, 0.0009559000000000001, 0.0008624, 0.0004642, 0.00031570000000000003, 0.0006424, 0.0009691000000000001, 0.0008624, 0.0004554, 0.00031130000000000003, 0.0006435000000000001, 0.0009614000000000001, 0.0008635, 0.0004664, 0.000308, 0.0006424, 0.0009713, 0.0008668, 0.000462, 0.0003146, 0.0006292, 0.0009746, 0.0008701000000000001, 0.00046090000000000004, 0.00030250000000000003, 0.0006358000000000001, 0.0009669, 0.0008657000000000001, 0.00045650000000000004, 0.0003036, 0.0006303, 0.0009636, 0.0008613000000000001, 0.00045210000000000004, 0.00031130000000000003, 0.0006303, 0.0009636, 0.0008613000000000001, 0.00044990000000000004, 0.0003102, 0.0006325, 0.0009691000000000001, 0.0008635, 0.00046970000000000003, 0.00030910000000000003, 0.0006358000000000001, 0.0009614000000000001, 0.0008624, 0.0004554, 0.00031350000000000003, 0.0006347000000000001, 0.0009658000000000001, 0.0008679, 0.0004708, 0.0003124, 0.0006303, 0.0009669, 0.0008690000000000001, 0.00045210000000000004, 0.0003036, 0.0006358000000000001, 0.0009691000000000001, 0.0008657000000000001, 0.00046090000000000004, 0.00031350000000000003, 0.0006402000000000001, 0.0009757, 0.0008723, 0.0004642, 0.00030250000000000003, 0.0006446000000000001, 0.0009658000000000001, 0.0008701000000000001, 0.000462, 0.0003102, 0.0006347000000000001, 0.0009603000000000001, 0.0008679, 0.00046090000000000004, 0.0003124, 0.0006435000000000001, 0.0009658000000000001, 0.0008613000000000001, 0.0004532, 0.00030690000000000003, 0.0006292, 0.0009636, 0.0008767, 0.0004598, 0.0003102, 0.0006369, 0.0009603000000000001, 0.0008624, 0.00046310000000000004, 0.00031350000000000003, 0.0006347000000000001, 0.000968, 0.0008745000000000001, 0.00046530000000000003, 0.00030910000000000003, 0.0006369, 0.0009614000000000001, 0.0008679, 0.0004576, 0.000297, 0.0006347000000000001, 0.0009724, 0.0008690000000000001, 0.00046310000000000004, 0.0003058, 0.0006369, 0.0009735000000000001, 0.0008723, 0.00045870000000000004, 0.00030690000000000003, 0.000638, 0.0009636, 0.0008635, 0.00046970000000000003, 0.000308, 0.0006336, 0.0009713, 0.0008668, 0.00046530000000000003, 0.00030690000000000003, 0.0006347000000000001, 0.0009636, 0.0008624, 0.000462, 0.00030910000000000003, 0.0006347000000000001, 0.0009746, 0.0008591, 0.00045430000000000004, 0.0003124, 0.0006369, 0.0009669, 0.0008668, 0.00046090000000000004, 0.00031350000000000003, 0.0006402000000000001, 0.0009614000000000001, 0.0008723, 0.0004466, 0.000308, 0.0006413, 0.0009603000000000001, 0.0008591, 0.00045870000000000004, 0.00030690000000000003, 0.0006281, 0.0009647000000000001, 0.0008657000000000001, 0.0004554, 0.00030690000000000003, 0.0006270000000000001, 0.0009724, 0.0008701000000000001, 0.0004532, 0.0003146, 0.0006523000000000001, 0.0009647000000000001, 0.0008591, 0.0004642, 0.0003102, 0.0006347000000000001, 0.0009691000000000001, 0.0008668, 0.0004642, 0.00030690000000000003, 0.0006347000000000001, 0.000968, 0.0008723, 0.000462, 0.0003168, 0.0006358000000000001, 0.0009713, 0.0008635, 0.00046530000000000003, 0.0003014, 0.0006270000000000001, 0.0009702000000000001, 0.0008668, 0.0004576, 0.00030470000000000003, 0.0006347000000000001, 0.0009702000000000001, 0.0008679, 0.00046750000000000003, 0.000308, 0.0006369, 0.0009724, 0.0008690000000000001, 0.0004642, 0.00030910000000000003, 0.0006303, 0.0009658000000000001, 0.0008679, 0.000462, 0.00030470000000000003, 0.0006413, 0.0009724, 0.0008668, 0.0004642, 0.0003234, 0.0006424, 0.0009603000000000001, 0.0008657000000000001, 0.0004686, 0.0003058, 0.0006303, 0.0009636, 0.0008679, 0.000462, 0.00030690000000000003, 0.0006446000000000001, 0.0009713, 0.0008679, 0.00046090000000000004, 0.000308, 0.0006325, 0.0009702000000000001, 0.0008712, 0.00044990000000000004, 0.000308, 0.000638, 0.0009713, 0.0008602000000000001, 0.00045650000000000004, 0.00031350000000000003, 0.0006479000000000001, 0.0009779, 0.0008712, 0.00045870000000000004, 0.00031570000000000003, 0.0006281, 0.0009691000000000001, 0.0008657000000000001, 0.00045430000000000004, 0.00031350000000000003, 0.0006358000000000001, 0.0009658000000000001, 0.0008679, 0.00047410000000000003, 0.00032010000000000003, 0.0006347000000000001, 0.0009658000000000001, 0.0008778000000000001, 0.00046090000000000004, 0.0003102, 0.0006248, 0.0009757, 0.0008635, 0.0004598, 0.0003124, 0.0006479000000000001, 0.0009713, 0.0008591, 0.00045210000000000004, 0.00030690000000000003, 0.0006391000000000001, 0.0009625, 0.0008745000000000001, 0.0004664, 0.00030690000000000003, 0.0006413, 0.0009669, 0.0008635, 0.00045650000000000004, 0.0003058, 0.0006325, 0.0009724, 0.0008624, 0.00046090000000000004, 0.00030910000000000003, 0.0006391000000000001, 0.0009647000000000001, 0.0008712, 0.0004664, 0.0003278, 0.0006435000000000001, 0.0009647000000000001, 0.0008646000000000001, 0.00044990000000000004, 0.00031790000000000003, 0.0006545, 0.0009658000000000001, 0.000858, 0.00045870000000000004, 0.0003124, 0.0006457, 0.0009746, 0.0008657000000000001, 0.00045650000000000004, 0.0003212, 0.0006358000000000001, 0.0009757, 0.0008712, 0.00046090000000000004, 0.000308, 0.0006468, 0.0009735000000000001, 0.0008679, 0.000451, 0.000319]",-33
3,"[0.000132, 0.0001364, 6.38e-05, 1.54e-05, 6.49e-05, 0.0001419, 0.0001474, 6.71e-05, 1.2100000000000001e-05, 7.48e-05, 0.000143, 0.0001364, 6.82e-05, 1.65e-05, 7.7e-05, 0.0001485, 0.0001463, 6.38e-05, 1.98e-05, 6.16e-05, 0.0001386, 0.0001397, 6.49e-05, 1.65e-05, 6.71e-05, 0.0001463, 0.0001364, 7.04e-05, 1.87e-05, 6.38e-05, 0.0001441, 0.0001463, 6.49e-05, 2.3100000000000002e-05, 6.6e-05, 0.0001364, 0.0001298, 5.5e-05, 2.09e-05, 7.7e-05, 0.0001331, 0.0001441, 6.71e-05, 1.65e-05, 6.27e-05, 0.0001452, 0.0001463, 6.05e-05, 1.76e-05, 6.71e-05, 0.0001419, 0.0001375, 6.6e-05, 1.32e-05, 6.6e-05, 0.0001485, 0.0001386, 6.93e-05, 2.4200000000000002e-05, 7.04e-05, 0.0001364, 0.0001529, 5.39e-05, 1.87e-05, 6.49e-05, 0.0001386, 0.0001364, 6.71e-05, 9.9e-06, 5.72e-05, 0.0001452, 0.0001386, 6.05e-05, 1.32e-05, 7.26e-05, 0.0001386, 0.000132, 6.82e-05, 2.2e-05, 6.6e-05, 0.0001397, 0.0001375, 5.94e-05, 1.32e-05, 6.38e-05, 0.000143, 0.0001386, 7.15e-05, 1.43e-05, 6.49e-05, 0.0001441, 0.0001419, 6.05e-05, 5.5e-06, 6.16e-05, 0.0001463, 0.0001397, 6.27e-05, 2.3100000000000002e-05, 6.82e-05, 0.000143, 0.0001397, 6.16e-05, 2.2e-05, 6.38e-05, 0.0001441, 0.0001397, 5.94e-05, 4.4e-06, 7.04e-05, 0.0001397, 0.0001474, 6.27e-05, 2.4200000000000002e-05, 7.26e-05, 0.0001309, 0.0001386, 6.71e-05, 9.9e-06, 7.37e-05, 0.0001386, 0.0001287, 6.82e-05, 1.87e-05, 6.71e-05, 0.0001529, 0.0001408, 5.61e-05, 2.09e-05, 7.15e-05, 0.0001408, 0.000143, 6.49e-05, 1.1e-05, 6.93e-05, 0.0001485, 0.0001342, 6.82e-05, 9.9e-06, 6.93e-05, 0.0001474, 0.0001441, 5.94e-05, 2.5300000000000002e-05, 6.49e-05, 0.0001419, 0.0001364, 6.38e-05, 1.54e-05, 6.93e-05, 0.0001507, 0.0001386, 6.6e-05, 1.1e-05, 6.6e-05, 0.0001419, 0.0001342, 5.61e-05, 1.76e-05, 7.48e-05, 0.0001386, 0.0001441, 6.38e-05, 1.43e-05, 6.71e-05, 0.0001441, 0.0001364, 6.05e-05, 1.43e-05, 6.82e-05, 0.0001441, 0.0001419, 6.38e-05, 2.2e-05, 6.6e-05, 0.000143, 0.0001474, 6.05e-05, 8.8e-06, 7.15e-05, 0.0001441, 0.0001331, 6.82e-05, 1.32e-05, 6.71e-05, 0.000143, 0.0001441, 6.38e-05, 1.87e-05, 7.59e-05, 0.0001452, 0.0001353, 6.27e-05, 1.2100000000000001e-05, 7.15e-05, 0.0001419, 0.0001331, 6.38e-05, 2.64e-05, 6.05e-05, 0.000143, 0.0001408, 6.82e-05, 1.98e-05, 7.04e-05, 0.0001441, 0.0001375, 6.49e-05, 1.65e-05, 6.27e-05, 0.0001375, 0.0001287, 6.93e-05, 7.7e-06, 6.71e-05, 0.000143, 0.0001397, 6.38e-05, 2.4200000000000002e-05, 6.82e-05, 0.000154, 0.0001419, 6.05e-05, 1.65e-05, 6.38e-05, 0.0001474, 0.0001518, 7.37e-05, 1.54e-05, 6.05e-05, 0.000143, 0.0001397, 5.94e-05, 1.98e-05, 7.04e-05, 0.000143, 0.000143, 5.72e-05, 9.9e-06, 6.71e-05, 0.0001408, 0.0001386, 5.83e-05, 1.65e-05, 6.82e-05, 0.0001364, 0.0001496, 6.93e-05, 2.4200000000000002e-05, 5.94e-05, 0.0001386, 0.0001353, 5.94e-05, 9.9e-06, 7.81e-05, 0.0001353, 0.0001408, 5.83e-05, 9.9e-06, 6.6e-05, 0.0001408, 0.000143, 6.05e-05, 2.2e-05, 7.04e-05, 0.0001463, 0.0001342, 6.71e-05, 4.4e-06, 6.27e-05, 0.0001364, 0.0001386, 6.27e-05, 1.76e-05, 6.93e-05, 0.0001507, 0.0001342, 5.5e-05, 2.09e-05, 6.38e-05, 0.000143, 0.0001309, 5.28e-05, 1.76e-05, 6.38e-05, 0.0001452, 0.0001386, 6.16e-05, 9.9e-06, 7.7e-05, 0.0001408, 0.0001419, 5.94e-05, 1.76e-05, 6.82e-05, 0.0001408, 0.0001408, 6.6e-05, 1.43e-05, 7.26e-05, 0.0001386, 0.0001419, 5.39e-05, 1.43e-05, 6.27e-05, 0.0001507, 0.0001342, 6.27e-05, 7.7e-06, 7.15e-05, 0.0001331, 0.000143, 6.6e-05, 1.65e-05, 7.04e-05, 0.0001485, 0.0001342, 6.93e-05, 1.32e-05, 6.27e-05, 0.0001463, 0.0001375, 6.6e-05, 1.76e-05, 6.71e-05, 0.0001441, 0.0001298, 6.05e-05, 2.2e-05, 5.83e-05, 0.0001364, 0.0001441, 6.16e-05, 1.76e-05, 7.37e-05, 0.0001441, 0.0001397, 6.38e-05, 1.54e-05, 7.04e-05, 0.0001419, 0.0001331, 5.94e-05, 2.75e-05, 7.37e-05, 0.0001507, 0.0001353, 5.5e-05, 2.75e-05, 7.48e-05, 0.0001452, 0.0001386, 5.61e-05, 2.09e-05, 6.71e-05, 0.0001397, 0.0001375, 7.15e-05, 1.65e-05, 6.82e-05, 0.0001419, 0.0001452, 6.49e-05, 1.54e-05, 6.49e-05, 0.0001408, 0.0001408, 6.93e-05, 1.43e-05, 7.26e-05, 0.0001485, 0.0001441, 6.27e-05, 1.43e-05, 6.93e-05, 0.0001397, 0.0001353, 6.27e-05, 2.3100000000000002e-05, 7.15e-05, 0.000132, 0.0001364, 6.16e-05, 8.8e-06, 6.71e-05, 0.0001408, 0.0001309, 5.5e-05, 7.7e-06, 6.6e-05, 0.0001452, 0.0001375, 6.27e-05, 1.43e-05, 5.94e-05, 0.0001386, 0.0001375, 6.38e-05, 1.2100000000000001e-05, 6.93e-05, 0.0001452, 0.0001331, 6.16e-05, 2.2e-05, 7.04e-05, 0.0001353, 0.0001342, 6.82e-05, 1.76e-05, 6.27e-05, 0.0001375, 0.0001441, 5.94e-05, 1.87e-05, 7.04e-05, 0.0001353, 0.0001419, 5.28e-05, 1.32e-05, 5.83e-05, 0.000143, 0.0001298, 5.94e-05, 1.43e-05, 5.72e-05, 0.000143, 0.0001397, 6.38e-05, 2.2e-05, 6.6e-05, 0.0001386, 0.0001331, 6.05e-05, 1.2100000000000001e-05, 7.26e-05, 0.0001397, 0.0001375, 5.72e-05, 2.5300000000000002e-05, 6.38e-05, 0.0001364, 0.000143, 7.04e-05, 2.4200000000000002e-05, 7.59e-05, 0.0001397, 0.0001364, 6.82e-05, 1.54e-05, 6.93e-05, 0.000143, 0.0001386, 6.38e-05, 1.32e-05, 7.26e-05, 0.0001364, 0.000132, 5.83e-05, 1.87e-05, 6.82e-05, 0.0001364, 0.0001375, 5.28e-05, 1.65e-05, 8.25e-05, 0.0001496, 0.0001397, 6.27e-05, 8.8e-06, 6.38e-05, 0.0001364, 0.0001463, 5.94e-05, 2.2e-05, 6.6e-05, 0.000143, 0.0001441, 5.83e-05, 1.87e-05, 7.48e-05, 0.0001452, 0.0001364, 5.28e-05, 2.64e-05, 7.37e-05, 0.0001419, 0.0001507, 6.16e-05, 1.43e-05, 7.7e-05, 0.0001386, 0.0001375, 6.38e-05, 1.65e-05, 6.49e-05, 0.000132, 0.0001342, 6.05e-05, 2.09e-05, 7.26e-05]","[-0.0002299, -0.0002244, -0.0001639, -0.0001386, -0.0001705, -0.0002211, -0.0002211, -0.0001584, -0.000143, -0.00017820000000000002, -0.0002332, -0.0002233, -0.0001507, -0.0001309, -0.0001738, -0.0002134, -0.0002145, -0.0001661, -0.0001463, -0.000176, -0.000231, -0.0002255, -0.0001672, -0.0001408, -0.00018370000000000002, -0.00022, -0.0002277, -0.0001606, -0.0001276, -0.0001738, -0.0002288, -0.0002101, -0.0001639, -0.0001364, -0.0001727, -0.0002233, -0.0002189, -0.000165, -0.0001353, -0.00017930000000000002, -0.0002277, -0.0002222, -0.0001496, -0.0001452, -0.00018150000000000002, -0.0002332, -0.0002244, -0.0001606, -0.0001342, -0.0001738, -0.0002255, -0.00022, -0.0001661, -0.0001375, -0.0001716, -0.0002178, -0.0002134, -0.0001584, -0.000143, -0.0001738, -0.0002343, -0.0002101, -0.0001705, -0.0001375, -0.000176, -0.0002277, -0.0002211, -0.0001606, -0.000143, -0.00018260000000000002, -0.0002244, -0.0002156, -0.0001672, -0.0001298, -0.0001727, -0.000231, -0.0002156, -0.0001584, -0.0001276, -0.00019030000000000002, -0.0002211, -0.0002222, -0.000165, -0.000143, -0.00017930000000000002, -0.0002288, -0.0002255, -0.0001683, -0.0001309, -0.00018370000000000002, -0.0002299, -0.0002178, -0.0001628, -0.0001386, -0.000176, -0.0002244, -0.0002222, -0.0001628, -0.0001397, -0.0001716, -0.00022, -0.000231, -0.0001606, -0.0001408, -0.0001705, -0.0002266, -0.0002079, -0.0001584, -0.0001309, -0.0001727, -0.0002167, -0.0002277, -0.000165, -0.000132, -0.00018260000000000002, -0.0002376, -0.0002167, -0.0001518, -0.0001463, -0.00018150000000000002, -0.0002189, -0.00022, -0.0001562, -0.0001408, -0.0001705, -0.0002277, -0.0002167, -0.0001705, -0.0001342, -0.0001738, -0.00022, -0.0002167, -0.0001617, -0.0001364, -0.00018700000000000002, -0.0002288, -0.0002189, -0.000165, -0.0001408, -0.00017820000000000002, -0.0002321, -0.0002255, -0.0001606, -0.000132, -0.00017820000000000002, -0.0002244, -0.00022, -0.0001584, -0.0001441, -0.00017930000000000002, -0.000231, -0.0002123, -0.0001573, -0.000132, -0.0001738, -0.0002321, -0.0002145, -0.0001639, -0.0001254, -0.0001738, -0.0002343, -0.0002134, -0.0001606, -0.0001386, -0.0001738, -0.0002145, -0.0002134, -0.0001606, -0.0001353, -0.00018370000000000002, -0.0002233, -0.0002255, -0.0001705, -0.0001309, -0.000176, -0.0002288, -0.0002123, -0.0001562, -0.0001309, -0.000176, -0.0002233, -0.0002145, -0.0001639, -0.0001375, -0.00018260000000000002, -0.000231, -0.0002222, -0.000165, -0.0001419, -0.0001749, -0.0002222, -0.0002156, -0.0001628, -0.0001331, -0.00018370000000000002, -0.0002233, -0.0002178, -0.0001573, -0.0001309, -0.00017710000000000002, -0.0002233, -0.0002145, -0.0001683, -0.0001463, -0.00018150000000000002, -0.0002288, -0.0002222, -0.0001573, -0.0001474, -0.000176, -0.0002288, -0.0002244, -0.0001661, -0.0001309, -0.00017930000000000002, -0.0002167, -0.0002167, -0.0001672, -0.0001353, -0.00018590000000000002, -0.0002233, -0.0002134, -0.000165, -0.0001287, -0.0001749, -0.0002277, -0.0002189, -0.0001672, -0.000132, -0.00018810000000000002, -0.0002299, -0.0002244, -0.0001551, -0.0001342, -0.00018480000000000002, -0.0002343, -0.000209, -0.0001694, -0.0001353, -0.00017820000000000002, -0.0002332, -0.0002233, -0.0001584, -0.0001375, -0.0001727, -0.0002299, -0.0002134, -0.0001716, -0.0001287, -0.00018590000000000002, -0.0002233, -0.0002189, -0.0001639, -0.0001375, -0.0001749, -0.0002222, -0.0002145, -0.0001661, -0.0001298, -0.0001683, -0.0002233, -0.0002233, -0.0001617, -0.0001386, -0.0001727, -0.0002288, -0.0002244, -0.0001661, -0.0001287, -0.0001683, -0.0002299, -0.0002189, -0.0001584, -0.0001441, -0.0001672, -0.0002299, -0.0002255, -0.0001496, -0.000132, -0.00018590000000000002, -0.0002255, -0.0002277, -0.000154, -0.0001419, -0.00017710000000000002, -0.0002288, -0.0002123, -0.0001639, -0.0001342, -0.00018590000000000002, -0.000231, -0.0002277, -0.0001584, -0.0001298, -0.00017930000000000002, -0.0002354, -0.0002189, -0.0001518, -0.0001265, -0.00018040000000000002, -0.0002365, -0.0002244, -0.0001606, -0.0001353, -0.00018260000000000002, -0.0002255, -0.0002299, -0.000165, -0.0001364, -0.000176, -0.000231, -0.0002178, -0.00017820000000000002, -0.0001397, -0.0001727, -0.0002211, -0.0002123, -0.0001606, -0.000132, -0.00017930000000000002, -0.0002255, -0.0002189, -0.0001584, -0.0001375, -0.000176, -0.0002288, -0.0002134, -0.0001584, -0.0001364, -0.0001727, -0.0002332, -0.0002189, -0.0001584, -0.0001342, -0.0001738, -0.00022, -0.0002277, -0.0001562, -0.0001342, -0.0001749, -0.0002266, -0.0002156, -0.0001573, -0.0001386, -0.00017820000000000002, -0.0002277, -0.0002255, -0.0001573, -0.0001386, -0.0001716, -0.0002343, -0.0002189, -0.0001551, -0.0001342, -0.00018040000000000002, -0.0002211, -0.0002167, -0.0001584, -0.0001386, -0.00018260000000000002, -0.0002321, -0.0002189, -0.0001683, -0.0001265, -0.00017710000000000002, -0.0002123, -0.0002244, -0.0001595, -0.0001331, -0.0001727, -0.0002321, -0.0002244, -0.0001617, -0.0001364, -0.000176, -0.0002299, -0.0002101, -0.0001606, -0.0001331, -0.0001705, -0.0002255, -0.0002255, -0.0001595, -0.0001386, -0.00018700000000000002, -0.0002277, -0.0002156, -0.0001518, -0.0001408, -0.00017710000000000002, -0.0002266, -0.0002123, -0.0001661, -0.000143, -0.0001716, -0.0002211, -0.0002189, -0.0001639, -0.0001265, -0.0001716, -0.0002222, -0.0002189, -0.0001507, -0.0001287, -0.0001749, -0.0002167, -0.00022, -0.0001551, -0.0001364, -0.00018040000000000002, -0.0002409, -0.0002145, -0.0001661, -0.0001375, -0.00018590000000000002, -0.0002233, -0.0002134, -0.0001672, -0.0001342, -0.00018810000000000002, -0.0002244, -0.0002178, -0.0001606, -0.0001353, -0.00018480000000000002, -0.0002365, -0.0002123, -0.0001639, -0.0001353, -0.00017710000000000002, -0.0002288, -0.0002057, -0.0001661, -0.000143, -0.00018040000000000002, -0.0002299, -0.0002189, -0.0001628, -0.0001353, -0.0001694, -0.0002332, -0.0002233, -0.0001661, -0.0001408, -0.0001749, -0.0002167, -0.0002178, -0.0001672, -0.0001452, -0.0001672, -0.0002332, -0.0002134, -0.0001606, -0.0001364, -0.0001727, -0.0002222, -0.0002222, -0.0001595, -0.0001441, -0.00018480000000000002, -0.0002288, -0.0002266, -0.0001573, -0.0001309, -0.0001749, -0.0002321, -0.0002167, -0.0001551, -0.0001353, -0.0001705, -0.0002277, -0.0002233, -0.0001573, -0.0001276, -0.000176, -0.0002266, -0.0002211, -0.0001595, -0.0001408, -0.00018040000000000002, -0.0002255, -0.0002233, -0.0001606, -0.0001375, -0.0001716, -0.0002222, -0.0002222, -0.0001738, -0.0001408, -0.0001727, -0.0002354, -0.0002189, -0.0001617, -0.0001364, -0.0001705, -0.00022, -0.0002178, -0.0001595, -0.0001298, -0.00018150000000000002]","[0.0009669, 0.000858, 0.00044550000000000004, 0.000308, 0.0006457, 0.0009779, 0.0008547, 0.00044330000000000004, 0.00031570000000000003, 0.0006512, 0.0009779, 0.0008591, 0.0004576, 0.0003102, 0.0006413, 0.0009625, 0.0008503, 0.00044110000000000004, 0.0003102, 0.0006578, 0.0009713, 0.0008503, 0.00045430000000000004, 0.00031570000000000003, 0.0006391000000000001, 0.0009581, 0.0008470000000000001, 0.0004444, 0.0003124, 0.0006567000000000001, 0.0009581, 0.000858, 0.00044330000000000004, 0.00031570000000000003, 0.0006556, 0.0009691000000000001, 0.000858, 0.0004444, 0.0003124, 0.0006589, 0.0009724, 0.0008558000000000001, 0.0004422, 0.000319, 0.0006479000000000001, 0.0009614000000000001, 0.0008536, 0.00044, 0.00031350000000000003, 0.0006534, 0.0009636, 0.0008624, 0.0004312, 0.0003102, 0.0006413, 0.0009581, 0.0008492, 0.00043670000000000004, 0.0003102, 0.0006545, 0.000968, 0.0008470000000000001, 0.0004422, 0.00031350000000000003, 0.0006468, 0.0009724, 0.0008525000000000001, 0.0004422, 0.00031130000000000003, 0.0006644, 0.0009658000000000001, 0.0008558000000000001, 0.0004532, 0.00031790000000000003, 0.0006512, 0.0009603000000000001, 0.0008459, 0.000451, 0.0003036, 0.0006446000000000001, 0.000968, 0.0008459, 0.00044550000000000004, 0.00031570000000000003, 0.0006457, 0.0009603000000000001, 0.0008536, 0.0004422, 0.0003014, 0.0006677, 0.0009658000000000001, 0.0008613000000000001, 0.0004444, 0.00031130000000000003, 0.0006512, 0.0009658000000000001, 0.0008624, 0.0004378, 0.0003102, 0.0006501, 0.0009647000000000001, 0.0008503, 0.000429, 0.0003168, 0.0006490000000000001, 0.0009746, 0.0008613000000000001, 0.0004378, 0.00030690000000000003, 0.0006413, 0.0009691000000000001, 0.0008547, 0.00043670000000000004, 0.00031790000000000003, 0.0006490000000000001, 0.000968, 0.0008558000000000001, 0.0004488, 0.00031570000000000003, 0.0006435000000000001, 0.0009548, 0.0008536, 0.000429, 0.0003146, 0.0006369, 0.0009746, 0.0008547, 0.00044110000000000004, 0.00031350000000000003, 0.0006446000000000001, 0.0009548, 0.0008503, 0.0004466, 0.0003102, 0.0006391000000000001, 0.0009691000000000001, 0.0008492, 0.0004444, 0.00031350000000000003, 0.0006424, 0.0009669, 0.0008536, 0.00044550000000000004, 0.0003146, 0.0006545, 0.000968, 0.0008459, 0.0004378, 0.000308, 0.0006567000000000001, 0.0009570000000000001, 0.0008470000000000001, 0.00044330000000000004, 0.0003058, 0.0006457, 0.0009658000000000001, 0.0008558000000000001, 0.00044550000000000004, 0.00031130000000000003, 0.0006545, 0.0009702000000000001, 0.0008558000000000001, 0.00044110000000000004, 0.00031570000000000003, 0.0006512, 0.0009614000000000001, 0.0008547, 0.0004466, 0.00031130000000000003, 0.0006633, 0.0009625, 0.0008558000000000001, 0.0004378, 0.0003146, 0.0006435000000000001, 0.0009625, 0.0008525000000000001, 0.0004444, 0.00032230000000000003, 0.0006534, 0.0009625, 0.0008470000000000001, 0.00044330000000000004, 0.0003036, 0.0006413, 0.0009746, 0.0008437000000000001, 0.0004488, 0.00032230000000000003, 0.0006501, 0.0009647000000000001, 0.0008503, 0.00043890000000000004, 0.00031790000000000003, 0.0006523000000000001, 0.0009603000000000001, 0.0008547, 0.00044330000000000004, 0.0003124, 0.0006556, 0.000968, 0.0008448, 0.00043890000000000004, 0.0003168, 0.0006501, 0.0009702000000000001, 0.0008525000000000001, 0.0004444, 0.00031350000000000003, 0.0006468, 0.0009636, 0.0008514000000000001, 0.00044330000000000004, 0.00030690000000000003, 0.0006523000000000001, 0.0009702000000000001, 0.0008481000000000001, 0.00044770000000000004, 0.0003102, 0.0006556, 0.0009636, 0.0008536, 0.00044550000000000004, 0.00031570000000000003, 0.0006501, 0.0009614000000000001, 0.0008569000000000001, 0.0004466, 0.00031350000000000003, 0.0006622, 0.0009603000000000001, 0.0008558000000000001, 0.0004444, 0.0003124, 0.0006479000000000001, 0.0009603000000000001, 0.0008382, 0.0004466, 0.0003124, 0.0006369, 0.0009603000000000001, 0.0008558000000000001, 0.0004422, 0.00031790000000000003, 0.0006545, 0.0009636, 0.0008514000000000001, 0.0004488, 0.000319, 0.0006578, 0.0009658000000000001, 0.0008547, 0.0004422, 0.00032010000000000003, 0.0006567000000000001, 0.0009658000000000001, 0.0008547, 0.0004422, 0.0003146, 0.0006468, 0.0009647000000000001, 0.0008536, 0.00043670000000000004, 0.0002948, 0.0006424, 0.0009691000000000001, 0.0008547, 0.00045210000000000004, 0.000308, 0.0006501, 0.000968, 0.0008448, 0.00044110000000000004, 0.0003146, 0.0006523000000000001, 0.0009625, 0.0008503, 0.0004422, 0.00030470000000000003, 0.0006567000000000001, 0.0009636, 0.0008393000000000001, 0.00044330000000000004, 0.00031130000000000003, 0.0006512, 0.0009592, 0.0008514000000000001, 0.00044550000000000004, 0.0003168, 0.0006578, 0.0009691000000000001, 0.0008536, 0.00044770000000000004, 0.0003168, 0.0006490000000000001, 0.0009658000000000001, 0.0008525000000000001, 0.0004378, 0.00031350000000000003, 0.0006589, 0.0009636, 0.0008514000000000001, 0.00044110000000000004, 0.00032010000000000003, 0.0006534, 0.0009724, 0.0008371, 0.00044, 0.00031570000000000003, 0.0006490000000000001, 0.0009625, 0.0008514000000000001, 0.0004422, 0.00031130000000000003, 0.0006490000000000001, 0.0009735000000000001, 0.0008470000000000001, 0.00044, 0.00032010000000000003, 0.0006534, 0.0009537, 0.0008536, 0.000451, 0.00031130000000000003, 0.0006578, 0.0009537, 0.0008404, 0.00044110000000000004, 0.0003146, 0.0006534, 0.0009669, 0.0008470000000000001, 0.00043890000000000004, 0.000319, 0.0006501, 0.0009779, 0.0008514000000000001, 0.0004444, 0.00031350000000000003, 0.0006479000000000001, 0.0009658000000000001, 0.0008525000000000001, 0.0004422, 0.0003168, 0.0006501, 0.0009592, 0.0008404, 0.00043890000000000004, 0.0003058, 0.0006435000000000001, 0.0009658000000000001, 0.0008426, 0.0004444, 0.00032010000000000003, 0.0006545, 0.0009713, 0.0008437000000000001, 0.00043010000000000005, 0.0003234, 0.0006556, 0.0009713, 0.0008470000000000001, 0.00043450000000000004, 0.00030690000000000003, 0.0006512, 0.0009658000000000001, 0.0008536, 0.0004488, 0.0003168, 0.0006435000000000001, 0.0009669, 0.0008437000000000001, 0.00043450000000000004, 0.00031350000000000003, 0.0006479000000000001, 0.0009768, 0.0008481000000000001, 0.00043230000000000005, 0.000319, 0.0006523000000000001, 0.0009614000000000001, 0.0008492, 0.00044550000000000004, 0.0003168, 0.00066, 0.0009713, 0.0008448, 0.00044110000000000004, 0.0003168, 0.00066, 0.0009768, 0.0008393000000000001, 0.000429, 0.0003102, 0.0006446000000000001, 0.0009669, 0.0008492, 0.0004444, 0.0003289, 0.0006567000000000001, 0.0009603000000000001, 0.0008481000000000001, 0.0004378, 0.00031790000000000003, 0.0006523000000000001, 0.0009658000000000001, 0.0008393000000000001, 0.000451, 0.0003124, 0.0006534, 0.0009735000000000001, 0.0008503, 0.00044, 0.00030910000000000003, 0.0006545, 0.0009658000000000001, 0.0008459, 0.0004422, 0.00031570000000000003, 0.0006501, 0.0009724, 0.0008426, 0.0004334, 0.00031790000000000003, 0.0006556, 0.000968, 0.0008404, 0.0004356, 0.0003146, 0.0006644, 0.0009713, 0.0008492, 0.00044330000000000004, 0.000319, 0.0006534, 0.0009724, 0.0008525000000000001, 0.0004356, 0.00030910000000000003, 0.0006501, 0.0009658000000000001, 0.0008349000000000001, 0.00044, 0.0003146, 0.0006523000000000001, 0.0009713, 0.0008404, 0.0004356, 0.00031570000000000003, 0.0006655000000000001, 0.0009702000000000001, 0.0008437000000000001, 0.00042790000000000005, 0.0003124, 0.0006545, 0.0009614000000000001, 0.0008492, 0.00044330000000000004, 0.00030030000000000004, 0.0006468, 0.0009603000000000001, 0.0008382, 0.00044550000000000004, 0.0003102, 0.0006589, 0.0009570000000000001, 0.0008525000000000001, 0.00044330000000000004, 0.00032010000000000003, 0.0006490000000000001, 0.0009658000000000001, 0.0008437000000000001, 0.00043450000000000004, 0.0003168, 0.0006578, 0.0009625, 0.0008437000000000001, 0.0004422, 0.000308, 0.0006457, 0.0009658000000000001, 0.0008470000000000001, 0.0004378, 0.00031570000000000003, 0.0006479000000000001, 0.0009735000000000001, 0.0008470000000000001, 0.0004268, 0.00030470000000000003, 0.0006468, 0.0009669, 0.0008492, 0.0004378, 0.0003102, 0.0006534, 0.000968, 0.0008393000000000001, 0.00043010000000000005, 0.00032230000000000003, 0.0006534]",-32
4,"[6.27e-05, 1.2100000000000001e-05, 8.14e-05, 0.0001507, 0.0001342, 6.82e-05, 2.64e-05, 7.37e-05, 0.0001441, 0.0001408, 5.17e-05, 1.1e-05, 6.27e-05, 0.0001452, 0.0001364, 5.72e-05, 1.65e-05, 6.71e-05, 0.0001408, 0.0001375, 5.39e-05, 1.76e-05, 7.15e-05, 0.0001419, 0.0001353, 6.6e-05, 1.54e-05, 6.71e-05, 0.0001386, 0.0001309, 5.94e-05, 5.5e-06, 6.38e-05, 0.0001364, 0.0001298, 6.38e-05, 1.65e-05, 7.15e-05, 0.0001408, 0.0001276, 5.28e-05, 1.32e-05, 6.27e-05, 0.0001452, 0.0001386, 5.94e-05, 5.5e-06, 6.49e-05, 0.0001364, 0.0001287, 5.28e-05, 9.9e-06, 7.26e-05, 0.0001452, 0.0001408, 6.16e-05, 9.9e-06, 5.94e-05, 0.0001353, 0.0001342, 5.39e-05, 1.32e-05, 7.37e-05, 0.0001386, 0.0001386, 6.82e-05, 9.9e-06, 7.04e-05, 0.0001485, 0.0001386, 5.28e-05, 2.09e-05, 7.15e-05, 0.0001364, 0.0001397, 5.72e-05, 1.32e-05, 5.83e-05, 0.0001375, 0.0001441, 6.05e-05, 1.65e-05, 7.26e-05, 0.0001463, 0.000132, 5.5e-05, 1.43e-05, 7.48e-05, 0.0001375, 0.0001287, 5.61e-05, 1.87e-05, 7.37e-05, 0.0001496, 0.0001276, 5.39e-05, 1.65e-05, 6.05e-05, 0.0001375, 0.0001353, 6.49e-05, 2.09e-05, 6.6e-05, 0.0001375, 0.000132, 5.94e-05, 8.8e-06, 6.82e-05, 0.000143, 0.0001375, 5.39e-05, 1.32e-05, 7.37e-05, 0.0001408, 0.0001265, 5.94e-05, 6.6e-06, 6.71e-05, 0.0001496, 0.0001298, 5.39e-05, 1.54e-05, 6.38e-05, 0.0001364, 0.0001353, 6.38e-05, 1.32e-05, 6.71e-05, 0.000143, 0.0001463, 5.5e-05, 2.4200000000000002e-05, 6.82e-05, 0.0001353, 0.0001353, 5.94e-05, 2.3100000000000002e-05, 6.38e-05, 0.000143, 0.000132, 6.27e-05, 2.3100000000000002e-05, 7.26e-05, 0.0001441, 0.0001375, 5.83e-05, 2.3100000000000002e-05, 6.93e-05, 0.0001408, 0.0001386, 6.05e-05, 1.54e-05, 7.37e-05, 0.000143, 0.0001353, 6.16e-05, 1.43e-05, 6.16e-05, 0.0001419, 0.000132, 5.28e-05, 2.2e-05, 6.05e-05, 0.0001419, 0.0001254, 5.94e-05, 1.98e-05, 7.37e-05, 0.0001386, 0.0001375, 5.94e-05, 9.9e-06, 7.26e-05, 0.0001364, 0.0001309, 5.39e-05, 2.3100000000000002e-05, 6.27e-05, 0.0001386, 0.0001265, 5.28e-05, 1.54e-05, 7.59e-05, 0.0001353, 0.0001342, 6.27e-05, 1.43e-05, 6.71e-05, 0.0001419, 0.0001243, 4.8400000000000004e-05, 1.98e-05, 7.04e-05, 0.000143, 0.0001276, 5.39e-05, 1.98e-05, 7.26e-05, 0.0001408, 0.0001386, 5.5e-05, 1.2100000000000001e-05, 6.49e-05, 0.0001518, 0.0001397, 6.05e-05, 1.87e-05, 8.36e-05, 0.0001452, 0.000132, 5.94e-05, 1.1e-05, 6.93e-05, 0.0001441, 0.0001397, 6.93e-05, 8.8e-06, 6.49e-05, 0.0001441, 0.0001254, 6.05e-05, 1.54e-05, 6.38e-05, 0.0001463, 0.0001287, 5.39e-05, 2.4200000000000002e-05, 7.26e-05, 0.0001419, 0.0001408, 5.94e-05, 1.98e-05, 7.15e-05, 0.0001375, 0.0001276, 5.39e-05, 1.65e-05, 6.71e-05, 0.0001485, 0.0001309, 5.28e-05, 1.65e-05, 6.49e-05, 0.0001419, 0.0001254, 5.28e-05, 1.54e-05, 7.04e-05, 0.0001463, 0.0001375, 6.05e-05, 8.8e-06, 7.15e-05, 0.0001298, 0.0001375, 5.94e-05, 1.76e-05, 6.38e-05, 0.0001463, 0.0001309, 5.72e-05, 2.3100000000000002e-05, 7.15e-05, 0.0001518, 0.0001353, 5.61e-05, 1.1e-05, 7.81e-05, 0.0001408, 0.0001331, 5.94e-05, 1.2100000000000001e-05, 7.04e-05, 0.0001463, 0.0001353, 4.8400000000000004e-05, 1.43e-05, 6.93e-05, 0.0001474, 0.000132, 6.6e-05, 1.65e-05, 6.71e-05, 0.0001463, 0.0001353, 5.5e-05, 2.2e-05, 6.6e-05, 0.0001386, 0.0001342, 6.71e-05, 1.87e-05, 7.59e-05, 0.0001408, 0.0001243, 5.28e-05, 8.8e-06, 6.82e-05, 0.000143, 0.0001221, 6.16e-05, 1.98e-05, 7.26e-05, 0.0001507, 0.0001375, 4.7300000000000005e-05, 2.09e-05, 7.59e-05, 0.0001342, 0.0001309, 5.17e-05, 1.43e-05, 7.26e-05, 0.0001419, 0.0001375, 6.05e-05, 6.6e-06, 6.71e-05, 0.000143, 0.0001342, 5.17e-05, 1.87e-05, 7.37e-05, 0.0001441, 0.0001342, 6.27e-05, 9.9e-06, 8.14e-05, 0.0001364, 0.0001243, 7.04e-05, 1.98e-05, 6.71e-05, 0.0001419, 0.0001232, 6.71e-05, 8.8e-06, 7.04e-05, 0.0001375, 0.0001342, 5.61e-05, 1.98e-05, 6.71e-05, 0.0001463, 0.0001419, 5.72e-05, 2.2e-05, 7.7e-05, 0.0001463, 0.0001364, 5.83e-05, 1.76e-05, 7.48e-05, 0.0001452, 0.0001177, 6.49e-05, 1.2100000000000001e-05, 7.59e-05, 0.0001408, 0.0001309, 5.72e-05, 7.7e-06, 6.93e-05, 0.0001353, 0.0001463, 6.27e-05, 1.32e-05, 6.93e-05, 0.0001298, 0.0001375, 4.8400000000000004e-05, 2.09e-05, 6.38e-05, 0.0001364, 0.0001331, 5.5e-05, 1.2100000000000001e-05, 6.27e-05, 0.0001452, 0.0001342, 5.83e-05, 1.65e-05, 7.26e-05, 0.0001408, 0.0001254, 6.16e-05, 1.76e-05, 7.26e-05, 0.000143, 0.0001386, 6.6e-05, 1.87e-05, 7.37e-05, 0.0001386, 0.0001331, 6.05e-05, 1.65e-05, 6.82e-05, 0.000143, 0.0001243, 5.28e-05, 2.64e-05, 6.05e-05, 0.0001474, 0.0001375, 5.94e-05, 8.8e-06, 6.71e-05, 0.0001364, 0.0001254, 5.83e-05, 1.65e-05, 7.26e-05, 0.000132, 0.0001364, 5.83e-05, 9.9e-06, 7.81e-05, 0.0001452, 0.0001419, 5.28e-05, 1.2100000000000001e-05, 6.6e-05, 0.0001375, 0.0001386, 5.83e-05, 2.09e-05, 7.15e-05, 0.0001353, 0.0001298, 6.82e-05, 1.76e-05, 6.05e-05, 0.0001419, 0.0001331, 5.72e-05, 1.43e-05, 7.59e-05, 0.0001353, 0.0001353, 5.0600000000000003e-05, 1.2100000000000001e-05, 7.7e-05, 0.000143, 0.0001309, 6.82e-05, 1.1e-05, 6.93e-05, 0.0001419, 0.0001353, 6.38e-05, 1.76e-05, 6.71e-05, 0.0001375, 0.0001397, 6.6e-05, 2.09e-05, 5.72e-05, 0.0001408, 0.0001353, 5.83e-05, 2.2e-05, 7.26e-05, 0.000143, 0.0001298, 5.39e-05, 1.32e-05, 6.6e-05, 0.0001408, 0.000132, 6.27e-05, 1.2100000000000001e-05, 7.04e-05, 0.0001441, 0.0001298, 5.61e-05, 1.87e-05, 7.48e-05, 0.000132, 0.0001298, 5.39e-05, 1.2100000000000001e-05, 7.37e-05, 0.000143, 0.000132, 4.8400000000000004e-05, 1.2100000000000001e-05, 6.82e-05, 0.000132, 0.0001309, 5.61e-05, 2.4200000000000002e-05, 6.71e-05, 0.000143, 0.0001364, 6.16e-05, 2.2e-05, 6.6e-05, 0.0001386, 0.000132]","[-0.0001507, -0.0001397, -0.0001749, -0.0002211, -0.0002178, -0.0001562, -0.0001397, -0.000176, -0.0002244, -0.0002167, -0.0001617, -0.0001309, -0.00017820000000000002, -0.0002233, -0.0002123, -0.0001617, -0.0001375, -0.00017930000000000002, -0.0002277, -0.0002123, -0.0001617, -0.0001309, -0.00018040000000000002, -0.0002211, -0.0002134, -0.0001672, -0.0001386, -0.0001738, -0.0002343, -0.0002145, -0.0001573, -0.0001386, -0.0001694, -0.0002189, -0.0002178, -0.0001617, -0.000143, -0.00018480000000000002, -0.0002299, -0.0002123, -0.0001661, -0.0001364, -0.00017820000000000002, -0.0002156, -0.0002156, -0.0001573, -0.0001419, -0.0001749, -0.0002277, -0.0002189, -0.0001573, -0.0001331, -0.00018150000000000002, -0.0002277, -0.0002134, -0.0001661, -0.0001452, -0.0001716, -0.0002332, -0.0002167, -0.0001562, -0.0001364, -0.0001738, -0.0002244, -0.0002145, -0.0001628, -0.0001375, -0.00018480000000000002, -0.0002354, -0.000209, -0.0001727, -0.0001353, -0.00017820000000000002, -0.0002376, -0.0002112, -0.0001606, -0.0001309, -0.00018150000000000002, -0.0002277, -0.0002255, -0.0001595, -0.0001309, -0.0001727, -0.0002332, -0.0002167, -0.0001584, -0.0001441, -0.00018590000000000002, -0.0002244, -0.0002222, -0.0001683, -0.0001485, -0.00017820000000000002, -0.0002277, -0.0002134, -0.0001672, -0.0001287, -0.00018150000000000002, -0.0002365, -0.0002112, -0.0001507, -0.0001419, -0.000176, -0.0002211, -0.0002233, -0.0001496, -0.0001408, -0.00018480000000000002, -0.0002255, -0.0002211, -0.0001639, -0.0001518, -0.00018150000000000002, -0.0002255, -0.000209, -0.000154, -0.0001342, -0.00017930000000000002, -0.000231, -0.0002112, -0.0001617, -0.0001243, -0.00018480000000000002, -0.0002354, -0.000209, -0.0001606, -0.0001287, -0.0001716, -0.0002365, -0.0002211, -0.0001628, -0.0001408, -0.00018370000000000002, -0.0002189, -0.0002211, -0.0001551, -0.0001397, -0.00018260000000000002, -0.0002145, -0.0002189, -0.000165, -0.0001243, -0.000176, -0.0002233, -0.0002134, -0.0001628, -0.0001353, -0.00018700000000000002, -0.0002288, -0.0002167, -0.0001595, -0.0001463, -0.0001727, -0.0002211, -0.0002156, -0.0001661, -0.0001364, -0.00018590000000000002, -0.0002222, -0.0002112, -0.0001639, -0.0001397, -0.00018260000000000002, -0.0002365, -0.0002035, -0.0001529, -0.0001309, -0.00018260000000000002, -0.0002299, -0.0002134, -0.0001595, -0.0001309, -0.00017710000000000002, -0.0002288, -0.0002211, -0.0001496, -0.0001331, -0.00017820000000000002, -0.0002222, -0.00022, -0.000154, -0.0001342, -0.000165, -0.0002244, -0.0002145, -0.0001683, -0.0001386, -0.00018700000000000002, -0.0002277, -0.0002178, -0.0001639, -0.0001353, -0.00018590000000000002, -0.0002299, -0.0002079, -0.0001628, -0.000143, -0.00018040000000000002, -0.0002398, -0.0002189, -0.0001639, -0.0001397, -0.00017820000000000002, -0.0002255, -0.0002167, -0.0001474, -0.0001419, -0.00018150000000000002, -0.0002233, -0.0002299, -0.0001595, -0.0001342, -0.00017820000000000002, -0.0002178, -0.0002189, -0.0001628, -0.0001353, -0.00018590000000000002, -0.0002255, -0.00022, -0.0001551, -0.0001419, -0.00018150000000000002, -0.0002277, -0.0002068, -0.0001606, -0.0001408, -0.0001738, -0.0002244, -0.0002189, -0.0001617, -0.0001331, -0.00018480000000000002, -0.00022, -0.0002134, -0.0001639, -0.0001408, -0.00017820000000000002, -0.0002255, -0.0002167, -0.000165, -0.0001375, -0.0001749, -0.0002222, -0.0002068, -0.0001628, -0.0001309, -0.0001727, -0.0002266, -0.0002189, -0.0001529, -0.0001397, -0.00018260000000000002, -0.0002211, -0.0002156, -0.000154, -0.0001408, -0.00018480000000000002, -0.0002277, -0.0002167, -0.0001584, -0.0001309, -0.0001749, -0.0002222, -0.0002189, -0.0001661, -0.0001386, -0.0001716, -0.000231, -0.0002123, -0.0001562, -0.0001353, -0.000176, -0.0002277, -0.0002156, -0.000154, -0.0001375, -0.00018150000000000002, -0.0002233, -0.0002189, -0.0001639, -0.0001386, -0.0001738, -0.0002222, -0.0002134, -0.0001617, -0.0001364, -0.000176, -0.0002299, -0.0002189, -0.0001672, -0.0001364, -0.0001716, -0.0002233, -0.0002057, -0.000165, -0.0001353, -0.00018040000000000002, -0.0002266, -0.0002123, -0.0001584, -0.0001397, -0.0001727, -0.00022, -0.0002101, -0.0001562, -0.0001463, -0.0001738, -0.0002299, -0.0002134, -0.0001551, -0.0001375, -0.000176, -0.0002255, -0.0002167, -0.0001529, -0.0001331, -0.0001738, -0.0002233, -0.0002112, -0.0001617, -0.0001298, -0.00017820000000000002, -0.0002288, -0.0002123, -0.0001694, -0.000132, -0.00018920000000000002, -0.0002167, -0.0002057, -0.0001518, -0.0001331, -0.0001716, -0.0002244, -0.0002255, -0.0001617, -0.0001441, -0.00018590000000000002, -0.0002266, -0.0002189, -0.0001639, -0.0001331, -0.00018480000000000002, -0.0002299, -0.0002112, -0.000154, -0.000132, -0.00018260000000000002, -0.0002211, -0.0002123, -0.0001584, -0.0001375, -0.00018150000000000002, -0.0002156, -0.0002145, -0.0001562, -0.0001342, -0.00018040000000000002, -0.0002266, -0.000209, -0.0001617, -0.0001529, -0.00018480000000000002, -0.0002321, -0.0002233, -0.0001551, -0.0001408, -0.00017930000000000002, -0.0002277, -0.0002211, -0.0001672, -0.000143, -0.00017710000000000002, -0.0002299, -0.0002123, -0.0001507, -0.0001342, -0.00017710000000000002, -0.0002299, -0.0002101, -0.0001595, -0.0001364, -0.00017930000000000002, -0.0002266, -0.0002277, -0.0001584, -0.0001331, -0.00017930000000000002, -0.0002266, -0.0002123, -0.0001606, -0.000132, -0.00018590000000000002, -0.0002255, -0.0002156, -0.0001672, -0.000132, -0.00017820000000000002, -0.000231, -0.0002167, -0.0001606, -0.0001386, -0.00018260000000000002, -0.0002354, -0.0002178, -0.0001606, -0.0001276, -0.00017710000000000002, -0.0002255, -0.000231, -0.0001672, -0.0001375, -0.00018150000000000002, -0.0002266, -0.0002145, -0.0001628, -0.0001441, -0.00017930000000000002, -0.0002233, -0.0002134, -0.0001584, -0.0001386, -0.0001738, -0.0002233, -0.0002112, -0.0001595, -0.0001386, -0.00019250000000000002, -0.0002321, -0.0002156, -0.0001628, -0.0001375, -0.00018260000000000002, -0.0002288, -0.0002134, -0.0001639, -0.0001364, -0.0001727, -0.0002332, -0.0002145, -0.0001562, -0.000143, -0.00018480000000000002, -0.0002167, -0.0002134, -0.0001573, -0.0001419, -0.00017930000000000002, -0.0002288, -0.0002068, -0.0001683, -0.000132, -0.00018810000000000002, -0.0002376, -0.0002145, -0.0001507, -0.0001342, -0.00017820000000000002, -0.0002255, -0.0002156, -0.000165, -0.0001331, -0.00018040000000000002, -0.0002277, -0.0002112, -0.0001606, -0.0001353, -0.00019470000000000002, -0.0002321, -0.0002112, -0.0001529, -0.0001441, -0.00018150000000000002, -0.0002222, -0.0002145, -0.0001507, -0.0001441, -0.00018260000000000002, -0.0002277, -0.00022, -0.0001584, -0.0001386, -0.00017930000000000002, -0.0002233, -0.0002112, -0.000165, -0.0001397, -0.00017930000000000002, -0.0002222, -0.0002156, -0.0001584, -0.0001331, -0.0001738, -0.0002233, -0.0002156, -0.0001606, -0.0001419, -0.00017710000000000002, -0.0002233, -0.0002222]","[0.00043230000000000005, 0.0003168, 0.0006578, 0.0009614000000000001, 0.0008338, 0.0004246, 0.0003168, 0.0006567000000000001, 0.0009603000000000001, 0.0008371, 0.0004246, 0.00031350000000000003, 0.0006677, 0.0009537, 0.0008327, 0.00043230000000000005, 0.00031350000000000003, 0.0006754, 0.0009647000000000001, 0.0008371, 0.0004246, 0.00031130000000000003, 0.0006655000000000001, 0.0009691000000000001, 0.0008349000000000001, 0.0004378, 0.000319, 0.0006611000000000001, 0.0009669, 0.0008272, 0.00042790000000000005, 0.00031790000000000003, 0.0006589, 0.0009647000000000001, 0.000836, 0.0004356, 0.0003058, 0.0006644, 0.0009702000000000001, 0.0008327, 0.00043010000000000005, 0.0003146, 0.0006567000000000001, 0.0009647000000000001, 0.0008448, 0.000429, 0.000319, 0.0006622, 0.0009625, 0.0008316, 0.0004312, 0.0003102, 0.0006589, 0.0009603000000000001, 0.0008415, 0.0004268, 0.0003146, 0.0006655000000000001, 0.0009636, 0.000836, 0.0004246, 0.0003058, 0.0006567000000000001, 0.0009603000000000001, 0.0008327, 0.0004202, 0.00031130000000000003, 0.0006523000000000001, 0.0009713, 0.0008349000000000001, 0.00043670000000000004, 0.00032230000000000003, 0.0006545, 0.0009581, 0.0008294, 0.0004202, 0.00031130000000000003, 0.0006534, 0.0009559000000000001, 0.0008305000000000001, 0.00043230000000000005, 0.0003256, 0.0006589, 0.0009713, 0.0008305000000000001, 0.00042790000000000005, 0.00031790000000000003, 0.0006633, 0.0009515000000000001, 0.0008305000000000001, 0.00043010000000000005, 0.00031570000000000003, 0.0006534, 0.0009658000000000001, 0.0008393000000000001, 0.0004191, 0.0003289, 0.0006578, 0.0009669, 0.0008327, 0.00043670000000000004, 0.00032230000000000003, 0.0006611000000000001, 0.0009647000000000001, 0.0008371, 0.00042790000000000005, 0.0003146, 0.0006666, 0.0009746, 0.0008448, 0.0004268, 0.0003124, 0.0006611000000000001, 0.0009724, 0.0008283, 0.0004268, 0.00032450000000000003, 0.0006666, 0.0009669, 0.0008382, 0.0004158, 0.00031570000000000003, 0.0006666, 0.0009581, 0.0008316, 0.0004169, 0.00031790000000000003, 0.0006732, 0.0009636, 0.0008283, 0.0004213, 0.00031790000000000003, 0.0006743000000000001, 0.0009702000000000001, 0.0008327, 0.0004356, 0.00032450000000000003, 0.0006666, 0.0009724, 0.0008272, 0.0004224, 0.00032230000000000003, 0.0006611000000000001, 0.0009691000000000001, 0.0008316, 0.0004213, 0.0003234, 0.0006622, 0.0009592, 0.0008415, 0.00042570000000000005, 0.00031130000000000003, 0.0006743000000000001, 0.000968, 0.0008338, 0.00043230000000000005, 0.0003212, 0.0006655000000000001, 0.0009581, 0.0008283, 0.000429, 0.000319, 0.0006688, 0.0009636, 0.0008239, 0.00043230000000000005, 0.00032010000000000003, 0.00066, 0.0009592, 0.0008316, 0.00042350000000000005, 0.000308, 0.0006666, 0.0009625, 0.0008349000000000001, 0.0004312, 0.00032450000000000003, 0.00066, 0.0009603000000000001, 0.000836, 0.0004158, 0.00032010000000000003, 0.0006688, 0.0009636, 0.0008316, 0.00043450000000000004, 0.0003058, 0.000671, 0.0009647000000000001, 0.0008272, 0.00042350000000000005, 0.0003267, 0.0006688, 0.0009625, 0.000825, 0.000418, 0.0003146, 0.0006655000000000001, 0.0009724, 0.0008294, 0.0004246, 0.0003212, 0.0006611000000000001, 0.0009559000000000001, 0.0008316, 0.0004268, 0.00032230000000000003, 0.0006732, 0.0009691000000000001, 0.0008393000000000001, 0.0004202, 0.0003102, 0.0006611000000000001, 0.0009669, 0.0008294, 0.0004169, 0.00032230000000000003, 0.0006622, 0.0009625, 0.0008393000000000001, 0.00042790000000000005, 0.00031570000000000003, 0.0006754, 0.0009724, 0.0008217000000000001, 0.0004158, 0.0003124, 0.0006589, 0.0009603000000000001, 0.0008294, 0.0004202, 0.000319, 0.0006655000000000001, 0.0009548, 0.0008217000000000001, 0.00043010000000000005, 0.0003234, 0.0006633, 0.0009592, 0.0008327, 0.00042350000000000005, 0.00031790000000000003, 0.0006633, 0.0009691000000000001, 0.0008338, 0.00042350000000000005, 0.00031570000000000003, 0.0006699000000000001, 0.0009603000000000001, 0.0008349000000000001, 0.0004246, 0.0003146, 0.0006622, 0.0009658000000000001, 0.0008294, 0.00043230000000000005, 0.00031790000000000003, 0.0006578, 0.0009592, 0.0008195, 0.0004246, 0.0003212, 0.0006578, 0.0009702000000000001, 0.0008316, 0.0004268, 0.00032450000000000003, 0.0006633, 0.000968, 0.0008272, 0.00043230000000000005, 0.00031130000000000003, 0.00066, 0.0009625, 0.0008272, 0.00042350000000000005, 0.00031350000000000003, 0.0006633, 0.0009658000000000001, 0.0008239, 0.0004268, 0.000319, 0.0006677, 0.0009625, 0.0008217000000000001, 0.0004202, 0.00032450000000000003, 0.0006622, 0.0009669, 0.0008338, 0.0004213, 0.00032450000000000003, 0.0006666, 0.0009669, 0.0008305000000000001, 0.00043450000000000004, 0.0003146, 0.0006765, 0.0009570000000000001, 0.0008382, 0.0004224, 0.00031350000000000003, 0.0006765, 0.0009603000000000001, 0.0008316, 0.0004213, 0.00031790000000000003, 0.0006644, 0.0009614000000000001, 0.0008327, 0.0004202, 0.00031790000000000003, 0.0006655000000000001, 0.0009625, 0.0008393000000000001, 0.00042350000000000005, 0.0003267, 0.0006732, 0.0009625, 0.000825, 0.000418, 0.00031570000000000003, 0.0006567000000000001, 0.0009713, 0.0008327, 0.000418, 0.00031130000000000003, 0.0006589, 0.000968, 0.0008272, 0.000429, 0.00032450000000000003, 0.0006688, 0.0009647000000000001, 0.0008349000000000001, 0.0004202, 0.00032450000000000003, 0.0006699000000000001, 0.0009614000000000001, 0.0008382, 0.0004268, 0.00030690000000000003, 0.0006732, 0.0009570000000000001, 0.0008393000000000001, 0.00042570000000000005, 0.00032010000000000003, 0.0006644, 0.0009779, 0.000836, 0.0004268, 0.0003168, 0.0006655000000000001, 0.0009702000000000001, 0.0008327, 0.0004147, 0.00032010000000000003, 0.0006666, 0.0009603000000000001, 0.0008316, 0.000418, 0.00031570000000000003, 0.0006721, 0.0009658000000000001, 0.0008206, 0.00042350000000000005, 0.00032010000000000003, 0.0006655000000000001, 0.0009603000000000001, 0.0008206, 0.00042790000000000005, 0.00032450000000000003, 0.0006721, 0.0009570000000000001, 0.0008327, 0.00043010000000000005, 0.00031790000000000003, 0.0006666, 0.0009746, 0.0008305000000000001, 0.000418, 0.00032450000000000003, 0.0006732, 0.0009691000000000001, 0.0008261000000000001, 0.00042350000000000005, 0.0003322, 0.0006578, 0.0009647000000000001, 0.0008173000000000001, 0.0004268, 0.00031790000000000003, 0.0006589, 0.0009636, 0.0008338, 0.0004213, 0.0003256, 0.0006666, 0.0009614000000000001, 0.0008371, 0.0004158, 0.0003256, 0.0006655000000000001, 0.0009669, 0.000836, 0.0004191, 0.00031570000000000003, 0.0006677, 0.0009570000000000001, 0.0008173000000000001, 0.0004191, 0.00032010000000000003, 0.000671, 0.0009647000000000001, 0.000814, 0.0004213, 0.00032010000000000003, 0.0006633, 0.0009702000000000001, 0.0008228, 0.000407, 0.00032010000000000003, 0.0006677, 0.0009658000000000001, 0.0008294, 0.00042350000000000005, 0.00032230000000000003, 0.0006699000000000001, 0.0009614000000000001, 0.0008283, 0.0004158, 0.00031350000000000003, 0.0006765, 0.0009625, 0.0008294, 0.00043010000000000005, 0.0003289, 0.0006754, 0.0009746, 0.0008305000000000001, 0.0004213, 0.00032450000000000003, 0.0006677, 0.0009570000000000001, 0.0008272, 0.0004268, 0.00031570000000000003, 0.0006754, 0.0009713, 0.0008239, 0.0004169, 0.0003212, 0.0006611000000000001, 0.000968, 0.0008239, 0.00042790000000000005, 0.0003168, 0.0006721, 0.0009691000000000001, 0.0008228, 0.0004191, 0.0003256, 0.0006732, 0.0009614000000000001, 0.0008294, 0.0004268, 0.0003322, 0.0006699000000000001, 0.0009625, 0.0008261000000000001, 0.0004169, 0.0003234, 0.000671, 0.0009658000000000001, 0.000814, 0.0004169, 0.0003168, 0.0006732, 0.000968, 0.000836, 0.00042570000000000005, 0.00031790000000000003, 0.0006655000000000001, 0.0009559000000000001, 0.0008261000000000001, 0.0004103, 0.0003256, 0.0006765, 0.0009581, 0.0008272, 0.0004136, 0.00032230000000000003, 0.0006732, 0.0009625, 0.0008217000000000001, 0.0004158, 0.0003036, 0.0006666, 0.0009581, 0.0008261000000000001]",-31
5,"[0.0001419, 0.0001309, 5.39e-05, 1.87e-05, 6.38e-05, 0.000143, 0.000121, 5.72e-05, 1.32e-05, 5.94e-05, 0.0001496, 0.0001287, 5.28e-05, 1.43e-05, 7.37e-05, 0.0001463, 0.0001232, 4.8400000000000004e-05, 1.65e-05, 6.49e-05, 0.0001298, 0.0001232, 4.9500000000000004e-05, 1.32e-05, 7.59e-05, 0.0001342, 0.0001287, 4.6200000000000005e-05, 1.54e-05, 7.48e-05, 0.0001397, 0.0001331, 5.17e-05, 2.2e-05, 7.7e-05, 0.0001386, 0.0001287, 5.72e-05, 8.8e-06, 6.82e-05, 0.0001408, 0.000132, 5.39e-05, 1.43e-05, 6.93e-05, 0.0001342, 0.0001199, 4.9500000000000004e-05, 1.65e-05, 6.38e-05, 0.000132, 0.000132, 5.0600000000000003e-05, 2.4200000000000002e-05, 6.6e-05, 0.000143, 0.0001287, 4.9500000000000004e-05, 1.32e-05, 6.27e-05, 0.000143, 0.0001166, 4.9500000000000004e-05, 8.8e-06, 6.93e-05, 0.0001397, 0.0001375, 4.9500000000000004e-05, 1.2100000000000001e-05, 7.7e-05, 0.0001364, 0.0001408, 5.28e-05, 9.9e-06, 7.7e-05, 0.0001375, 0.0001144, 5.28e-05, 1.1e-05, 7.04e-05, 0.0001375, 0.0001331, 4.5100000000000005e-05, 4.4e-06, 7.7e-05, 0.0001353, 0.0001276, 5.28e-05, 1.98e-05, 6.93e-05, 0.0001353, 0.0001309, 5.28e-05, 1.54e-05, 6.71e-05, 0.0001386, 0.0001287, 5.94e-05, 1.32e-05, 6.71e-05, 0.0001419, 0.0001276, 5.28e-05, 1.1e-05, 5.94e-05, 0.0001364, 0.0001375, 5.28e-05, 1.54e-05, 7.81e-05, 0.0001309, 0.0001276, 5.28e-05, 1.2100000000000001e-05, 5.5e-05, 0.0001408, 0.0001232, 5.0600000000000003e-05, 8.8e-06, 6.6e-05, 0.0001408, 0.0001221, 6.16e-05, 1.1e-05, 8.03e-05, 0.0001452, 0.0001331, 5.39e-05, 8.8e-06, 6.71e-05, 0.0001463, 0.0001309, 5.61e-05, 9.9e-06, 7.04e-05, 0.0001342, 0.0001342, 4.9500000000000004e-05, 1.2100000000000001e-05, 6.27e-05, 0.0001408, 0.0001276, 5.94e-05, 2.09e-05, 7.15e-05, 0.0001386, 0.0001287, 5.83e-05, 1.1e-05, 6.49e-05, 0.0001474, 0.0001254, 5.72e-05, 1.43e-05, 6.82e-05, 0.0001397, 0.0001386, 5.61e-05, 1.1e-05, 6.38e-05, 0.0001331, 0.0001265, 5.28e-05, 1.76e-05, 6.16e-05, 0.0001452, 0.0001276, 4.18e-05, 1.98e-05, 7.59e-05, 0.0001397, 0.0001375, 5.94e-05, 1.32e-05, 7.59e-05, 0.000143, 0.0001309, 4.6200000000000005e-05, 1.1e-05, 7.81e-05, 0.000143, 0.0001353, 5.17e-05, 1.2100000000000001e-05, 6.93e-05, 0.0001419, 0.0001298, 4.5100000000000005e-05, 1.32e-05, 6.6e-05, 0.000132, 0.0001309, 5.94e-05, 1.98e-05, 5.94e-05, 0.0001276, 0.000143, 5.72e-05, 2.3100000000000002e-05, 6.93e-05, 0.0001507, 0.0001254, 4.6200000000000005e-05, 1.32e-05, 7.81e-05, 0.0001408, 0.000132, 5.17e-05, 1.32e-05, 7.26e-05, 0.0001408, 0.0001265, 5.5e-05, 1.2100000000000001e-05, 7.37e-05, 0.0001397, 0.0001298, 5.28e-05, 1.32e-05, 7.15e-05, 0.0001386, 0.0001265, 4.8400000000000004e-05, 1.76e-05, 7.26e-05, 0.0001496, 0.0001254, 5.17e-05, 1.65e-05, 6.49e-05, 0.000132, 0.0001309, 3.96e-05, 2.2e-06, 7.15e-05, 0.0001474, 0.0001265, 5.5e-05, 1.65e-05, 6.6e-05, 0.0001353, 0.0001243, 4.29e-05, 2.09e-05, 7.04e-05, 0.0001452, 0.0001276, 4.9500000000000004e-05, 1.76e-05, 6.82e-05, 0.0001397, 0.0001221, 4.4e-05, 2.09e-05, 7.59e-05, 0.0001342, 0.0001331, 3.96e-05, 1.32e-05, 6.05e-05, 0.0001408, 0.0001386, 5.94e-05, 1.54e-05, 7.7e-05, 0.0001375, 0.000121, 5.17e-05, 1.1e-05, 6.27e-05, 0.0001375, 0.0001309, 4.6200000000000005e-05, 1.43e-05, 7.04e-05, 0.0001397, 0.0001254, 4.9500000000000004e-05, 1.43e-05, 7.37e-05, 0.0001375, 0.0001276, 5.72e-05, 1.1e-05, 7.37e-05, 0.0001529, 0.0001287, 5.5e-05, 1.32e-05, 7.15e-05, 0.0001408, 0.0001188, 4.9500000000000004e-05, 7.7e-06, 6.82e-05, 0.0001331, 0.0001199, 4.9500000000000004e-05, 1.32e-05, 6.38e-05, 0.000132, 0.0001221, 5.39e-05, 1.76e-05, 7.7e-05, 0.0001419, 0.0001254, 5.17e-05, 1.76e-05, 7.04e-05, 0.0001408, 0.0001309, 5.61e-05, 5.5e-06, 7.59e-05, 0.0001353, 0.0001287, 4.9500000000000004e-05, 2.64e-05, 7.7e-05, 0.0001441, 0.000143, 5.94e-05, 9.9e-06, 7.15e-05, 0.0001309, 0.0001243, 5.72e-05, 1.87e-05, 6.93e-05, 0.0001342, 0.0001298, 5.0600000000000003e-05, 1.54e-05, 6.6e-05, 0.000143, 0.0001298, 4.6200000000000005e-05, 7.7e-06, 6.71e-05, 0.0001463, 0.0001276, 5.5e-05, 1.32e-05, 6.38e-05, 0.0001375, 0.0001221, 4.8400000000000004e-05, 1.87e-05, 6.93e-05, 0.0001397, 0.0001386, 4.29e-05, 2.2e-05, 7.15e-05, 0.0001419, 0.0001199, 4.7300000000000005e-05, 1.43e-05, 6.82e-05, 0.0001441, 0.0001342, 4.18e-05, 7.7e-06, 7.15e-05, 0.0001353, 0.0001331, 4.6200000000000005e-05, 4.4e-06, 7.15e-05, 0.000132, 0.0001287, 3.85e-05, 1.1e-05, 7.04e-05, 0.0001353, 0.0001276, 5.28e-05, 1.1e-05, 7.81e-05, 0.0001452, 0.0001309, 5.28e-05, 1.76e-05, 6.82e-05, 0.0001408, 0.0001331, 5.17e-05, 3.3e-06, 7.37e-05, 0.0001364, 0.0001243, 4.9500000000000004e-05, 1.43e-05, 7.04e-05, 0.0001254, 0.0001254, 5.5e-05, 1.43e-05, 8.69e-05, 0.000143, 0.0001364, 5.72e-05, 8.8e-06, 7.15e-05, 0.0001408, 0.0001287, 5.39e-05, 1.65e-05, 6.16e-05, 0.0001375, 0.0001254, 4.9500000000000004e-05, 1.76e-05, 7.15e-05, 0.0001375, 0.0001199, 4.6200000000000005e-05, 1.65e-05, 6.38e-05, 0.000132, 0.0001298, 6.16e-05, 1.43e-05, 7.59e-05, 0.0001419, 0.000132, 4.8400000000000004e-05, 2.2e-06, 7.81e-05, 0.0001353, 0.000132, 4.7300000000000005e-05, 8.8e-06, 6.71e-05, 0.0001386, 0.0001232, 4.7300000000000005e-05, 7.7e-06, 6.82e-05, 0.0001364, 0.0001364, 4.6200000000000005e-05, 1.2100000000000001e-05, 7.37e-05, 0.0001496, 0.0001265, 4.8400000000000004e-05, 1.2100000000000001e-05, 6.49e-05, 0.0001441, 0.0001221, 4.7300000000000005e-05, 3.3e-05, 6.93e-05, 0.0001353, 0.0001265, 5.83e-05, 9.9e-06, 6.6e-05, 0.0001364, 0.0001276, 5.94e-05, 1.32e-05, 7.04e-05, 0.000143, 0.0001243, 4.6200000000000005e-05, 1.54e-05, 6.27e-05, 0.0001342, 0.0001353, 4.8400000000000004e-05, 1.32e-05, 7.15e-05, 0.0001276, 0.0001265, 5.0600000000000003e-05, 1.1e-05, 7.59e-05, 0.0001298, 0.0001254, 4.9500000000000004e-05, 7.7e-06, 6.82e-05, 0.0001375, 0.0001232, 5.61e-05, 8.8e-06, 6.71e-05, 0.0001298, 0.0001276, 4.18e-05, 1.32e-05, 8.47e-05, 0.0001441, 0.0001232, 5.61e-05, 6.6e-06, 7.59e-05]","[-0.0002277, -0.0002189, -0.0001573, -0.0001331, -0.00017710000000000002, -0.0002266, -0.0002145, -0.0001595, -0.0001331, -0.00018260000000000002, -0.0002266, -0.0002112, -0.0001529, -0.000143, -0.00018590000000000002, -0.0002156, -0.0002145, -0.000165, -0.0001419, -0.00017930000000000002, -0.0002299, -0.0002046, -0.0001562, -0.0001287, -0.00017930000000000002, -0.0002211, -0.0002101, -0.0001562, -0.0001287, -0.00018150000000000002, -0.0002244, -0.0002134, -0.0001661, -0.0001309, -0.0001683, -0.0002211, -0.00020020000000000001, -0.0001529, -0.0001353, -0.000176, -0.000231, -0.0002134, -0.0001584, -0.0001386, -0.0001683, -0.0002222, -0.0002145, -0.0001606, -0.0001353, -0.00017710000000000002, -0.0002266, -0.0002101, -0.0001551, -0.0001364, -0.00018700000000000002, -0.0002277, -0.0002079, -0.0001529, -0.0001419, -0.00018700000000000002, -0.0002277, -0.0002189, -0.000154, -0.0001441, -0.0001738, -0.0002222, -0.0002079, -0.0001529, -0.0001375, -0.00018040000000000002, -0.0002266, -0.0002101, -0.0001573, -0.0001309, -0.0001716, -0.0002255, -0.0002101, -0.0001485, -0.0001342, -0.0001705, -0.0002277, -0.0002123, -0.0001639, -0.0001463, -0.000176, -0.0002123, -0.0002167, -0.0001496, -0.0001474, -0.00018260000000000002, -0.0002211, -0.0002178, -0.0001529, -0.0001364, -0.0001738, -0.0002189, -0.0002211, -0.000154, -0.0001419, -0.00017710000000000002, -0.000231, -0.0002145, -0.0001551, -0.0001276, -0.0001694, -0.0002244, -0.0002068, -0.0001485, -0.000132, -0.00018920000000000002, -0.0002321, -0.0002244, -0.0001485, -0.0001386, -0.00018590000000000002, -0.0002255, -0.0002035, -0.0001595, -0.0001309, -0.00018260000000000002, -0.000231, -0.0002035, -0.0001573, -0.0001419, -0.0001683, -0.0002365, -0.0002123, -0.0001562, -0.0001287, -0.00018480000000000002, -0.0002387, -0.0002156, -0.0001529, -0.0001386, -0.0001694, -0.0002211, -0.0002145, -0.0001573, -0.0001364, -0.00018260000000000002, -0.00022, -0.00020130000000000001, -0.0001584, -0.0001386, -0.00018150000000000002, -0.0002167, -0.0002266, -0.0001584, -0.0001298, -0.000176, -0.0002277, -0.00020240000000000001, -0.0001606, -0.0001408, -0.00018480000000000002, -0.0002321, -0.0002123, -0.0001452, -0.0001342, -0.0001716, -0.0002321, -0.000209, -0.0001595, -0.0001309, -0.00018260000000000002, -0.000231, -0.0002112, -0.0001507, -0.0001309, -0.00018370000000000002, -0.0002233, -0.0002178, -0.0001584, -0.0001287, -0.00017710000000000002, -0.0002233, -0.00022, -0.0001628, -0.0001265, -0.00017930000000000002, -0.000231, -0.0002101, -0.0001529, -0.0001309, -0.00018700000000000002, -0.0002299, -0.0002167, -0.000154, -0.0001375, -0.00018590000000000002, -0.0002244, -0.0002134, -0.0001606, -0.0001309, -0.0001716, -0.0002244, -0.0002101, -0.0001562, -0.0001331, -0.00018260000000000002, -0.0002299, -0.0002156, -0.0001628, -0.0001474, -0.0001738, -0.0002255, -0.0002211, -0.0001496, -0.0001375, -0.00019250000000000002, -0.0002244, -0.0002145, -0.0001573, -0.0001419, -0.00017820000000000002, -0.00022, -0.000209, -0.0001562, -0.0001309, -0.00017930000000000002, -0.0002299, -0.0002112, -0.0001683, -0.0001287, -0.00018370000000000002, -0.0002299, -0.0002079, -0.0001518, -0.0001408, -0.0001727, -0.0002277, -0.0002178, -0.0001529, -0.0001375, -0.00018040000000000002, -0.0002233, -0.0002189, -0.0001529, -0.0001386, -0.00018480000000000002, -0.0002123, -0.0002112, -0.0001551, -0.0001408, -0.000176, -0.0002376, -0.0002167, -0.0001485, -0.0001386, -0.0001738, -0.0002277, -0.0002145, -0.000165, -0.000132, -0.00017930000000000002, -0.0002277, -0.0002145, -0.0001584, -0.0001331, -0.00018480000000000002, -0.0002266, -0.0002211, -0.0001551, -0.0001298, -0.00018810000000000002, -0.0002387, -0.0002156, -0.000154, -0.0001342, -0.00017930000000000002, -0.0002376, -0.0002167, -0.0001562, -0.0001342, -0.0001749, -0.0002167, -0.0002145, -0.0001573, -0.0001342, -0.0001738, -0.0002266, -0.00022, -0.0001518, -0.0001452, -0.00018370000000000002, -0.0002277, -0.0002134, -0.000154, -0.0001298, -0.00017930000000000002, -0.0002233, -0.0002145, -0.0001595, -0.000143, -0.0001727, -0.0002222, -0.0002178, -0.0001606, -0.0001331, -0.00018040000000000002, -0.0002398, -0.0002035, -0.0001617, -0.0001287, -0.00017710000000000002, -0.0002321, -0.0002156, -0.0001584, -0.000132, -0.00017820000000000002, -0.0002178, -0.0002068, -0.0001639, -0.0001419, -0.00018040000000000002, -0.0002156, -0.00020020000000000001, -0.0001529, -0.0001342, -0.00018370000000000002, -0.0002189, -0.0002134, -0.0001584, -0.0001518, -0.000176, -0.0002178, -0.0002035, -0.0001584, -0.0001309, -0.0001738, -0.0002332, -0.00022, -0.0001573, -0.0001375, -0.00018370000000000002, -0.0002233, -0.000209, -0.0001474, -0.0001375, -0.00017820000000000002, -0.0002288, -0.0002156, -0.0001573, -0.0001386, -0.00017820000000000002, -0.0002343, -0.0002101, -0.0001606, -0.0001342, -0.00018150000000000002, -0.0002376, -0.0002068, -0.0001584, -0.0001375, -0.00018040000000000002, -0.0002277, -0.0002057, -0.0001606, -0.0001375, -0.00017710000000000002, -0.0002321, -0.0002079, -0.0001639, -0.0001474, -0.00017820000000000002, -0.0002244, -0.0002123, -0.0001573, -0.0001353, -0.00017710000000000002, -0.0002332, -0.0002189, -0.0001683, -0.0001364, -0.0001727, -0.0002244, -0.0002156, -0.0001617, -0.0001342, -0.00018370000000000002, -0.0002266, -0.0002156, -0.0001573, -0.0001276, -0.00017820000000000002, -0.0002343, -0.0002134, -0.0001518, -0.0001265, -0.000176, -0.0002321, -0.0002123, -0.0001584, -0.0001375, -0.00018040000000000002, -0.0002288, -0.0002123, -0.0001617, -0.0001386, -0.00017820000000000002, -0.0002167, -0.0002145, -0.000154, -0.0001375, -0.00017930000000000002, -0.000231, -0.0002068, -0.0001584, -0.0001419, -0.00018040000000000002, -0.0002266, -0.0002145, -0.000154, -0.0001408, -0.00018480000000000002, -0.0002244, -0.0002112, -0.0001474, -0.0001331, -0.000176, -0.0002255, -0.0002068, -0.0001683, -0.0001342, -0.0001705, -0.0002255, -0.0002134, -0.0001529, -0.0001309, -0.00018370000000000002, -0.0002299, -0.0002167, -0.0001518, -0.0001364, -0.00018150000000000002, -0.0002222, -0.0002211, -0.000154, -0.0001331, -0.00018480000000000002, -0.0002189, -0.0002178, -0.0001551, -0.0001386, -0.0001749, -0.0002266, -0.0002123, -0.0001573, -0.0001276, -0.00018590000000000002, -0.0002255, -0.0002167, -0.0001551, -0.0001386, -0.0001727, -0.0002222, -0.0002123, -0.0001518, -0.0001309, -0.00018040000000000002, -0.0002277, -0.0002068, -0.000165, -0.0001419, -0.00017930000000000002, -0.00022, -0.0002112, -0.0001529, -0.0001353, -0.0001749, -0.0002222, -0.0002145, -0.0001606, -0.0001298, -0.0001727, -0.0002244, -0.0002145, -0.000154, -0.0001408, -0.00018370000000000002, -0.0002244, -0.00020020000000000001, -0.000165, -0.000132, -0.0001661, -0.0002266, -0.00022, -0.0001485, -0.0001353, -0.00018150000000000002, -0.0002277, -0.0002068, -0.0001496, -0.0001265, -0.00018150000000000002, -0.00022, -0.0002134, -0.0001485, -0.0001364, -0.00018260000000000002]","[0.0009713, 0.0008118, 0.0004081, 0.0003333, 0.0006754, 0.0009713, 0.0008239, 0.0004081, 0.00032010000000000003, 0.0006765, 0.0009658000000000001, 0.0008118, 0.0004081, 0.0003212, 0.0006765, 0.0009636, 0.0008096000000000001, 0.0004125, 0.00031790000000000003, 0.0006798, 0.0009658000000000001, 0.0008118, 0.0004092, 0.0003212, 0.0006732, 0.0009658000000000001, 0.0008096000000000001, 0.0004114, 0.0003256, 0.0006732, 0.0009592, 0.000814, 0.0004092, 0.0003267, 0.0006666, 0.0009625, 0.0008096000000000001, 0.0004136, 0.0003256, 0.000671, 0.0009669, 0.0008129000000000001, 0.0004081, 0.0003234, 0.0006732, 0.0009581, 0.0008118, 0.00040480000000000003, 0.00032010000000000003, 0.0006688, 0.0009592, 0.0008239, 0.000407, 0.0003256, 0.0006721, 0.0009614000000000001, 0.0008118, 0.0004158, 0.00031130000000000003, 0.0006754, 0.0009636, 0.0008228, 0.0004092, 0.00031790000000000003, 0.0006853, 0.0009647000000000001, 0.0008239, 0.0004103, 0.00032230000000000003, 0.0006842, 0.0009559000000000001, 0.0008206, 0.0004114, 0.0003289, 0.0006787000000000001, 0.0009658000000000001, 0.0008184, 0.0004125, 0.0003146, 0.0006699000000000001, 0.0009581, 0.0008228, 0.0004081, 0.00031570000000000003, 0.0006798, 0.0009647000000000001, 0.0008162, 0.0004092, 0.0003311, 0.0006798, 0.0009570000000000001, 0.0008162, 0.0004092, 0.0003102, 0.0006655000000000001, 0.0009614000000000001, 0.0008085000000000001, 0.0004092, 0.0003344, 0.0006776, 0.000968, 0.0008195, 0.00040480000000000003, 0.0003278, 0.0006886, 0.0009559000000000001, 0.0008151, 0.000407, 0.000319, 0.0006721, 0.000968, 0.000803, 0.0004125, 0.00031570000000000003, 0.0006776, 0.0009559000000000001, 0.000814, 0.0004114, 0.00032450000000000003, 0.0006754, 0.0009614000000000001, 0.000803, 0.0004114, 0.00031570000000000003, 0.0006721, 0.0009669, 0.0008074, 0.0004147, 0.00032450000000000003, 0.0006776, 0.0009581, 0.0008052000000000001, 0.0004147, 0.0003234, 0.0006732, 0.0009713, 0.000814, 0.0004081, 0.00031130000000000003, 0.0006776, 0.0009625, 0.0008107, 0.0004081, 0.0003267, 0.000682, 0.0009603000000000001, 0.0008096000000000001, 0.0004092, 0.0003212, 0.0006765, 0.0009526000000000001, 0.0008151, 0.0004081, 0.00032230000000000003, 0.000682, 0.000968, 0.000814, 0.0004103, 0.00032010000000000003, 0.000671, 0.0009592, 0.0008118, 0.00040040000000000003, 0.000319, 0.0006732, 0.0009592, 0.0008107, 0.0004114, 0.00032230000000000003, 0.0006842, 0.0009636, 0.0008041000000000001, 0.000407, 0.0003267, 0.0006798, 0.0009592, 0.0008129000000000001, 0.0004114, 0.0003256, 0.0006787000000000001, 0.0009636, 0.0008151, 0.000418, 0.0003311, 0.0006666, 0.0009570000000000001, 0.0008118, 0.0004114, 0.0003399, 0.0006655000000000001, 0.0009647000000000001, 0.0008019, 0.0004037, 0.0003366, 0.0006721, 0.0009559000000000001, 0.0008173000000000001, 0.0004015, 0.00032450000000000003, 0.0006732, 0.0009603000000000001, 0.0008052000000000001, 0.00039600000000000003, 0.0003267, 0.0006743000000000001, 0.0009548, 0.0008118, 0.0004037, 0.0003289, 0.0006798, 0.0009603000000000001, 0.000814, 0.0004015, 0.0003289, 0.000682, 0.0009669, 0.0008118, 0.00040480000000000003, 0.0003212, 0.0006809, 0.0009691000000000001, 0.0008129000000000001, 0.00039820000000000003, 0.0003311, 0.0006875000000000001, 0.0009504, 0.0008096000000000001, 0.0004136, 0.0003234, 0.0006776, 0.0009625, 0.0008052000000000001, 0.0004103, 0.00032450000000000003, 0.0006831000000000001, 0.0009636, 0.0008096000000000001, 0.0004125, 0.000319, 0.0006864, 0.0009614000000000001, 0.0008085000000000001, 0.0004092, 0.0003168, 0.0006831000000000001, 0.0009636, 0.0008206, 0.0004103, 0.000319, 0.0006897, 0.0009559000000000001, 0.0008041000000000001, 0.0004136, 0.0003278, 0.0006842, 0.0009713, 0.0008074, 0.000407, 0.0003212, 0.0006787000000000001, 0.0009581, 0.000814, 0.0004147, 0.0003212, 0.0006864, 0.0009581, 0.0008107, 0.00040040000000000003, 0.0003289, 0.0006798, 0.0009614000000000001, 0.0008085000000000001, 0.0004103, 0.0003333, 0.0006809, 0.0009504, 0.0008184, 0.0004147, 0.0003333, 0.0006809, 0.0009603000000000001, 0.0008063, 0.00040040000000000003, 0.00032450000000000003, 0.0006754, 0.0009581, 0.0007986, 0.0004125, 0.0003256, 0.0006941, 0.0009625, 0.0008008000000000001, 0.00040260000000000003, 0.0003212, 0.0006721, 0.0009658000000000001, 0.000814, 0.0004092, 0.00031570000000000003, 0.0006765, 0.0009581, 0.0007975, 0.00040480000000000003, 0.0003256, 0.0006754, 0.0009603000000000001, 0.0007964000000000001, 0.0004037, 0.0003146, 0.0006886, 0.0009614000000000001, 0.0008085000000000001, 0.0004103, 0.00031790000000000003, 0.0006831000000000001, 0.0009636, 0.0008096000000000001, 0.00040480000000000003, 0.00032230000000000003, 0.0006831000000000001, 0.0009669, 0.0008151, 0.00040040000000000003, 0.00032450000000000003, 0.0006864, 0.0009658000000000001, 0.0008162, 0.0004037, 0.00032230000000000003, 0.0006743000000000001, 0.0009570000000000001, 0.0008107, 0.000407, 0.0003256, 0.0006842, 0.0009669, 0.0008151, 0.0004125, 0.00031350000000000003, 0.0006831000000000001, 0.0009625, 0.0008129000000000001, 0.0004136, 0.00032230000000000003, 0.0006864, 0.0009625, 0.0008008000000000001, 0.0004015, 0.0003267, 0.000671, 0.0009658000000000001, 0.0008129000000000001, 0.0004037, 0.0003289, 0.0006886, 0.0009658000000000001, 0.0008041000000000001, 0.000407, 0.00032010000000000003, 0.0006787000000000001, 0.0009669, 0.0008008000000000001, 0.0004114, 0.00032230000000000003, 0.000682, 0.0009559000000000001, 0.0007986, 0.00040260000000000003, 0.0003234, 0.0006831000000000001, 0.0009592, 0.0008118, 0.00040260000000000003, 0.0003146, 0.0006765, 0.0009625, 0.0008008000000000001, 0.0004037, 0.0003267, 0.0006842, 0.0009526000000000001, 0.0008096000000000001, 0.0004015, 0.0003256, 0.0006787000000000001, 0.0009636, 0.0008074, 0.00039820000000000003, 0.0003256, 0.0006842, 0.0009603000000000001, 0.000803, 0.0004015, 0.00031570000000000003, 0.0007007000000000001, 0.0009713, 0.0008085000000000001, 0.0004103, 0.00033, 0.0006776, 0.0009702000000000001, 0.000814, 0.0004059, 0.0003256, 0.0006853, 0.0009625, 0.0008041000000000001, 0.000407, 0.0003234, 0.0006842, 0.0009471000000000001, 0.0008052000000000001, 0.0004103, 0.0003267, 0.0006897, 0.0009669, 0.000814, 0.000407, 0.0003267, 0.0006853, 0.0009702000000000001, 0.0008096000000000001, 0.00040040000000000003, 0.0003212, 0.0006809, 0.0009647000000000001, 0.0008063, 0.00039820000000000003, 0.00031790000000000003, 0.0006908, 0.000968, 0.0008107, 0.0004015, 0.0003289, 0.0006897, 0.0009603000000000001, 0.0008019, 0.0004059, 0.00033, 0.0006897, 0.0009592, 0.0008008000000000001, 0.0003949, 0.0003278, 0.0006721, 0.0009614000000000001, 0.0008008000000000001, 0.0004015, 0.00032230000000000003, 0.0006886, 0.0009603000000000001, 0.0008129000000000001, 0.00039380000000000003, 0.00031790000000000003, 0.0006732, 0.0009515000000000001, 0.0007975, 0.0003993, 0.00032450000000000003, 0.0006688, 0.0009702000000000001, 0.0007997000000000001, 0.0004059, 0.0003311, 0.0006842, 0.0009570000000000001, 0.0008041000000000001, 0.000407, 0.0003267, 0.0006853, 0.0009559000000000001, 0.0007986, 0.0004037, 0.000319, 0.0006853, 0.0009625, 0.0008107, 0.0003971, 0.00033, 0.0006754, 0.0009603000000000001, 0.0008019, 0.0004092, 0.00032230000000000003, 0.0006765, 0.0009614000000000001, 0.0008063, 0.0004081, 0.0003267, 0.0006897, 0.0009515000000000001, 0.0008074, 0.00039380000000000003, 0.0003278, 0.0006776, 0.0009658000000000001, 0.0007975, 0.0004081, 0.0003289, 0.0006831000000000001]",-30
6,"[4.4e-05, 2.4200000000000002e-05, 7.04e-05, 0.0001452, 0.000132, 5.39e-05, 7.7e-06, 7.04e-05, 0.0001408, 0.0001254, 4.8400000000000004e-05, 2.09e-05, 6.82e-05, 0.0001331, 0.0001298, 4.18e-05, 1.43e-05, 8.03e-05, 0.0001353, 0.0001144, 4.29e-05, 1.2100000000000001e-05, 7.37e-05, 0.0001331, 0.000121, 4.8400000000000004e-05, 1.2100000000000001e-05, 7.26e-05, 0.0001265, 0.0001364, 4.7300000000000005e-05, 9.9e-06, 7.15e-05, 0.0001419, 0.0001276, 4.6200000000000005e-05, 1.43e-05, 7.04e-05, 0.000132, 0.0001254, 4.6200000000000005e-05, 1.43e-05, 7.81e-05, 0.0001353, 0.0001309, 4.4e-05, 1.87e-05, 7.92e-05, 0.0001309, 0.0001221, 4.4e-05, 1.1e-05, 7.04e-05, 0.0001342, 0.0001287, 4.07e-05, 4.4e-06, 5.72e-05, 0.000132, 0.0001221, 4.7300000000000005e-05, 6.6e-06, 7.48e-05, 0.0001463, 0.0001188, 3.85e-05, 1.2100000000000001e-05, 7.04e-05, 0.0001331, 0.0001221, 3.74e-05, 1.76e-05, 7.81e-05, 0.0001232, 0.0001276, 5.28e-05, 2.5300000000000002e-05, 7.48e-05, 0.0001331, 0.0001133, 4.8400000000000004e-05, 6.6e-06, 7.26e-05, 0.0001342, 0.0001265, 4.6200000000000005e-05, 7.7e-06, 6.6e-05, 0.0001353, 0.0001199, 4.4e-05, 2.4200000000000002e-05, 6.49e-05, 0.0001474, 0.0001199, 4.18e-05, 1.54e-05, 7.37e-05, 0.0001331, 0.0001298, 4.6200000000000005e-05, 2.3100000000000002e-05, 7.15e-05, 0.0001342, 0.0001188, 5.28e-05, 1.2100000000000001e-05, 8.03e-05, 0.0001342, 0.000121, 4.6200000000000005e-05, 9.9e-06, 6.82e-05, 0.0001397, 0.0001254, 5.0600000000000003e-05, 1.98e-05, 7.15e-05, 0.0001331, 0.0001144, 4.5100000000000005e-05, 8.8e-06, 7.48e-05, 0.0001353, 0.0001133, 5.28e-05, 4.4e-06, 7.48e-05, 0.0001353, 0.0001276, 4.8400000000000004e-05, 1.43e-05, 7.37e-05, 0.0001364, 0.0001232, 3.96e-05, 7.7e-06, 6.93e-05, 0.0001419, 0.0001133, 4.18e-05, 1.54e-05, 6.82e-05, 0.0001408, 0.000121, 5.17e-05, 1.54e-05, 7.48e-05, 0.0001408, 0.0001243, 4.8400000000000004e-05, 6.6e-06, 6.93e-05, 0.000132, 0.0001199, 5.39e-05, 1.1e-05, 6.82e-05, 0.0001375, 0.0001342, 4.9500000000000004e-05, 8.8e-06, 6.71e-05, 0.0001397, 0.0001254, 4.8400000000000004e-05, 9.9e-06, 6.49e-05, 0.000132, 0.0001265, 3.85e-05, 1.76e-05, 7.48e-05, 0.0001331, 0.0001188, 4.6200000000000005e-05, 1.32e-05, 7.15e-05, 0.0001474, 0.0001199, 5.0600000000000003e-05, 1.2100000000000001e-05, 6.82e-05, 0.0001364, 0.0001276, 5.17e-05, 1.32e-05, 6.6e-05, 0.0001452, 0.0001199, 5.17e-05, 2.09e-05, 5.94e-05, 0.0001243, 0.0001287, 4.29e-05, 6.6e-06, 6.93e-05, 0.0001276, 0.0001265, 4.9500000000000004e-05, 1.54e-05, 6.93e-05, 0.0001397, 0.0001243, 4.18e-05, 3.3e-06, 7.37e-05, 0.0001375, 0.000121, 4.4e-05, 1.54e-05, 7.26e-05, 0.0001408, 0.0001155, 4.29e-05, 1.76e-05, 6.38e-05, 0.0001419, 0.0001155, 4.5100000000000005e-05, 2.09e-05, 6.93e-05, 0.0001342, 0.0001188, 4.5100000000000005e-05, 1.32e-05, 7.48e-05, 0.0001265, 0.0001254, 5.0600000000000003e-05, 1.54e-05, 6.05e-05, 0.0001419, 0.0001122, 4.5100000000000005e-05, 1.54e-05, 6.49e-05, 0.0001364, 0.0001254, 4.9500000000000004e-05, 1.2100000000000001e-05, 6.82e-05, 0.0001408, 0.0001265, 5.17e-05, 1.2100000000000001e-05, 6.82e-05, 0.0001331, 0.0001243, 3.52e-05, 1.65e-05, 7.37e-05, 0.0001364, 0.0001199, 4.18e-05, 1.2100000000000001e-05, 6.49e-05, 0.0001287, 0.0001177, 4.4e-05, 8.8e-06, 7.26e-05, 0.0001375, 0.0001056, 4.18e-05, 7.7e-06, 7.15e-05, 0.000143, 0.0001254, 4.7300000000000005e-05, 1.1e-05, 6.93e-05, 0.0001397, 0.000121, 5.28e-05, 1.43e-05, 7.59e-05, 0.000132, 0.0001133, 4.5100000000000005e-05, 2.09e-05, 7.92e-05, 0.0001342, 0.0001188, 4.8400000000000004e-05, 1.76e-05, 6.49e-05, 0.0001309, 0.000121, 4.5100000000000005e-05, 4.4e-06, 7.26e-05, 0.0001309, 0.0001265, 4.8400000000000004e-05, 8.8e-06, 7.15e-05, 0.0001463, 0.0001155, 3.63e-05, 1.32e-05, 7.15e-05, 0.0001353, 0.0001254, 5.61e-05, 1.2100000000000001e-05, 7.15e-05, 0.0001342, 0.0001243, 4.6200000000000005e-05, 1.2100000000000001e-05, 6.93e-05, 0.0001386, 0.0001133, 3.96e-05, 6.6e-06, 6.49e-05, 0.0001364, 0.0001177, 4.7300000000000005e-05, 1.1e-05, 8.69e-05, 0.0001364, 0.0001188, 4.18e-05, 8.8e-06, 6.6e-05, 0.0001342, 0.0001122, 4.07e-05, 9.9e-06, 6.82e-05, 0.0001397, 0.0001232, 5.28e-05, 1.98e-05, 7.15e-05, 0.0001408, 0.0001309, 5.17e-05, 9.9e-06, 7.48e-05, 0.0001386, 0.0001232, 3.19e-05, 1.54e-05, 7.37e-05, 0.0001353, 0.0001298, 5.28e-05, 5.5e-06, 7.81e-05, 0.0001386, 0.0001221, 4.7300000000000005e-05, 1.43e-05, 6.05e-05, 0.0001331, 0.000121, 4.7300000000000005e-05, 1.65e-05, 6.05e-05, 0.0001419, 0.0001265, 4.29e-05, 1.2100000000000001e-05, 7.26e-05, 0.0001364, 0.0001265, 5.0600000000000003e-05, 1.43e-05, 6.71e-05, 0.0001276, 0.000121, 5.17e-05, 1.2100000000000001e-05, 6.93e-05, 0.0001386, 0.0001232, 4.6200000000000005e-05, 8.8e-06, 7.04e-05, 0.0001254, 0.0001221, 3.96e-05, 1.1e-05, 7.59e-05, 0.0001331, 0.0001243, 4.7300000000000005e-05, 1.32e-05, 7.15e-05, 0.0001353, 0.0001221, 4.7300000000000005e-05, 1.32e-05, 6.49e-05, 0.000132, 0.0001188, 4.4e-05, 1.32e-05, 6.82e-05, 0.0001364, 0.0001089, 4.6200000000000005e-05, 1.98e-05, 6.82e-05, 0.0001287, 0.000121, 4.6200000000000005e-05, 1.2100000000000001e-05, 6.6e-05, 0.0001353, 0.0001276, 4.07e-05, 2.09e-05, 6.82e-05, 0.0001243, 0.0001166, 5.0600000000000003e-05, 1.2100000000000001e-05, 7.15e-05, 0.0001397, 0.000121, 4.4e-05, 1.76e-05, 7.92e-05, 0.0001386, 0.0001232, 4.07e-05, 1.87e-05, 7.92e-05, 0.0001331, 0.0001155, 4.18e-05, 7.7e-06, 7.26e-05, 0.000132, 0.0001122, 4.9500000000000004e-05, 1.2100000000000001e-05, 6.82e-05, 0.0001342, 0.0001221, 3.63e-05, 1.98e-05, 6.6e-05, 0.0001386, 0.0001166, 5.61e-05, 1.1e-05, 7.37e-05, 0.0001397, 0.0001265, 3.85e-05, 1.65e-05, 6.93e-05, 0.0001408, 0.0001144, 4.5100000000000005e-05, 1.65e-05, 7.04e-05, 0.0001353, 0.0001188, 4.07e-05, 1.65e-05, 7.59e-05, 0.0001331, 0.0001298, 4.07e-05, 1.1e-05, 6.93e-05, 0.000143, 0.0001188, 5.17e-05, 1.54e-05, 6.82e-05, 0.0001331, 0.0001122, 4.6200000000000005e-05, 9.9e-06, 6.82e-05, 0.0001287, 0.0001254, 4.29e-05, 1.1e-05, 7.81e-05, 0.0001353, 0.0001199, 4.4e-05, 5.5e-06, 6.93e-05, 0.000143, 0.0001078, 4.9500000000000004e-05, 2.2e-06, 7.48e-05, 0.0001386, 0.0001144]","[-0.0001584, -0.0001397, -0.0001738, -0.0002244, -0.00020240000000000001, -0.0001672, -0.0001419, -0.00017930000000000002, -0.000231, -0.0002123, -0.0001551, -0.0001276, -0.000176, -0.0002321, -0.0002112, -0.0001496, -0.0001331, -0.00018040000000000002, -0.0002266, -0.0002145, -0.0001463, -0.0001397, -0.00018700000000000002, -0.0002178, -0.0002035, -0.0001617, -0.0001375, -0.00019580000000000002, -0.0002431, -0.0002156, -0.0001573, -0.0001441, -0.00017710000000000002, -0.0002299, -0.00019800000000000002, -0.000165, -0.0001419, -0.00018590000000000002, -0.0002233, -0.0002112, -0.0001595, -0.0001353, -0.00018700000000000002, -0.0002244, -0.0002145, -0.0001474, -0.0001474, -0.00018370000000000002, -0.0002211, -0.0002134, -0.0001639, -0.0001386, -0.00018810000000000002, -0.0002189, -0.0002101, -0.0001441, -0.0001496, -0.0001727, -0.0002299, -0.0002123, -0.0001518, -0.0001408, -0.00018040000000000002, -0.0002321, -0.0002079, -0.000154, -0.0001353, -0.000176, -0.0002222, -0.0002156, -0.0001584, -0.0001287, -0.00018590000000000002, -0.00022, -0.0002046, -0.0001496, -0.0001397, -0.00017930000000000002, -0.0002134, -0.0002068, -0.0001551, -0.0001397, -0.00018810000000000002, -0.0002343, -0.0002112, -0.0001529, -0.0001386, -0.00018590000000000002, -0.0002299, -0.0002167, -0.0001617, -0.0001375, -0.00018810000000000002, -0.0002266, -0.0002068, -0.000154, -0.0001353, -0.00018150000000000002, -0.0002244, -0.0002156, -0.0001496, -0.0001441, -0.0001705, -0.0002288, -0.0002101, -0.0001551, -0.000132, -0.00018370000000000002, -0.0002266, -0.000209, -0.000154, -0.000132, -0.00017710000000000002, -0.0002189, -0.0002068, -0.0001562, -0.0001331, -0.00018040000000000002, -0.0002156, -0.0002035, -0.0001529, -0.0001309, -0.00018370000000000002, -0.0002277, -0.0002057, -0.0001419, -0.0001353, -0.00018920000000000002, -0.0002332, -0.000209, -0.0001628, -0.0001408, -0.0001749, -0.0002288, -0.0002112, -0.0001507, -0.000132, -0.0001727, -0.0002244, -0.0002101, -0.0001606, -0.0001342, -0.00018700000000000002, -0.0002211, -0.000209, -0.0001573, -0.000132, -0.00019580000000000002, -0.00022, -0.0002156, -0.0001485, -0.0001353, -0.00018700000000000002, -0.0002211, -0.0002112, -0.0001452, -0.0001386, -0.00018150000000000002, -0.0002222, -0.0002035, -0.0001573, -0.000132, -0.00018810000000000002, -0.0002277, -0.0002178, -0.0001474, -0.0001408, -0.00018040000000000002, -0.0002233, -0.0002079, -0.0001529, -0.0001452, -0.00018480000000000002, -0.0002211, -0.0002134, -0.0001529, -0.0001309, -0.00018150000000000002, -0.0002233, -0.0002167, -0.0001562, -0.0001364, -0.00018040000000000002, -0.0002244, -0.0002145, -0.0001551, -0.0001276, -0.00018040000000000002, -0.0002354, -0.000209, -0.0001518, -0.0001375, -0.0001727, -0.0002101, -0.0002057, -0.0001573, -0.0001342, -0.00018480000000000002, -0.0002299, -0.0002046, -0.0001562, -0.0001364, -0.00018150000000000002, -0.0002222, -0.0002068, -0.0001507, -0.0001397, -0.00018370000000000002, -0.0002288, -0.0002156, -0.0001507, -0.0001386, -0.00018480000000000002, -0.0002244, -0.0002057, -0.0001573, -0.0001386, -0.00018260000000000002, -0.0002277, -0.000209, -0.0001606, -0.0001419, -0.00018480000000000002, -0.0002299, -0.0002167, -0.0001573, -0.0001298, -0.00018370000000000002, -0.0002321, -0.0002123, -0.000154, -0.0001408, -0.00018590000000000002, -0.0002189, -0.0002123, -0.0001562, -0.0001364, -0.00018700000000000002, -0.000231, -0.0002101, -0.0001573, -0.0001364, -0.00017930000000000002, -0.0002266, -0.0002123, -0.0001518, -0.0001331, -0.00019250000000000002, -0.0002222, -0.0002079, -0.0001595, -0.0001441, -0.00018810000000000002, -0.0002255, -0.0002167, -0.0001551, -0.0001342, -0.00018590000000000002, -0.0002189, -0.0002035, -0.0001562, -0.0001276, -0.00018260000000000002, -0.0002288, -0.0002134, -0.0001419, -0.0001397, -0.00018040000000000002, -0.0002266, -0.0002101, -0.0001595, -0.0001364, -0.0001738, -0.0002277, -0.0002156, -0.0001463, -0.0001364, -0.00017710000000000002, -0.00022, -0.0002068, -0.000154, -0.0001265, -0.00017710000000000002, -0.0002277, -0.0002057, -0.0001485, -0.0001353, -0.00018260000000000002, -0.00022, -0.0002101, -0.0001628, -0.0001375, -0.00017930000000000002, -0.0002189, -0.0002057, -0.0001584, -0.0001342, -0.00018810000000000002, -0.0002233, -0.000209, -0.000154, -0.0001353, -0.00018260000000000002, -0.0002156, -0.0002101, -0.0001551, -0.0001419, -0.00019360000000000002, -0.0002288, -0.0002046, -0.0001628, -0.0001397, -0.00017710000000000002, -0.0002189, -0.0002112, -0.0001485, -0.0001397, -0.00018700000000000002, -0.0002321, -0.0002112, -0.0001617, -0.000132, -0.00018480000000000002, -0.0002178, -0.0002145, -0.0001573, -0.0001386, -0.00017930000000000002, -0.0002343, -0.0002035, -0.0001562, -0.0001441, -0.00018370000000000002, -0.0002178, -0.0002079, -0.000154, -0.0001298, -0.00018150000000000002, -0.0002189, -0.0002112, -0.000154, -0.0001408, -0.00019030000000000002, -0.0002233, -0.00020020000000000001, -0.0001595, -0.0001397, -0.00017820000000000002, -0.0002343, -0.0002112, -0.0001529, -0.0001386, -0.00018480000000000002, -0.0002266, -0.0002167, -0.0001529, -0.0001364, -0.0001749, -0.0002288, -0.0002123, -0.0001617, -0.0001419, -0.00017710000000000002, -0.0002299, -0.0002145, -0.0001584, -0.0001452, -0.00018260000000000002, -0.0002189, -0.0002123, -0.0001485, -0.0001408, -0.00018150000000000002, -0.0002233, -0.0002112, -0.0001551, -0.0001364, -0.00017820000000000002, -0.0002277, -0.0002167, -0.0001573, -0.0001408, -0.00018370000000000002, -0.0002266, -0.0002112, -0.0001551, -0.0001309, -0.00018920000000000002, -0.00022, -0.0002211, -0.0001551, -0.0001375, -0.00018810000000000002, -0.0002321, -0.0002167, -0.0001507, -0.0001353, -0.00018480000000000002, -0.0002288, -0.0002112, -0.0001507, -0.0001507, -0.0001727, -0.0002288, -0.0002112, -0.0001529, -0.000143, -0.00018260000000000002, -0.0002222, -0.0002134, -0.0001518, -0.0001397, -0.00017710000000000002, -0.0002189, -0.0002079, -0.0001595, -0.0001254, -0.00018590000000000002, -0.0002321, -0.0002068, -0.0001562, -0.0001397, -0.00017820000000000002, -0.0002134, -0.0002057, -0.0001452, -0.0001375, -0.0001683, -0.0002343, -0.00020130000000000001, -0.0001562, -0.0001342, -0.00017820000000000002, -0.0002244, -0.0002035, -0.0001474, -0.0001254, -0.00018260000000000002, -0.0002277, -0.0002222, -0.0001606, -0.0001375, -0.00019800000000000002, -0.0002266, -0.0002156, -0.0001551, -0.0001331, -0.00018370000000000002, -0.0002255, -0.00020240000000000001, -0.000154, -0.0001375, -0.0001749, -0.0002266, -0.0002123, -0.0001551, -0.0001342, -0.00017710000000000002, -0.0002244, -0.0002167, -0.0001518, -0.0001408, -0.00019250000000000002, -0.0002266, -0.0002079, -0.0001386, -0.0001375, -0.00018150000000000002, -0.0002288, -0.0002057, -0.0001463, -0.000143, -0.00019250000000000002, -0.0002255, -0.0002079, -0.0001584, -0.0001364, -0.00018590000000000002, -0.0002343, -0.0002112, -0.0001639, -0.0001309, -0.00018260000000000002, -0.0002134, -0.0002057, -0.0001551, -0.0001441, -0.00018700000000000002, -0.0002222, -0.0002035, -0.0001485, -0.0001485, -0.00018370000000000002, -0.0002255, -0.0002156, -0.0001595, -0.0001254, -0.00017820000000000002, -0.0002266, -0.0002057]","[0.0003993, 0.0003333, 0.0006963000000000001, 0.0009537, 0.0008041000000000001, 0.0003949, 0.0003311, 0.0006974, 0.0009471000000000001, 0.0007986, 0.00039820000000000003, 0.0003311, 0.0006908, 0.0009614000000000001, 0.0007964000000000001, 0.00039600000000000003, 0.0003168, 0.0006974, 0.0009559000000000001, 0.0007832000000000001, 0.00039820000000000003, 0.0003278, 0.0006952, 0.0009537, 0.0007953000000000001, 0.00039820000000000003, 0.0003289, 0.0006809, 0.0009647000000000001, 0.0007975, 0.0003971, 0.0003333, 0.0006853, 0.0009647000000000001, 0.0007865000000000001, 0.0003993, 0.0003344, 0.0006864, 0.0009559000000000001, 0.0007898, 0.0004015, 0.0003212, 0.0006798, 0.0009482000000000001, 0.0007964000000000001, 0.00038500000000000003, 0.0003289, 0.0006853, 0.000946, 0.0007887, 0.0003905, 0.0003388, 0.0006963000000000001, 0.0009493, 0.0007854, 0.0003949, 0.0003311, 0.0006985, 0.0009636, 0.0007931, 0.0003971, 0.00032450000000000003, 0.0006952, 0.0009537, 0.0007953000000000001, 0.0003949, 0.0003212, 0.0006952, 0.0009581, 0.0007865000000000001, 0.0003927, 0.0003366, 0.0006963000000000001, 0.0009614000000000001, 0.0007920000000000001, 0.0003949, 0.0003388, 0.0006952, 0.0009592, 0.0007920000000000001, 0.0003993, 0.00032450000000000003, 0.0006919000000000001, 0.0009570000000000001, 0.0007887, 0.00038940000000000003, 0.00032450000000000003, 0.0006941, 0.0009537, 0.0007898, 0.0003993, 0.0003289, 0.0006908, 0.0009570000000000001, 0.0007931, 0.0003993, 0.0003388, 0.000693, 0.0009559000000000001, 0.0007997000000000001, 0.0003839, 0.0003267, 0.0006897, 0.0009581, 0.0007931, 0.00038940000000000003, 0.0003278, 0.0006853, 0.0009658000000000001, 0.0008008000000000001, 0.0003971, 0.0003344, 0.0006974, 0.0009581, 0.0008041000000000001, 0.0003927, 0.0003267, 0.0006908, 0.0009614000000000001, 0.0007876000000000001, 0.00038940000000000003, 0.0003278, 0.0006875000000000001, 0.0009559000000000001, 0.0007953000000000001, 0.0003971, 0.00033, 0.000693, 0.0009603000000000001, 0.0007920000000000001, 0.00039160000000000003, 0.0003311, 0.0006952, 0.0009625, 0.000803, 0.00039160000000000003, 0.0003366, 0.0006853, 0.0009592, 0.0007953000000000001, 0.00038280000000000003, 0.0003311, 0.0006974, 0.0009537, 0.0007865000000000001, 0.0003927, 0.0003377, 0.000682, 0.0009691000000000001, 0.0007920000000000001, 0.0004037, 0.0003311, 0.0006875000000000001, 0.0009603000000000001, 0.0007931, 0.00039380000000000003, 0.0003311, 0.0006952, 0.0009625, 0.0007942, 0.0003971, 0.0003322, 0.0006941, 0.0009647000000000001, 0.0007876000000000001, 0.0003905, 0.00032450000000000003, 0.0006963000000000001, 0.0009625, 0.0007953000000000001, 0.0003883, 0.0003278, 0.0006974, 0.0009592, 0.0007909000000000001, 0.00039380000000000003, 0.0003289, 0.0006919000000000001, 0.0009592, 0.0007898, 0.0003927, 0.0003278, 0.0006908, 0.0009581, 0.0007964000000000001, 0.00039160000000000003, 0.00031790000000000003, 0.0006952, 0.0009636, 0.0007898, 0.0003905, 0.0003311, 0.0006985, 0.0009537, 0.0007920000000000001, 0.0003861, 0.0003256, 0.0006941, 0.0009559000000000001, 0.0007931, 0.0003927, 0.00033, 0.0006996, 0.0009614000000000001, 0.0007909000000000001, 0.00038500000000000003, 0.0003234, 0.0006996, 0.0009647000000000001, 0.0007997000000000001, 0.0003905, 0.0003388, 0.0006974, 0.0009669, 0.0007953000000000001, 0.0003949, 0.0003388, 0.0006919000000000001, 0.0009636, 0.0007876000000000001, 0.00039160000000000003, 0.0003421, 0.0006941, 0.0009592, 0.0007920000000000001, 0.00039160000000000003, 0.0003267, 0.0006941, 0.0009526000000000001, 0.0007876000000000001, 0.00039160000000000003, 0.0003289, 0.0006996, 0.0009636, 0.0007964000000000001, 0.0003949, 0.0003355, 0.0006908, 0.0009614000000000001, 0.0007865000000000001, 0.0003971, 0.0003267, 0.0006908, 0.0009647000000000001, 0.0007854, 0.00038940000000000003, 0.0003289, 0.0006941, 0.0009592, 0.0007821000000000001, 0.00038940000000000003, 0.0003377, 0.0006875000000000001, 0.0009647000000000001, 0.0007931, 0.00039160000000000003, 0.0003311, 0.0006963000000000001, 0.0009614000000000001, 0.0007887, 0.0004015, 0.0003366, 0.0006963000000000001, 0.0009537, 0.0007832000000000001, 0.00039160000000000003, 0.0003278, 0.0006809, 0.0009614000000000001, 0.0007920000000000001, 0.00039820000000000003, 0.0003289, 0.0007007000000000001, 0.0009570000000000001, 0.0007920000000000001, 0.0003861, 0.0003344, 0.0006875000000000001, 0.0009647000000000001, 0.0007953000000000001, 0.00038720000000000003, 0.0003267, 0.0006864, 0.0009581, 0.0007876000000000001, 0.00039820000000000003, 0.0003366, 0.0006996, 0.0009537, 0.0007821000000000001, 0.00038940000000000003, 0.0003399, 0.0006875000000000001, 0.0009592, 0.0007854, 0.0004015, 0.0003322, 0.0006897, 0.0009537, 0.0007887, 0.0003927, 0.0003344, 0.0006886, 0.0009603000000000001, 0.0007865000000000001, 0.00038500000000000003, 0.00032230000000000003, 0.0006985, 0.0009537, 0.0007898, 0.0003905, 0.00033, 0.0006952, 0.0009581, 0.0007876000000000001, 0.0003839, 0.0003366, 0.0006908, 0.0009647000000000001, 0.0007953000000000001, 0.0003971, 0.0003311, 0.0007084000000000001, 0.0009559000000000001, 0.0007953000000000001, 0.0003883, 0.0003322, 0.0007007000000000001, 0.0009603000000000001, 0.0007843, 0.0003905, 0.0003267, 0.0006919000000000001, 0.0009515000000000001, 0.0007898, 0.0004059, 0.00033, 0.0007007000000000001, 0.0009570000000000001, 0.0007975, 0.00038720000000000003, 0.0003421, 0.0006974, 0.0009515000000000001, 0.0007975, 0.00038280000000000003, 0.00033, 0.0006908, 0.0009581, 0.0007920000000000001, 0.0003949, 0.0003278, 0.0006897, 0.0009614000000000001, 0.0007865000000000001, 0.00039600000000000003, 0.00033, 0.0006974, 0.0009559000000000001, 0.0007788000000000001, 0.00038940000000000003, 0.0003234, 0.0007029, 0.0009537, 0.0007865000000000001, 0.0003861, 0.0003289, 0.000704, 0.0009724, 0.0007854, 0.0003795, 0.0003311, 0.0006908, 0.0009515000000000001, 0.0007898, 0.00039600000000000003, 0.00033, 0.0006963000000000001, 0.0009482000000000001, 0.0007898, 0.00038280000000000003, 0.0003256, 0.000693, 0.0009647000000000001, 0.0007898, 0.00038500000000000003, 0.0003289, 0.0006941, 0.0009526000000000001, 0.0007931, 0.0003905, 0.0003388, 0.0007007000000000001, 0.0009570000000000001, 0.0007832000000000001, 0.0003905, 0.00033, 0.0006985, 0.0009537, 0.0007887, 0.00039160000000000003, 0.000341, 0.0007051000000000001, 0.0009537, 0.0007777000000000001, 0.00037840000000000004, 0.0003322, 0.000693, 0.0009537, 0.0007953000000000001, 0.0003971, 0.0003366, 0.0006897, 0.0009625, 0.0007876000000000001, 0.00038280000000000003, 0.0003344, 0.0006974, 0.0009614000000000001, 0.0007887, 0.00038940000000000003, 0.0003256, 0.0006985, 0.0009636, 0.0007887, 0.0003861, 0.0003289, 0.0006963000000000001, 0.0009658000000000001, 0.0007843, 0.0003927, 0.0003355, 0.0006974, 0.0009559000000000001, 0.0007887, 0.0003861, 0.0003289, 0.0006919000000000001, 0.0009592, 0.0007766, 0.0003905, 0.0003289, 0.0006908, 0.0009559000000000001, 0.0007788000000000001, 0.0003905, 0.00032450000000000003, 0.0007084000000000001, 0.0009559000000000001, 0.0007865000000000001, 0.00038720000000000003, 0.0003256, 0.0006963000000000001, 0.0009482000000000001, 0.0007832000000000001, 0.0003971, 0.0003267, 0.0006853, 0.0009581, 0.0007821000000000001, 0.00039600000000000003, 0.0003267, 0.0007051000000000001, 0.0009647000000000001, 0.0007744000000000001, 0.0003883, 0.0003388, 0.0006875000000000001, 0.0009581, 0.0007799, 0.0003905, 0.0003333, 0.000693, 0.0009581, 0.0007865000000000001, 0.0003839, 0.0003355, 0.0007029, 0.0009559000000000001, 0.0007931, 0.00039160000000000003, 0.0003377, 0.0006996, 0.0009493, 0.0007854, 0.00038500000000000003, 0.0003421, 0.0007073, 0.0009603000000000001, 0.0007755, 0.00038500000000000003, 0.00033, 0.0006941, 0.0009625, 0.000781, 0.00038720000000000003, 0.0003355, 0.0006985, 0.0009548, 0.0007876000000000001]",-29
7,"[1.98e-05, 7.04e-05, 0.0001452, 0.0001133, 4.29e-05, 1.87e-05, 6.6e-05, 0.0001375, 0.0001166, 3.3e-05, 1.54e-05, 7.48e-05, 0.0001397, 0.000121, 4.4e-05, 2.2e-06, 7.81e-05, 0.0001364, 0.0001166, 4.18e-05, 1.1e-05, 7.92e-05, 0.0001375, 0.0001243, 4.29e-05, 1.65e-05, 7.37e-05, 0.0001408, 0.0001177, 4.29e-05, 1.43e-05, 7.48e-05, 0.0001287, 0.0001177, 4.29e-05, 9.9e-06, 7.37e-05, 0.0001375, 0.0001111, 4.8400000000000004e-05, 1.32e-05, 6.93e-05, 0.0001331, 0.0001199, 4.29e-05, 1.65e-05, 6.27e-05, 0.0001342, 0.0001089, 4.29e-05, 6.6e-06, 7.7e-05, 0.0001364, 0.0001166, 4.5100000000000005e-05, 4.4e-06, 6.16e-05, 0.0001276, 0.0001188, 4.18e-05, 1.98e-05, 7.59e-05, 0.0001298, 0.0001199, 3.85e-05, 1.32e-05, 6.71e-05, 0.0001386, 0.0001276, 4.5100000000000005e-05, 1.32e-05, 6.16e-05, 0.0001309, 0.0001199, 4.07e-05, 1.65e-05, 5.94e-05, 0.0001331, 0.0001243, 5.0600000000000003e-05, 9.9e-06, 6.82e-05, 0.0001298, 0.0001177, 4.8400000000000004e-05, 9.9e-06, 6.93e-05, 0.0001309, 0.000121, 3.85e-05, 8.8e-06, 7.59e-05, 0.0001353, 0.000121, 4.29e-05, 7.7e-06, 6.71e-05, 0.0001265, 0.0001221, 3.85e-05, 1.1e-05, 7.15e-05, 0.0001265, 0.0001276, 3.85e-05, 1.54e-05, 6.93e-05, 0.0001276, 0.0001111, 3.3e-05, 1.43e-05, 7.7e-05, 0.0001397, 0.0001177, 4.4e-05, 1.43e-05, 6.93e-05, 0.0001485, 0.0001155, 4.4e-05, 1.43e-05, 7.48e-05, 0.0001221, 0.0001122, 4.18e-05, 2.09e-05, 7.7e-05, 0.0001243, 0.0001199, 3.74e-05, 9.9e-06, 7.04e-05, 0.0001397, 0.0001133, 4.29e-05, 2.09e-05, 7.48e-05, 0.0001265, 0.000121, 4.7300000000000005e-05, 9.9e-06, 8.25e-05, 0.0001309, 0.0001199, 4.6200000000000005e-05, 1.76e-05, 7.26e-05, 0.0001364, 0.0001166, 4.5100000000000005e-05, 5.5e-06, 6.27e-05, 0.0001386, 0.0001166, 4.18e-05, 2.09e-05, 6.71e-05, 0.0001419, 0.0001144, 3.85e-05, 6.6e-06, 7.92e-05, 0.0001342, 0.0001144, 4.9500000000000004e-05, 1.76e-05, 7.26e-05, 0.0001364, 0.0001188, 4.6200000000000005e-05, 1.98e-05, 6.27e-05, 0.0001419, 0.0001133, 4.9500000000000004e-05, 8.8e-06, 8.03e-05, 0.000143, 0.0001144, 4.6200000000000005e-05, 1.76e-05, 7.48e-05, 0.0001375, 0.0001243, 4.07e-05, 1.87e-05, 7.15e-05, 0.0001353, 0.0001144, 4.07e-05, 1.87e-05, 7.48e-05, 0.0001265, 0.0001122, 4.29e-05, 9.9e-06, 6.6e-05, 0.0001309, 0.00011, 4.6200000000000005e-05, 9.9e-06, 6.38e-05, 0.0001287, 0.00011, 4.8400000000000004e-05, 6.6e-06, 6.49e-05, 0.0001298, 0.0001188, 4.8400000000000004e-05, 1.76e-05, 7.04e-05, 0.0001364, 0.0001155, 3.63e-05, 1.65e-05, 6.6e-05, 0.0001298, 0.00011, 4.5100000000000005e-05, 7.7e-06, 6.71e-05, 0.0001342, 0.000121, 3.41e-05, 8.8e-06, 7.92e-05, 0.0001298, 0.0001177, 4.6200000000000005e-05, 5.5e-06, 8.03e-05, 0.0001375, 0.0001111, 3.96e-05, 1.87e-05, 7.15e-05, 0.0001287, 0.0001298, 3.41e-05, 1.87e-05, 8.58e-05, 0.0001276, 0.0001199, 3.85e-05, 1.2100000000000001e-05, 6.93e-05, 0.0001397, 0.000121, 4.7300000000000005e-05, 1.43e-05, 7.04e-05, 0.0001287, 0.0001232, 3.52e-05, 1.87e-05, 6.38e-05, 0.0001331, 0.0001221, 4.7300000000000005e-05, 5.5e-06, 7.15e-05, 0.0001265, 0.0001122, 3.52e-05, 1.76e-05, 6.49e-05, 0.0001298, 0.0001166, 4.7300000000000005e-05, 1.76e-05, 6.49e-05, 0.0001276, 0.0001155, 2.97e-05, 9.9e-06, 6.71e-05, 0.0001221, 0.0001155, 3.85e-05, 1.32e-05, 7.04e-05, 0.0001298, 0.0001133, 3.96e-05, 1.1e-06, 6.71e-05, 0.0001342, 0.0001254, 4.9500000000000004e-05, 1.43e-05, 5.83e-05, 0.0001397, 0.0001188, 4.18e-05, 1.43e-05, 6.82e-05, 0.0001331, 0.000121, 4.29e-05, 2.4200000000000002e-05, 6.71e-05, 0.0001287, 0.0001221, 4.29e-05, 9.9e-06, 7.59e-05, 0.0001375, 0.0001111, 5.28e-05, 1.2100000000000001e-05, 6.93e-05, 0.0001243, 0.0001254, 4.18e-05, 5.5e-06, 7.04e-05, 0.0001309, 0.0001188, 4.29e-05, 6.6e-06, 7.48e-05, 0.000132, 0.0001221, 4.5100000000000005e-05, 1.32e-05, 6.38e-05, 0.0001298, 0.0001232, 3.52e-05, 1.32e-05, 8.03e-05, 0.0001386, 0.0001177, 4.18e-05, 1.98e-05, 7.04e-05, 0.0001309, 0.0001144, 4.4e-05, 1.2100000000000001e-05, 7.04e-05, 0.0001375, 0.0001276, 4.4e-05, 9.9e-06, 6.93e-05, 0.0001199, 0.0001199, 4.9500000000000004e-05, 1.2100000000000001e-05, 6.6e-05, 0.0001353, 0.0001166, 3.96e-05, 5.5e-06, 7.26e-05, 0.0001353, 0.0001078, 4.18e-05, 1.65e-05, 7.48e-05, 0.0001397, 0.0001133, 4.18e-05, 1.2100000000000001e-05, 7.59e-05, 0.0001452, 0.0001155, 3.74e-05, 1.76e-05, 7.37e-05, 0.0001331, 0.0001199, 4.7300000000000005e-05, 1.2100000000000001e-05, 6.6e-05, 0.0001386, 0.0001122, 3.96e-05, 1.65e-05, 6.6e-05, 0.0001342, 0.0001122, 3.96e-05, 1.1e-05, 7.15e-05, 0.0001309, 0.0001298, 4.18e-05, 1.65e-05, 6.71e-05, 0.0001265, 0.0001166, 3.74e-05, 1.76e-05, 7.92e-05, 0.0001331, 0.00011, 4.4e-05, 2.3100000000000002e-05, 7.15e-05, 0.0001276, 0.0001221, 4.07e-05, 1.2100000000000001e-05, 7.92e-05, 0.0001287, 0.0001221, 4.4e-05, 1.1e-06, 8.03e-05, 0.0001518, 0.0001177, 3.85e-05, 1.32e-05, 7.81e-05, 0.0001375, 0.0001155, 4.07e-05, 6.6e-06, 7.15e-05, 0.0001353, 0.0001199, 4.6200000000000005e-05, 1.54e-05, 6.71e-05, 0.0001364, 0.0001144, 3.96e-05, 1.1e-05, 6.49e-05, 0.0001254, 0.0001023, 3.3e-05, 9.9e-06, 7.48e-05, 0.0001408, 0.0001166, 4.6200000000000005e-05, 1.32e-05, 7.7e-05, 0.0001309, 0.0001155, 4.29e-05, 8.8e-06, 7.26e-05, 0.0001243, 0.0001177, 4.29e-05, 1.54e-05, 7.15e-05, 0.0001254, 0.0001133, 4.5100000000000005e-05, 1.76e-05, 6.93e-05, 0.0001386, 0.0001155, 3.63e-05, 9.9e-06, 6.38e-05, 0.0001331, 0.000132, 3.85e-05, 1.43e-05, 7.81e-05, 0.000132, 0.0001221, 4.7300000000000005e-05, 7.7e-06, 7.92e-05, 0.0001342, 0.0001199, 3.63e-05, 1.54e-05, 7.04e-05, 0.0001298, 0.0001232, 3.85e-05, 1.32e-05, 6.82e-05, 0.0001254, 0.0001177, 4.18e-05, 8.8e-06, 7.15e-05, 0.0001408, 0.0001254, 4.5100000000000005e-05, 8.8e-06, 6.49e-05, 0.0001331, 0.0001221, 3.41e-05, 1.1e-05, 7.48e-05, 0.0001397, 0.00011, 4.07e-05]","[-0.0001441, -0.00018810000000000002, -0.0002343, -0.000209, -0.0001628, -0.0001375, -0.00018810000000000002, -0.0002255, -0.0002112, -0.0001529, -0.0001331, -0.00018700000000000002, -0.0002277, -0.0002101, -0.000154, -0.0001419, -0.00018700000000000002, -0.0002321, -0.0002123, -0.0001463, -0.000132, -0.00018810000000000002, -0.0002299, -0.0002046, -0.0001562, -0.0001397, -0.00018150000000000002, -0.0002244, -0.0002156, -0.000154, -0.0001353, -0.00019360000000000002, -0.0002211, -0.0002079, -0.0001507, -0.0001463, -0.00018150000000000002, -0.0002332, -0.0002134, -0.0001529, -0.0001298, -0.00018260000000000002, -0.0002299, -0.0002189, -0.0001584, -0.0001419, -0.00019250000000000002, -0.0002178, -0.0002035, -0.0001474, -0.0001331, -0.00017930000000000002, -0.000231, -0.0002046, -0.0001518, -0.0001298, -0.00019030000000000002, -0.000231, -0.0002123, -0.0001507, -0.0001397, -0.00018700000000000002, -0.0002321, -0.0002046, -0.0001617, -0.0001342, -0.00019140000000000002, -0.0002255, -0.00019690000000000002, -0.0001518, -0.0001331, -0.00017930000000000002, -0.0002178, -0.0002156, -0.000143, -0.0001408, -0.00018150000000000002, -0.0002167, -0.0002112, -0.0001584, -0.0001375, -0.00018150000000000002, -0.0002244, -0.0002046, -0.0001595, -0.0001353, -0.00018920000000000002, -0.0002211, -0.0002123, -0.0001606, -0.0001386, -0.00018920000000000002, -0.0002255, -0.0002134, -0.0001584, -0.0001375, -0.00018260000000000002, -0.0002288, -0.0002046, -0.0001573, -0.0001276, -0.00018590000000000002, -0.0002255, -0.0002101, -0.0001595, -0.0001474, -0.00018040000000000002, -0.0002156, -0.000209, -0.0001573, -0.0001276, -0.00018920000000000002, -0.0002244, -0.0002057, -0.0001485, -0.0001441, -0.00019030000000000002, -0.0002354, -0.0002156, -0.0001496, -0.0001364, -0.00018150000000000002, -0.00022, -0.0002068, -0.0001584, -0.0001397, -0.00019250000000000002, -0.0002222, -0.0002167, -0.0001628, -0.0001309, -0.00018700000000000002, -0.0002332, -0.0002112, -0.0001529, -0.0001331, -0.00019030000000000002, -0.0002244, -0.00020020000000000001, -0.0001507, -0.0001408, -0.00018370000000000002, -0.0002299, -0.000209, -0.0001496, -0.0001496, -0.00017820000000000002, -0.0002178, -0.0002134, -0.0001474, -0.0001375, -0.00018260000000000002, -0.0002255, -0.0002079, -0.0001606, -0.0001463, -0.00018810000000000002, -0.0002255, -0.0002112, -0.0001518, -0.0001375, -0.00019030000000000002, -0.0002222, -0.0002035, -0.0001518, -0.0001452, -0.00018810000000000002, -0.0002211, -0.0002057, -0.000154, -0.0001309, -0.00019140000000000002, -0.000231, -0.0002112, -0.0001595, -0.0001485, -0.00019580000000000002, -0.0002167, -0.0002079, -0.0001496, -0.0001441, -0.00019030000000000002, -0.0002277, -0.0002057, -0.000154, -0.0001386, -0.00019140000000000002, -0.000231, -0.0002123, -0.0001705, -0.0001408, -0.00018700000000000002, -0.000231, -0.0002046, -0.000154, -0.0001463, -0.00018040000000000002, -0.0002244, -0.0002112, -0.0001474, -0.0001276, -0.00018040000000000002, -0.000231, -0.0002134, -0.0001584, -0.000154, -0.00018700000000000002, -0.0002332, -0.0002112, -0.0001606, -0.0001309, -0.000176, -0.0002288, -0.0002134, -0.0001562, -0.0001364, -0.00018700000000000002, -0.0002288, -0.0002112, -0.0001584, -0.0001353, -0.00018920000000000002, -0.0002266, -0.0002101, -0.0001485, -0.0001397, -0.00018590000000000002, -0.0002354, -0.000209, -0.0001474, -0.0001397, -0.00018590000000000002, -0.0002332, -0.0002156, -0.000154, -0.0001463, -0.00019030000000000002, -0.0002288, -0.000209, -0.0001441, -0.0001309, -0.00018480000000000002, -0.0002299, -0.0002156, -0.0001562, -0.0001408, -0.0002035, -0.0002299, -0.0002035, -0.0001397, -0.0001496, -0.00019140000000000002, -0.0002277, -0.0002167, -0.000165, -0.0001386, -0.00018810000000000002, -0.0002332, -0.0002101, -0.0001573, -0.0001463, -0.00017930000000000002, -0.0002299, -0.0002057, -0.0001595, -0.000143, -0.00018370000000000002, -0.00022, -0.0002057, -0.0001573, -0.0001342, -0.00018810000000000002, -0.0002266, -0.000209, -0.0001507, -0.0001353, -0.00018260000000000002, -0.0002288, -0.0002233, -0.0001452, -0.0001375, -0.00018260000000000002, -0.0002244, -0.0002046, -0.0001562, -0.0001364, -0.00018040000000000002, -0.0002178, -0.00020130000000000001, -0.0001507, -0.0001364, -0.00019250000000000002, -0.0002365, -0.0002123, -0.0001562, -0.0001419, -0.00018590000000000002, -0.0002266, -0.0002057, -0.0001573, -0.0001452, -0.00018370000000000002, -0.0002321, -0.000209, -0.0001606, -0.0001441, -0.00019470000000000002, -0.0002321, -0.0002079, -0.0001507, -0.0001375, -0.00019030000000000002, -0.0002222, -0.0002057, -0.0001606, -0.0001463, -0.00019580000000000002, -0.0002266, -0.0002046, -0.0001562, -0.0001342, -0.00018370000000000002, -0.0002299, -0.0002123, -0.0001485, -0.0001353, -0.00019140000000000002, -0.0002266, -0.0002046, -0.0001551, -0.0001397, -0.00019030000000000002, -0.0002277, -0.0002167, -0.0001584, -0.0001419, -0.00018920000000000002, -0.0002387, -0.0002068, -0.0001529, -0.0001353, -0.00019470000000000002, -0.0002244, -0.0002178, -0.0001562, -0.0001419, -0.00018700000000000002, -0.0002266, -0.0002057, -0.0001496, -0.000143, -0.00018370000000000002, -0.0002299, -0.0002068, -0.0001562, -0.0001331, -0.00018590000000000002, -0.0002332, -0.0002046, -0.000154, -0.0001364, -0.0001738, -0.0002343, -0.0002123, -0.0001595, -0.0001474, -0.00018590000000000002, -0.0002167, -0.000209, -0.0001496, -0.0001309, -0.00018260000000000002, -0.0002167, -0.0002167, -0.0001485, -0.0001375, -0.00019030000000000002, -0.00022, -0.0002112, -0.0001573, -0.0001408, -0.00018260000000000002, -0.0002277, -0.0002046, -0.0001595, -0.0001397, -0.00018700000000000002, -0.0002332, -0.0002123, -0.0001562, -0.0001463, -0.00017820000000000002, -0.0002189, -0.0002079, -0.0001507, -0.0001507, -0.00019030000000000002, -0.0002123, -0.000209, -0.0001452, -0.0001408, -0.00018040000000000002, -0.000231, -0.00019910000000000001, -0.0001507, -0.0001518, -0.00017930000000000002, -0.0002266, -0.0002068, -0.0001452, -0.0001298, -0.00018590000000000002, -0.0002288, -0.000209, -0.0001529, -0.0001353, -0.00019470000000000002, -0.0002222, -0.000209, -0.0001562, -0.0001375, -0.00019250000000000002, -0.0002398, -0.0002046, -0.0001606, -0.000143, -0.00018920000000000002, -0.000231, -0.0002035, -0.0001584, -0.0001441, -0.00018590000000000002, -0.0002222, -0.0002101, -0.0001606, -0.0001441, -0.00020130000000000001, -0.0002299, -0.0002068, -0.0001573, -0.0001386, -0.00019140000000000002, -0.0002343, -0.0002068, -0.0001507, -0.0001375, -0.00018700000000000002, -0.0002376, -0.0002123, -0.0001507, -0.0001331, -0.00018810000000000002, -0.0002222, -0.0002156, -0.0001639, -0.0001287, -0.00018590000000000002, -0.0002222, -0.00020130000000000001, -0.0001551, -0.0001342, -0.00019360000000000002, -0.0002354, -0.0002145, -0.0001584, -0.0001386, -0.00019140000000000002, -0.000231, -0.00020240000000000001, -0.0001518, -0.0001364, -0.00018370000000000002, -0.0002354, -0.0002134, -0.0001496, -0.0001419, -0.0001749, -0.0002266, -0.0002079, -0.0001529, -0.0001331, -0.00017930000000000002, -0.0002288, -0.0002123, -0.000154, -0.000143, -0.00019690000000000002, -0.0002277, -0.00020240000000000001, -0.000154, -0.0001408, -0.00019140000000000002, -0.0002277, -0.0002057, -0.000143, -0.0001408, -0.00018040000000000002, -0.0002343, -0.000209, -0.0001474]","[0.0003322, 0.0006985, 0.0009504, 0.0007832000000000001, 0.00037400000000000004, 0.0003421, 0.0007029, 0.0009625, 0.0007821000000000001, 0.00037840000000000004, 0.0003366, 0.0007007000000000001, 0.000968, 0.0007722, 0.00037840000000000004, 0.0003322, 0.0007183000000000001, 0.0009548, 0.0007766, 0.0003729, 0.0003311, 0.0007139000000000001, 0.0009526000000000001, 0.0007777000000000001, 0.00038720000000000003, 0.00033, 0.0007029, 0.0009537, 0.0007711, 0.0003795, 0.0003278, 0.0007095000000000001, 0.0009603000000000001, 0.0007744000000000001, 0.0003817, 0.0003344, 0.0007095000000000001, 0.0009537, 0.0007689, 0.00038500000000000003, 0.0003344, 0.0006974, 0.0009537, 0.0007876000000000001, 0.00038500000000000003, 0.0003399, 0.0007084000000000001, 0.0009581, 0.0007689, 0.00037840000000000004, 0.0003465, 0.0007084000000000001, 0.0009581, 0.0007766, 0.00037400000000000004, 0.0003399, 0.0007084000000000001, 0.0009581, 0.0007645, 0.0003839, 0.0003421, 0.0007084000000000001, 0.0009592, 0.0007733, 0.00038280000000000003, 0.0003399, 0.0007117, 0.0009537, 0.0007711, 0.00037620000000000004, 0.0003278, 0.000704, 0.0009537, 0.0007579, 0.00037180000000000004, 0.0003366, 0.0007084000000000001, 0.000946, 0.0007645, 0.0003707, 0.0003432, 0.0007062, 0.0009592, 0.0007766, 0.0003883, 0.0003399, 0.0007073, 0.0009471000000000001, 0.0007634, 0.0003685, 0.0003322, 0.0007084000000000001, 0.0009471000000000001, 0.0007711, 0.00038500000000000003, 0.00033, 0.0007073, 0.0009570000000000001, 0.0007711, 0.0003817, 0.0003399, 0.0007007000000000001, 0.0009603000000000001, 0.0007733, 0.00038280000000000003, 0.0003289, 0.0007084000000000001, 0.0009537, 0.0007722, 0.00037840000000000004, 0.0003333, 0.000715, 0.0009581, 0.0007854, 0.00038720000000000003, 0.0003366, 0.0006996, 0.0009625, 0.0007744000000000001, 0.0003817, 0.0003432, 0.0006952, 0.0009548, 0.0007689, 0.0003751, 0.0003267, 0.0007062, 0.0009482000000000001, 0.0007700000000000001, 0.00038060000000000004, 0.0003366, 0.0007051000000000001, 0.0009548, 0.0007645, 0.00037400000000000004, 0.0003355, 0.0007128000000000001, 0.0009482000000000001, 0.0007722, 0.0003817, 0.0003366, 0.0007062, 0.0009647000000000001, 0.0007656000000000001, 0.0003795, 0.0003333, 0.0007029, 0.0009526000000000001, 0.0007656000000000001, 0.0003729, 0.0003377, 0.0007051000000000001, 0.0009482000000000001, 0.0007634, 0.00036520000000000004, 0.0003366, 0.0007007000000000001, 0.0009537, 0.0007843, 0.00037180000000000004, 0.000341, 0.000715, 0.0009570000000000001, 0.0007711, 0.0003707, 0.0003487, 0.0007183000000000001, 0.0009537, 0.0007678, 0.00037840000000000004, 0.0003421, 0.0007117, 0.0009669, 0.0007722, 0.00037400000000000004, 0.000341, 0.0006952, 0.0009570000000000001, 0.0007645, 0.0003729, 0.0003278, 0.0007106, 0.0009625, 0.0007689, 0.00037180000000000004, 0.0003399, 0.0007029, 0.0009625, 0.0007744000000000001, 0.0003751, 0.0003344, 0.0007095000000000001, 0.0009581, 0.0007678, 0.0003773, 0.000352, 0.0007249, 0.0009438000000000001, 0.0007689, 0.00038060000000000004, 0.0003377, 0.0007029, 0.0009669, 0.0007722, 0.0003729, 0.0003377, 0.0007007000000000001, 0.0009581, 0.0007623, 0.0003839, 0.0003355, 0.0007128000000000001, 0.0009515000000000001, 0.0007722, 0.00038280000000000003, 0.0003432, 0.0007051000000000001, 0.0009581, 0.0007766, 0.00038060000000000004, 0.0003454, 0.0007095000000000001, 0.0009526000000000001, 0.0007755, 0.00038060000000000004, 0.0003278, 0.0007106, 0.0009504, 0.0007645, 0.00038500000000000003, 0.0003366, 0.0007018, 0.0009548, 0.0007744000000000001, 0.0003795, 0.0003465, 0.0007095000000000001, 0.0009559000000000001, 0.0007689, 0.00037620000000000004, 0.0003465, 0.0007007000000000001, 0.0009559000000000001, 0.0007744000000000001, 0.0003817, 0.0003366, 0.0007117, 0.0009603000000000001, 0.0007711, 0.0003685, 0.0003377, 0.0007062, 0.0009581, 0.0007645, 0.0003685, 0.0003443, 0.0007128000000000001, 0.0009691000000000001, 0.0007667, 0.00037400000000000004, 0.0003443, 0.0007084000000000001, 0.0009504, 0.0007799, 0.0003795, 0.0003333, 0.0007194, 0.0009614000000000001, 0.0007711, 0.0003861, 0.0003399, 0.0007216000000000001, 0.0009581, 0.0007667, 0.00037620000000000004, 0.0003377, 0.0007161, 0.0009526000000000001, 0.0007755, 0.0003883, 0.000341, 0.0007095000000000001, 0.0009603000000000001, 0.0007678, 0.0003795, 0.0003366, 0.0007117, 0.0009504, 0.0007656000000000001, 0.0003883, 0.0003388, 0.0007106, 0.0009669, 0.0007623, 0.0003773, 0.0003355, 0.0007139000000000001, 0.0009614000000000001, 0.0007744000000000001, 0.0003663, 0.0003377, 0.0007073, 0.0009427000000000001, 0.0007711, 0.0003839, 0.0003399, 0.0007029, 0.0009493, 0.0007788000000000001, 0.00037180000000000004, 0.0003421, 0.0007216000000000001, 0.000946, 0.0007843, 0.00037620000000000004, 0.0003465, 0.0007139000000000001, 0.0009526000000000001, 0.0007744000000000001, 0.0003817, 0.0003377, 0.0007139000000000001, 0.0009658000000000001, 0.0007579, 0.00037180000000000004, 0.0003399, 0.0007139000000000001, 0.0009581, 0.0007799, 0.00037840000000000004, 0.0003399, 0.0007073, 0.0009570000000000001, 0.0007766, 0.0003729, 0.0003421, 0.0007128000000000001, 0.0009636, 0.0007689, 0.00038500000000000003, 0.0003399, 0.0007073, 0.0009592, 0.0007689, 0.00037840000000000004, 0.0003432, 0.0007172000000000001, 0.0009537, 0.0007645, 0.0003773, 0.0003399, 0.0007139000000000001, 0.0009592, 0.0007667, 0.00036960000000000004, 0.0003465, 0.0007271000000000001, 0.0009669, 0.0007821000000000001, 0.00037400000000000004, 0.0003399, 0.0007128000000000001, 0.0009537, 0.0007711, 0.00038060000000000004, 0.0003421, 0.000715, 0.0009614000000000001, 0.0007535, 0.0003751, 0.0003366, 0.0007062, 0.0009603000000000001, 0.0007700000000000001, 0.00038940000000000003, 0.0003421, 0.0007106, 0.0009526000000000001, 0.000759, 0.0003729, 0.0003443, 0.0007183000000000001, 0.0009581, 0.0007722, 0.0003663, 0.0003344, 0.0007139000000000001, 0.0009625, 0.0007755, 0.00037620000000000004, 0.0003344, 0.0007139000000000001, 0.0009592, 0.0007722, 0.00037400000000000004, 0.0003366, 0.0007062, 0.0009559000000000001, 0.0007744000000000001, 0.00038060000000000004, 0.0003432, 0.0007194, 0.0009570000000000001, 0.0007656000000000001, 0.0003707, 0.0003344, 0.0007117, 0.0009537, 0.0007766, 0.0003707, 0.0003498, 0.0007128000000000001, 0.0009559000000000001, 0.0007601, 0.0003663, 0.0003432, 0.0007183000000000001, 0.0009603000000000001, 0.0007722, 0.00037620000000000004, 0.0003377, 0.0007128000000000001, 0.0009592, 0.000781, 0.00036960000000000004, 0.000341, 0.0006985, 0.0009559000000000001, 0.0007722, 0.00037620000000000004, 0.000341, 0.0007117, 0.0009713, 0.0007645, 0.0003751, 0.0003388, 0.0007062, 0.0009504, 0.0007623, 0.0003597, 0.0003344, 0.0007084000000000001, 0.0009537, 0.0007722, 0.0003663, 0.0003443, 0.0007095000000000001, 0.0009548, 0.0007656000000000001, 0.00038060000000000004, 0.0003366, 0.0007161, 0.0009482000000000001, 0.0007623, 0.00037400000000000004, 0.0003443, 0.0007062, 0.0009658000000000001, 0.0007568000000000001, 0.00037840000000000004, 0.0003333, 0.0007117, 0.0009581, 0.0007623, 0.00037400000000000004, 0.0003355, 0.0007238, 0.0009581, 0.0007700000000000001, 0.0003729, 0.0003421, 0.0007051000000000001, 0.0009625, 0.0007601, 0.0003773, 0.0003476, 0.0007106, 0.0009603000000000001, 0.0007667, 0.00037180000000000004, 0.0003388, 0.0007194, 0.0009614000000000001, 0.0007744000000000001, 0.0003707, 0.0003388, 0.0007183000000000001, 0.0009625, 0.0007678, 0.0003685, 0.0003344, 0.0007117, 0.0009526000000000001, 0.0007678, 0.00036740000000000004, 0.0003355, 0.0007161, 0.0009636, 0.0007711, 0.0003707]",-28
8,"[4.18e-05, 1.54e-05, 7.48e-05, 0.0001353, 0.0001122, 4.07e-05, 1.98e-05, 7.37e-05, 0.0001221, 0.000121, 3.3e-05, 1.54e-05, 7.48e-05, 0.0001331, 0.0001078, 3.52e-05, 1.43e-05, 7.15e-05, 0.0001331, 0.0001144, 2.75e-05, 1.1e-05, 6.71e-05, 0.0001309, 0.0001155, 3.52e-05, 1.1e-05, 6.93e-05, 0.0001254, 0.0001166, 4.07e-05, 1.1e-06, 6.38e-05, 0.0001364, 0.00010010000000000001, 3.85e-05, 1.43e-05, 7.59e-05, 0.0001298, 0.0001144, 3.74e-05, 1.65e-05, 6.71e-05, 0.0001243, 0.0001067, 3.3e-05, 1.2100000000000001e-05, 6.82e-05, 0.0001276, 0.0001067, 3.41e-05, 1.1e-05, 6.93e-05, 0.0001287, 0.0001067, 3.41e-05, 7.7e-06, 6.38e-05, 0.000121, 0.0001177, 3.52e-05, 1.54e-05, 6.38e-05, 0.0001254, 0.0001067, 3.63e-05, 5.5e-06, 6.82e-05, 0.0001265, 0.0001078, 3.63e-05, 1.2100000000000001e-05, 7.26e-05, 0.0001375, 0.0001144, 3.41e-05, 1.1e-06, 7.15e-05, 0.0001298, 0.0001045, 3.41e-05, 1.43e-05, 6.82e-05, 0.0001243, 0.0001089, 3.85e-05, 1.1e-06, 6.82e-05, 0.0001232, 0.0001067, 4.18e-05, 1.1e-05, 7.37e-05, 0.0001199, 0.00010120000000000001, 2.75e-05, 7.7e-06, 6.71e-05, 0.0001188, 0.0001188, 3.85e-05, 3.3e-06, 6.6e-05, 0.0001287, 0.0001144, 4.07e-05, 1.98e-05, 5.94e-05, 0.0001276, 0.0001034, 3.19e-05, 6.6e-06, 7.48e-05, 0.0001243, 0.0001155, 4.07e-05, 1.65e-05, 7.15e-05, 0.0001254, 0.0001078, 3.85e-05, 2.09e-05, 6.71e-05, 0.0001232, 0.0001045, 4.29e-05, 1.2100000000000001e-05, 6.6e-05, 0.0001298, 0.00011, 3.85e-05, 8.8e-06, 6.93e-05, 0.0001298, 0.00011, 3.41e-05, 8.8e-06, 8.03e-05, 0.0001298, 0.0001177, 3.19e-05, 1.43e-05, 7.26e-05, 0.0001298, 0.0001067, 2.97e-05, 1.43e-05, 5.94e-05, 0.0001221, 0.0001034, 3.3e-05, 1.76e-05, 7.48e-05, 0.0001243, 0.0001111, 2.64e-05, 6.6e-06, 6.93e-05, 0.0001276, 0.00010010000000000001, 3.41e-05, 1.1e-05, 7.04e-05, 0.000132, 0.00011, 3.3e-05, 3.3e-06, 7.48e-05, 0.0001331, 0.0001144, 3.52e-05, 1.2100000000000001e-05, 7.15e-05, 0.0001111, 0.0001067, 3.52e-05, 1.87e-05, 7.7e-05, 0.0001221, 0.0001034, 3.63e-05, 1.65e-05, 7.26e-05, 0.0001265, 0.00011, 3.08e-05, 9.9e-06, 7.37e-05, 0.0001309, 0.0001056, 3.74e-05, 9.9e-06, 6.82e-05, 0.0001375, 0.0001177, 2.75e-05, 1.43e-05, 6.93e-05, 0.0001232, 0.00010010000000000001, 3.96e-05, 6.6e-06, 6.71e-05, 0.0001265, 0.0001023, 3.63e-05, 5.5e-06, 6.05e-05, 0.0001364, 0.0001089, 3.63e-05, 1.43e-05, 6.16e-05, 0.0001276, 0.0001056, 3.96e-05, 1.54e-05, 7.04e-05, 0.000121, 0.0001144, 3.3e-05, 9.9e-06, 6.82e-05, 0.0001155, 0.0001122, 4.4e-05, 6.6e-06, 7.15e-05, 0.0001276, 0.0001034, 3.74e-05, 2.4200000000000002e-05, 6.6e-05, 0.000121, 0.0001078, 3.85e-05, 8.8e-06, 6.6e-05, 0.0001287, 0.0001067, 3.63e-05, 7.7e-06, 7.26e-05, 0.0001232, 0.0001078, 2.97e-05, 1.98e-05, 6.38e-05, 0.0001265, 0.0001045, 3.63e-05, 9.9e-06, 6.71e-05, 0.0001155, 0.00011, 3.96e-05, 8.8e-06, 6.27e-05, 0.0001276, 0.0001023, 4.18e-05, 7.7e-06, 6.27e-05, 0.0001232, 9.900000000000001e-05, 3.85e-05, 8.8e-06, 6.93e-05, 0.0001287, 0.0001067, 2.86e-05, 1.54e-05, 7.15e-05, 0.0001298, 0.00010120000000000001, 3.3e-05, 2.09e-05, 6.38e-05, 0.0001265, 9.900000000000001e-05, 4.29e-05, 1.76e-05, 7.48e-05, 0.0001232, 0.0001111, 3.63e-05, 8.8e-06, 7.15e-05, 0.0001232, 9.900000000000001e-05, 4.07e-05, 1.65e-05, 6.71e-05, 0.0001309, 0.00011, 3.19e-05, 4.4e-06, 6.82e-05, 0.0001309, 0.0001034, 2.86e-05, 1.76e-05, 6.82e-05, 0.0001309, 0.0001111, 2.97e-05, 8.8e-06, 6.82e-05, 0.000132, 0.0001023, 2.86e-05, 1.43e-05, 7.15e-05, 0.0001243, 0.0001056, 4.18e-05, 8.8e-06, 7.04e-05, 0.0001254, 0.0001089, 4.4e-05, 1.1e-05, 7.04e-05, 0.0001221, 0.0001045, 2.64e-05, 6.6e-06, 6.16e-05, 0.000121, 0.0001122, 3.41e-05, 1.54e-05, 6.6e-05, 0.0001375, 0.00010010000000000001, 4.4e-05, 1.43e-05, 6.71e-05, 0.0001375, 0.0001122, 3.52e-05, 1.1e-05, 6.82e-05, 0.0001386, 0.0001144, 4.07e-05, 1.87e-05, 7.26e-05, 0.0001276, 0.0001023, 3.74e-05, 3.3e-06, 7.59e-05, 0.0001265, 0.0001056, 2.86e-05, 1.43e-05, 7.26e-05, 0.0001254, 0.0001133, 4.07e-05, 9.9e-06, 8.03e-05, 0.0001221, 0.0001144, 2.86e-05, 9.9e-06, 8.25e-05, 0.0001331, 0.00011, 3.74e-05, 5.5e-06, 7.48e-05, 0.0001265, 0.0001166, 3.41e-05, 5.5e-06, 8.03e-05, 0.0001254, 0.0001111, 3.74e-05, 1.2100000000000001e-05, 7.26e-05, 0.0001287, 0.0001177, 4.29e-05, 7.7e-06, 7.59e-05, 0.0001276, 0.0001144, 3.52e-05, 1.2100000000000001e-05, 6.6e-05, 0.0001276, 0.0001067, 3.19e-05, -2.2e-06, 5.83e-05, 0.0001276, 0.0001045, 3.41e-05, 7.7e-06, 6.82e-05, 0.0001287, 0.0001034, 3.19e-05, 1.65e-05, 7.81e-05, 0.0001221, 0.0001034, 4.4e-05, 2.2e-06, 7.26e-05, 0.0001232, 0.0001122, 2.64e-05, 1.76e-05, 7.04e-05, 0.0001298, 0.0001056, 3.63e-05, 7.7e-06, 6.6e-05, 0.0001177, 0.0001034, 4.18e-05, 2.2e-06, 6.16e-05, 0.0001254, 0.0001023, 3.3e-05, 7.7e-06, 6.82e-05, 0.0001331, 0.00011, 3.19e-05, 1.1e-06, 7.15e-05, 0.0001276, 0.0001056, 3.63e-05, 1.2100000000000001e-05, 8.47e-05, 0.0001199, 0.0001155, 3.63e-05, 1.98e-05, 7.81e-05, 0.0001309, 0.0001089, 2.86e-05, 7.7e-06, 6.71e-05, 0.0001298, 0.0001078, 4.07e-05, 5.5e-06, 7.92e-05, 0.0001221, 0.0001034, 3.3e-05, 1.32e-05, 7.92e-05, 0.0001276, 0.00010010000000000001, 3.41e-05, 1.98e-05, 6.93e-05, 0.0001265, 0.0001122, 3.3e-05, 5.5e-06, 7.04e-05, 0.000121, 0.0001056, 3.41e-05, 2.2e-06, 7.48e-05, 0.0001298, 0.0001122, 3.41e-05, 1.1e-05, 6.71e-05, 0.0001276, 0.0001133, 3.52e-05, 1.1e-06, 8.36e-05, 0.0001166, 0.00010010000000000001, 3.85e-05, 9.9e-06, 7.26e-05, 0.0001243, 0.00010120000000000001, 4.29e-05, 1.76e-05, 7.59e-05, 0.0001254, 0.00011]","[-0.0001529, -0.000143, -0.00018920000000000002, -0.0002222, -0.000209, -0.0001562, -0.0001441, -0.00019800000000000002, -0.0002211, -0.0002134, -0.0001474, -0.0001408, -0.00019580000000000002, -0.0002266, -0.0002112, -0.0001474, -0.0001353, -0.00018150000000000002, -0.0002189, -0.00020240000000000001, -0.0001518, -0.0001496, -0.00019030000000000002, -0.0002255, -0.0002068, -0.0001573, -0.0001364, -0.00018260000000000002, -0.0002266, -0.0002057, -0.000154, -0.0001397, -0.00019470000000000002, -0.0002288, -0.0002134, -0.0001529, -0.000143, -0.00018700000000000002, -0.0002288, -0.0002123, -0.0001617, -0.0001397, -0.00020240000000000001, -0.0002266, -0.0002079, -0.0001463, -0.0001375, -0.00018920000000000002, -0.00022, -0.0002035, -0.0001529, -0.0001298, -0.00019690000000000002, -0.0002255, -0.0002123, -0.0001496, -0.000143, -0.00019470000000000002, -0.0002299, -0.0002068, -0.0001584, -0.0001408, -0.00019030000000000002, -0.0002299, -0.0002145, -0.000154, -0.0001408, -0.00017930000000000002, -0.0002233, -0.0002057, -0.0001551, -0.0001375, -0.00019250000000000002, -0.0002354, -0.00020130000000000001, -0.0001606, -0.0001518, -0.00019250000000000002, -0.0002211, -0.0002068, -0.0001474, -0.0001419, -0.00018700000000000002, -0.00022, -0.0002079, -0.0001639, -0.0001441, -0.00018040000000000002, -0.000231, -0.0002156, -0.0001639, -0.0001419, -0.00019140000000000002, -0.0002244, -0.0002167, -0.0001573, -0.0001485, -0.00019030000000000002, -0.0002266, -0.0002057, -0.0001551, -0.0001441, -0.00019470000000000002, -0.0002145, -0.0002046, -0.0001551, -0.000143, -0.00018920000000000002, -0.0002156, -0.00019800000000000002, -0.0001562, -0.0001529, -0.00019800000000000002, -0.0002277, -0.00020240000000000001, -0.0001529, -0.0001441, -0.00018590000000000002, -0.0002332, -0.00019910000000000001, -0.0001441, -0.0001364, -0.00019250000000000002, -0.0002288, -0.0002178, -0.0001573, -0.0001419, -0.00017930000000000002, -0.0002299, -0.0002134, -0.0001496, -0.0001485, -0.00019690000000000002, -0.0002178, -0.0002178, -0.0001474, -0.0001408, -0.00018370000000000002, -0.000231, -0.0002035, -0.0001551, -0.0001364, -0.00018920000000000002, -0.0002211, -0.0002079, -0.0001584, -0.0001364, -0.00018260000000000002, -0.0002156, -0.0002123, -0.0001463, -0.0001518, -0.00020020000000000001, -0.0002244, -0.0002068, -0.0001474, -0.0001408, -0.00018700000000000002, -0.0002288, -0.00020130000000000001, -0.0001562, -0.0001463, -0.00018920000000000002, -0.0002299, -0.0002112, -0.0001419, -0.0001452, -0.00018150000000000002, -0.0002277, -0.0002068, -0.0001518, -0.0001397, -0.00018700000000000002, -0.0002266, -0.00020240000000000001, -0.0001551, -0.0001386, -0.00019580000000000002, -0.0002288, -0.0002046, -0.0001463, -0.0001397, -0.00019360000000000002, -0.0002288, -0.000209, -0.0001507, -0.0001441, -0.00019360000000000002, -0.0002332, -0.0002123, -0.0001551, -0.0001331, -0.00019800000000000002, -0.0002277, -0.0002156, -0.0001672, -0.0001441, -0.0001749, -0.000231, -0.0002134, -0.0001584, -0.0001496, -0.00018370000000000002, -0.0002277, -0.000209, -0.0001529, -0.0001441, -0.00019470000000000002, -0.0002266, -0.00019250000000000002, -0.0001529, -0.0001441, -0.00019690000000000002, -0.0002277, -0.0002123, -0.0001606, -0.0001386, -0.00019140000000000002, -0.0002288, -0.0002046, -0.0001507, -0.0001419, -0.00019470000000000002, -0.0002244, -0.0002101, -0.0001507, -0.0001441, -0.00019910000000000001, -0.0002332, -0.0002057, -0.000165, -0.0001342, -0.00019910000000000001, -0.0002277, -0.0002035, -0.0001496, -0.0001353, -0.00018920000000000002, -0.0002145, -0.0002068, -0.0001397, -0.0001452, -0.00019250000000000002, -0.0002255, -0.0002112, -0.0001452, -0.000143, -0.00019140000000000002, -0.0002211, -0.0002046, -0.0001485, -0.0001353, -0.00018370000000000002, -0.0002354, -0.00019800000000000002, -0.0001573, -0.0001309, -0.00018920000000000002, -0.0002354, -0.0002167, -0.0001485, -0.0001507, -0.00018920000000000002, -0.0002277, -0.0002189, -0.0001529, -0.0001386, -0.00018370000000000002, -0.0002266, -0.00020130000000000001, -0.0001507, -0.0001441, -0.00019800000000000002, -0.0002266, -0.0002068, -0.0001529, -0.000143, -0.00018590000000000002, -0.00022, -0.0002145, -0.0001518, -0.0001463, -0.00019360000000000002, -0.0002244, -0.00019910000000000001, -0.0001419, -0.0001309, -0.00018700000000000002, -0.0002288, -0.00020020000000000001, -0.0001463, -0.0001441, -0.00018590000000000002, -0.00022, -0.0002035, -0.0001507, -0.000143, -0.00018810000000000002, -0.0002266, -0.0002101, -0.0001683, -0.0001397, -0.00018700000000000002, -0.0002354, -0.0002057, -0.0001441, -0.000143, -0.00019140000000000002, -0.000231, -0.0002167, -0.0001529, -0.0001342, -0.00018480000000000002, -0.0002321, -0.0002112, -0.0001496, -0.0001342, -0.00018700000000000002, -0.0002266, -0.000209, -0.0001529, -0.0001386, -0.00018370000000000002, -0.0002277, -0.00020020000000000001, -0.0001441, -0.0001386, -0.00018480000000000002, -0.0002321, -0.0002068, -0.0001474, -0.0001397, -0.00018150000000000002, -0.0002233, -0.0002134, -0.0001507, -0.0001452, -0.00018590000000000002, -0.0002266, -0.00020130000000000001, -0.0001518, -0.0001331, -0.00018480000000000002, -0.0002321, -0.0002145, -0.000143, -0.0001419, -0.00019360000000000002, -0.0002288, -0.0002189, -0.0001595, -0.0001276, -0.00019580000000000002, -0.0002365, -0.00020240000000000001, -0.0001463, -0.000132, -0.00018590000000000002, -0.0002387, -0.0002167, -0.000154, -0.0001408, -0.00018590000000000002, -0.0002266, -0.0002156, -0.000154, -0.0001408, -0.00018150000000000002, -0.0002233, -0.0002035, -0.0001463, -0.0001408, -0.00019140000000000002, -0.0002376, -0.0002156, -0.000154, -0.0001331, -0.00017930000000000002, -0.0002332, -0.00020240000000000001, -0.0001507, -0.0001496, -0.00019690000000000002, -0.0002277, -0.0002046, -0.0001441, -0.0001397, -0.00018480000000000002, -0.0002244, -0.0002112, -0.000143, -0.0001452, -0.00019910000000000001, -0.0002354, -0.0002079, -0.000154, -0.0001309, -0.00019360000000000002, -0.0002233, -0.0002112, -0.000154, -0.0001474, -0.00018700000000000002, -0.0002277, -0.0002178, -0.0001518, -0.0001353, -0.00019140000000000002, -0.0002266, -0.00020240000000000001, -0.0001529, -0.0001397, -0.00018480000000000002, -0.0002288, -0.0002046, -0.0001518, -0.0001518, -0.00017820000000000002, -0.0002299, -0.00020020000000000001, -0.0001518, -0.0001397, -0.00019360000000000002, -0.00022, -0.0002079, -0.0001507, -0.0001463, -0.00018370000000000002, -0.0002321, -0.00019580000000000002, -0.0001562, -0.0001331, -0.00018920000000000002, -0.000231, -0.0002068, -0.0001485, -0.0001331, -0.00019250000000000002, -0.0002332, -0.0002145, -0.0001496, -0.0001419, -0.00019250000000000002, -0.0002211, -0.0002134, -0.0001529, -0.000143, -0.00018810000000000002, -0.0002266, -0.0002112, -0.0001518, -0.0001397, -0.00019140000000000002, -0.0002266, -0.0002079, -0.0001595, -0.0001419, -0.00018920000000000002, -0.0002233, -0.000209, -0.0001507, -0.0001419, -0.00019140000000000002, -0.0002277, -0.0002057, -0.0001496, -0.0001386, -0.00018040000000000002, -0.0002277, -0.0002035, -0.0001507, -0.0001375, -0.00019470000000000002, -0.0002189, -0.00020130000000000001, -0.0001507, -0.0001408, -0.00018480000000000002, -0.0002376, -0.0002057, -0.0001562, -0.000143, -0.00019030000000000002, -0.0002255, -0.000209, -0.0001573, -0.0001375, -0.00018370000000000002, -0.0002222, -0.0002057, -0.0001485, -0.0001474, -0.00019800000000000002, -0.0002266, -0.00020240000000000001, -0.0001584, -0.0001474, -0.00018700000000000002, -0.0002255, -0.0002068]","[0.00038060000000000004, 0.0003465, 0.0007271000000000001, 0.0009647000000000001, 0.0007634, 0.00037180000000000004, 0.000352, 0.0007249, 0.0009559000000000001, 0.0007546, 0.0003773, 0.0003487, 0.0007172000000000001, 0.0009592, 0.0007579, 0.00036520000000000004, 0.0003421, 0.0007315, 0.0009471000000000001, 0.0007557, 0.00035860000000000004, 0.0003443, 0.000715, 0.0009482000000000001, 0.0007601, 0.00036080000000000004, 0.0003465, 0.0007161, 0.0009515000000000001, 0.0007469, 0.00036520000000000004, 0.0003421, 0.0007260000000000001, 0.0009537, 0.0007546, 0.00036740000000000004, 0.0003498, 0.0007216000000000001, 0.0009537, 0.0007524000000000001, 0.0003685, 0.0003421, 0.0007172000000000001, 0.0009482000000000001, 0.0007480000000000001, 0.0003663, 0.0003377, 0.0007249, 0.0009537, 0.0007546, 0.0003707, 0.0003432, 0.0007183000000000001, 0.0009526000000000001, 0.0007557, 0.00037400000000000004, 0.0003432, 0.0007161, 0.0009438000000000001, 0.0007557, 0.00037180000000000004, 0.0003311, 0.0007249, 0.0009548, 0.0007645, 0.00035860000000000004, 0.0003465, 0.0007238, 0.0009493, 0.0007524000000000001, 0.00037620000000000004, 0.0003421, 0.000715, 0.0009515000000000001, 0.0007546, 0.0003663, 0.0003388, 0.0007161, 0.0009592, 0.0007612000000000001, 0.0003641, 0.0003465, 0.000737, 0.0009515000000000001, 0.0007491, 0.00036300000000000004, 0.0003487, 0.0007227000000000001, 0.0009515000000000001, 0.0007568000000000001, 0.00035420000000000004, 0.0003531, 0.0007205, 0.0009471000000000001, 0.0007480000000000001, 0.0003641, 0.0003432, 0.0007216000000000001, 0.0009526000000000001, 0.0007513, 0.0003663, 0.0003443, 0.0007315, 0.0009614000000000001, 0.0007634, 0.00036960000000000004, 0.0003476, 0.0007227000000000001, 0.0009471000000000001, 0.0007469, 0.00036300000000000004, 0.000341, 0.0007238, 0.0009581, 0.0007524000000000001, 0.0003487, 0.0003432, 0.0007216000000000001, 0.0009504, 0.0007469, 0.00037180000000000004, 0.0003432, 0.0007249, 0.000946, 0.000759, 0.00037180000000000004, 0.0003454, 0.0007216000000000001, 0.0009493, 0.0007579, 0.0003619, 0.0003465, 0.0007238, 0.0009581, 0.0007524000000000001, 0.00036080000000000004, 0.0003531, 0.0007172000000000001, 0.0009570000000000001, 0.0007469, 0.00036300000000000004, 0.0003465, 0.0007183000000000001, 0.0009427000000000001, 0.0007546, 0.00036740000000000004, 0.0003476, 0.0007216000000000001, 0.0009482000000000001, 0.0007480000000000001, 0.0003663, 0.0003421, 0.000715, 0.0009515000000000001, 0.0007535, 0.0003597, 0.0003531, 0.0007293, 0.000946, 0.000759, 0.0003685, 0.0003509, 0.0007172000000000001, 0.0009427000000000001, 0.0007546, 0.0003685, 0.0003553, 0.0007172000000000001, 0.0009427000000000001, 0.0007612000000000001, 0.00037180000000000004, 0.0003443, 0.0007249, 0.0009614000000000001, 0.0007502, 0.0003685, 0.000341, 0.0007172000000000001, 0.0009405, 0.0007469, 0.0003619, 0.0003487, 0.0007205, 0.0009570000000000001, 0.0007513, 0.00036740000000000004, 0.0003432, 0.0007205, 0.0009493, 0.0007502, 0.00035640000000000004, 0.0003344, 0.0007183000000000001, 0.0009658000000000001, 0.0007535, 0.0003553, 0.0003377, 0.0007315, 0.0009493, 0.0007612000000000001, 0.0003641, 0.0003487, 0.0007271000000000001, 0.0009449, 0.0007524000000000001, 0.0003663, 0.0003487, 0.0007271000000000001, 0.0009493, 0.0007502, 0.00036520000000000004, 0.0003432, 0.0007304000000000001, 0.0009449, 0.0007513, 0.00036520000000000004, 0.0003454, 0.0007260000000000001, 0.0009559000000000001, 0.0007513, 0.0003575, 0.0003531, 0.0007194, 0.0009548, 0.0007524000000000001, 0.00036300000000000004, 0.0003498, 0.0007205, 0.0009471000000000001, 0.0007458, 0.0003641, 0.0003531, 0.0007172000000000001, 0.0009570000000000001, 0.0007491, 0.00036960000000000004, 0.0003443, 0.0007128000000000001, 0.0009592, 0.0007535, 0.00035640000000000004, 0.0003531, 0.0007183000000000001, 0.0009570000000000001, 0.0007414, 0.00035860000000000004, 0.0003498, 0.0007106, 0.0009581, 0.0007458, 0.00036300000000000004, 0.0003443, 0.000715, 0.0009471000000000001, 0.000759, 0.0003553, 0.0003498, 0.0007249, 0.0009592, 0.0007480000000000001, 0.0003509, 0.0003465, 0.0007271000000000001, 0.0009515000000000001, 0.0007469, 0.0003553, 0.0003498, 0.0007249, 0.0009537, 0.0007568000000000001, 0.0003707, 0.0003454, 0.0007227000000000001, 0.0009493, 0.0007579, 0.00036080000000000004, 0.0003465, 0.0007205, 0.0009504, 0.0007524000000000001, 0.0003663, 0.0003487, 0.0007293, 0.0009526000000000001, 0.0007469, 0.0003685, 0.000341, 0.0007271000000000001, 0.0009559000000000001, 0.0007425, 0.00036960000000000004, 0.0003498, 0.0007260000000000001, 0.0009537, 0.0007491, 0.0003531, 0.0003432, 0.0007238, 0.0009537, 0.0007513, 0.00036960000000000004, 0.0003476, 0.0007249, 0.0009449, 0.0007425, 0.00036080000000000004, 0.0003509, 0.0007293, 0.0009592, 0.0007612000000000001, 0.0003663, 0.0003509, 0.0007238, 0.0009504, 0.000759, 0.0003641, 0.0003509, 0.0007205, 0.0009691000000000001, 0.0007524000000000001, 0.0003619, 0.00035420000000000004, 0.0007238, 0.0009438000000000001, 0.0007612000000000001, 0.0003597, 0.0003454, 0.0007216000000000001, 0.0009471000000000001, 0.0007414, 0.00036520000000000004, 0.0003399, 0.0007216000000000001, 0.0009526000000000001, 0.0007513, 0.0003619, 0.0003487, 0.0007337, 0.0009515000000000001, 0.0007436000000000001, 0.0003641, 0.0003443, 0.0007271000000000001, 0.0009581, 0.0007524000000000001, 0.00035420000000000004, 0.0003531, 0.0007205, 0.0009570000000000001, 0.0007513, 0.0003663, 0.0003498, 0.0007271000000000001, 0.0009482000000000001, 0.0007513, 0.0003729, 0.0003498, 0.0007326, 0.0009482000000000001, 0.0007458, 0.0003641, 0.0003432, 0.0007183000000000001, 0.0009647000000000001, 0.0007546, 0.0003685, 0.00035420000000000004, 0.0007315, 0.0009614000000000001, 0.0007447, 0.0003663, 0.0003465, 0.000715, 0.0009548, 0.0007458, 0.00035420000000000004, 0.0003454, 0.0007337, 0.0009603000000000001, 0.0007557, 0.0003729, 0.0003454, 0.0007227000000000001, 0.0009647000000000001, 0.0007502, 0.00035640000000000004, 0.0003498, 0.0007216000000000001, 0.0009603000000000001, 0.0007557, 0.00036080000000000004, 0.0003553, 0.0007194, 0.0009658000000000001, 0.0007381, 0.0003619, 0.0003531, 0.0007271000000000001, 0.0009504, 0.0007557, 0.0003685, 0.0003531, 0.0007348000000000001, 0.0009515000000000001, 0.0007469, 0.0003597, 0.0003553, 0.0007282, 0.0009515000000000001, 0.0007458, 0.00036520000000000004, 0.0003531, 0.0007227000000000001, 0.0009471000000000001, 0.0007403, 0.0003575, 0.0003575, 0.0007282, 0.0009515000000000001, 0.0007502, 0.00035420000000000004, 0.0003509, 0.0007315, 0.0009471000000000001, 0.0007447, 0.00036960000000000004, 0.0003487, 0.0007183000000000001, 0.0009328, 0.0007348000000000001, 0.0003729, 0.0003465, 0.0007227000000000001, 0.0009515000000000001, 0.0007469, 0.00036960000000000004, 0.0003388, 0.0007216000000000001, 0.0009625, 0.0007491, 0.0003575, 0.0003454, 0.0007216000000000001, 0.0009636, 0.0007557, 0.00035640000000000004, 0.00035640000000000004, 0.0007260000000000001, 0.0009526000000000001, 0.0007524000000000001, 0.00036080000000000004, 0.0003487, 0.0007161, 0.0009438000000000001, 0.0007491, 0.00035420000000000004, 0.0003509, 0.0007205, 0.0009471000000000001, 0.0007447, 0.00035420000000000004, 0.0003476, 0.0007227000000000001, 0.0009570000000000001, 0.0007414, 0.00035640000000000004, 0.0003399, 0.0007227000000000001, 0.0009504, 0.0007458, 0.00035860000000000004, 0.0003487, 0.0007348000000000001, 0.0009482000000000001, 0.0007447, 0.00036080000000000004, 0.000352, 0.0007238, 0.0009581, 0.000759, 0.00035860000000000004, 0.0003509, 0.0007194, 0.0009504, 0.0007425, 0.0003553, 0.0003454, 0.0007293, 0.0009449, 0.0007458, 0.0003619, 0.0003421, 0.0007293, 0.0009548, 0.0007447, 0.00035420000000000004, 0.0003498, 0.0007205, 0.0009515000000000001, 0.0007469]",-27
9,"[7.59e-05, 0.0001232, 0.0001045, 3.19e-05, 1.1e-05, 6.71e-05, 0.0001364, 0.00010120000000000001, 3.96e-05, 2.2e-05, 6.38e-05, 0.000121, 9.350000000000001e-05, 2.97e-05, 8.8e-06, 6.05e-05, 0.0001232, 9.790000000000001e-05, 3.52e-05, 7.7e-06, 6.82e-05, 0.0001155, 9.460000000000001e-05, 3.63e-05, 1.32e-05, 6.93e-05, 0.0001166, 9.790000000000001e-05, 2.64e-05, 2.5300000000000002e-05, 7.48e-05, 0.0001287, 0.0001045, 2.75e-05, 1.1e-05, 6.82e-05, 0.000132, 0.0001089, 3.63e-05, 1.32e-05, 7.26e-05, 0.0001309, 0.0001067, 3.96e-05, 2.2e-06, 7.37e-05, 0.0001331, 0.0001045, 3.41e-05, 6.6e-06, 7.04e-05, 0.0001177, 0.0001067, 4.29e-05, 1.43e-05, 6.82e-05, 0.0001188, 0.0001023, 4.18e-05, 1.32e-05, 6.6e-05, 0.0001243, 0.0001056, 3.19e-05, 1.54e-05, 6.05e-05, 0.0001199, 9.570000000000001e-05, 2.64e-05, 2.2e-06, 8.14e-05, 0.0001276, 9.790000000000001e-05, 2.97e-05, 9.9e-06, 6.38e-05, 0.0001254, 0.0001034, 4.18e-05, 1.43e-05, 6.6e-05, 0.0001254, 0.00010010000000000001, 2.75e-05, 7.7e-06, 6.71e-05, 0.0001287, 0.0001056, 2.86e-05, 3.3e-06, 7.15e-05, 0.0001254, 0.0001232, 3.41e-05, 6.6e-06, 6.6e-05, 0.0001166, 0.0001122, 3.3e-05, 5.5e-06, 6.38e-05, 0.0001375, 9.680000000000001e-05, 2.97e-05, -1.1e-06, 7.26e-05, 0.0001298, 9.790000000000001e-05, 2.5300000000000002e-05, 9.9e-06, 7.26e-05, 0.0001254, 9.790000000000001e-05, 3.52e-05, 6.6e-06, 7.15e-05, 0.0001276, 0.00010120000000000001, 3.63e-05, -3.3e-06, 6.93e-05, 0.0001188, 0.0001023, 3.3e-05, 1.1e-05, 6.27e-05, 0.000121, 0.0001023, 1.98e-05, 6.6e-06, 7.04e-05, 0.0001221, 0.0001089, 2.97e-05, 8.8e-06, 6.71e-05, 0.0001287, 0.0001122, 2.97e-05, 1.32e-05, 7.26e-05, 0.0001177, 0.0001023, 3.96e-05, 6.6e-06, 5.83e-05, 0.000132, 0.0001089, 2.4200000000000002e-05, 0.0, 6.82e-05, 0.0001199, 0.0001034, 4.18e-05, 6.6e-06, 7.48e-05, 0.0001199, 0.0001056, 3.3e-05, 6.6e-06, 7.04e-05, 0.0001298, 9.900000000000001e-05, 2.64e-05, 2.09e-05, 6.93e-05, 0.0001243, 0.0001056, 2.2e-05, 8.8e-06, 7.37e-05, 0.0001243, 0.0001056, 3.19e-05, 6.6e-06, 7.48e-05, 0.0001232, 9.790000000000001e-05, 3.19e-05, 1.1e-05, 7.04e-05, 0.0001122, 0.0001067, 2.2e-05, 1.1e-05, 6.82e-05, 0.000121, 0.00010010000000000001, 3.08e-05, 6.6e-06, 6.38e-05, 0.000121, 0.00010120000000000001, 2.64e-05, 3.3e-06, 6.82e-05, 0.0001199, 0.00010010000000000001, 3.63e-05, 1.32e-05, 7.81e-05, 0.0001155, 0.0001089, 4.07e-05, 1.1e-05, 6.71e-05, 0.0001364, 9.680000000000001e-05, 2.75e-05, 8.8e-06, 6.71e-05, 0.0001287, 9.570000000000001e-05, 3.52e-05, 9.9e-06, 6.49e-05, 0.0001232, 0.0001045, 2.3100000000000002e-05, 1.43e-05, 8.36e-05, 0.0001243, 9.900000000000001e-05, 2.64e-05, 7.7e-06, 6.71e-05, 0.0001199, 0.0001078, 3.19e-05, 1.65e-05, 7.15e-05, 0.0001298, 0.0001078, 2.97e-05, 1.2100000000000001e-05, 7.37e-05, 0.0001199, 0.0001056, 3.08e-05, 1.32e-05, 6.38e-05, 0.0001188, 0.00010120000000000001, 3.08e-05, 1.32e-05, 6.93e-05, 0.0001188, 0.0001122, 2.09e-05, 8.8e-06, 7.26e-05, 0.0001232, 9.790000000000001e-05, 2.97e-05, 1.54e-05, 7.59e-05, 0.0001287, 0.0001056, 2.5300000000000002e-05, 2.4200000000000002e-05, 6.38e-05, 0.0001177, 9.790000000000001e-05, 2.5300000000000002e-05, 8.8e-06, 8.03e-05, 0.0001287, 0.0001045, 3.08e-05, 1.2100000000000001e-05, 7.59e-05, 0.0001199, 0.0001034, 2.4200000000000002e-05, 3.3e-06, 6.38e-05, 0.000121, 9.790000000000001e-05, 3.19e-05, 1.1e-06, 7.04e-05, 0.0001232, 9.130000000000001e-05, 2.86e-05, 0.0, 6.6e-05, 0.0001221, 0.0001089, 2.75e-05, 3.3e-06, 7.04e-05, 0.000132, 0.0001023, 3.3e-05, 9.9e-06, 7.59e-05, 0.0001155, 0.00010010000000000001, 2.75e-05, 8.8e-06, 7.26e-05, 0.0001166, 0.00010120000000000001, 2.75e-05, 2.3100000000000002e-05, 6.82e-05, 0.0001287, 0.0001045, 2.97e-05, 5.5e-06, 7.7e-05, 0.0001298, 0.0001056, 3.3e-05, 1.43e-05, 6.49e-05, 0.0001221, 0.0001034, 2.97e-05, 1.65e-05, 6.05e-05, 0.0001111, 0.0001078, 2.64e-05, 2.3100000000000002e-05, 7.26e-05, 0.0001265, 9.790000000000001e-05, 3.41e-05, 1.1e-05, 7.48e-05, 0.000121, 0.00010120000000000001, 3.19e-05, 9.9e-06, 6.71e-05, 0.0001386, 0.0001056, 3.41e-05, 8.8e-06, 7.04e-05, 0.0001232, 0.00010120000000000001, 2.75e-05, 6.6e-06, 6.6e-05, 0.000121, 0.0001045, 2.97e-05, 1.32e-05, 7.26e-05, 0.0001265, 0.0001023, 3.41e-05, 1.43e-05, 7.59e-05, 0.0001144, 0.0001089, 2.3100000000000002e-05, 1.32e-05, 6.71e-05, 0.0001243, 0.0001056, 2.97e-05, 1.65e-05, 6.82e-05, 0.0001177, 9.460000000000001e-05, 2.75e-05, 6.6e-06, 7.37e-05, 0.000121, 9.790000000000001e-05, 3.41e-05, 7.7e-06, 7.04e-05, 0.0001155, 0.00010010000000000001, 2.64e-05, 1.65e-05, 7.26e-05, 0.0001265, 0.0001067, 2.4200000000000002e-05, 1.32e-05, 6.71e-05, 0.0001166, 0.00010010000000000001, 3.63e-05, 1.65e-05, 7.26e-05, 0.000132, 9.460000000000001e-05, 2.86e-05, 1.43e-05, 7.15e-05, 0.0001221, 0.0001056, 3.96e-05, 1.43e-05, 6.71e-05, 0.0001155, 0.00010010000000000001, 3.85e-05, 1.1e-05, 6.82e-05, 0.0001287, 0.0001111, 3.41e-05, 9.9e-06, 7.81e-05, 0.0001221, 0.00010120000000000001, 3.41e-05, 7.7e-06, 6.93e-05, 0.0001243, 9.790000000000001e-05, 3.3e-05, 1.2100000000000001e-05, 7.59e-05, 0.0001331, 0.0001111, 3.41e-05, 8.8e-06, 7.15e-05, 0.00011, 0.0001089, 2.4200000000000002e-05, 5.5e-06, 6.49e-05, 0.0001243, 0.00010120000000000001, 3.52e-05, 1.43e-05, 7.37e-05, 0.0001265, 9.900000000000001e-05, 3.74e-05, 1.76e-05, 7.04e-05, 0.0001188, 9.790000000000001e-05, 3.74e-05, 1.54e-05, 6.38e-05, 0.000132, 9.900000000000001e-05, 2.86e-05, 1.1e-05, 7.92e-05, 0.0001298, 9.020000000000001e-05, 3.41e-05, 1.43e-05, 7.15e-05, 0.0001265, 0.0001067, 3.41e-05, 5.5e-06, 7.48e-05, 0.0001364, 0.0001034, 2.75e-05, 1.87e-05, 7.15e-05, 0.0001254, 0.00011, 4.07e-05, 2.2e-06, 7.37e-05, 0.0001265, 9.790000000000001e-05, 3.3e-05, 5.5e-06, 6.93e-05, 0.000121, 9.790000000000001e-05, 3.96e-05, 9.9e-06, 7.37e-05, 0.0001221, 0.0001122, 3.08e-05, 6.6e-06, 6.49e-05, 0.0001243, 0.0001067, 2.86e-05, 1.32e-05, 6.82e-05, 0.0001298, 9.240000000000001e-05, 3.19e-05, 1.1e-06, 6.16e-05, 0.0001232, 0.00010010000000000001, 2.2e-05, 1.1e-05]","[-0.00018810000000000002, -0.0002343, -0.000209, -0.0001617, -0.0001276, -0.00018480000000000002, -0.0002343, -0.00019580000000000002, -0.0001452, -0.0001353, -0.00019800000000000002, -0.0002354, -0.0002068, -0.0001562, -0.0001452, -0.00019250000000000002, -0.0002244, -0.0002057, -0.0001518, -0.000154, -0.00019250000000000002, -0.0002233, -0.00020020000000000001, -0.0001496, -0.0001397, -0.00018810000000000002, -0.0002321, -0.0002057, -0.0001496, -0.000143, -0.00019360000000000002, -0.0002134, -0.00019800000000000002, -0.0001507, -0.0001342, -0.00019360000000000002, -0.0002255, -0.00020020000000000001, -0.0001463, -0.0001419, -0.00019030000000000002, -0.00022, -0.0002057, -0.0001441, -0.0001364, -0.00018700000000000002, -0.0002222, -0.0002123, -0.000154, -0.0001353, -0.00018920000000000002, -0.0002255, -0.00019690000000000002, -0.0001452, -0.0001452, -0.00019250000000000002, -0.0002244, -0.0002035, -0.0001485, -0.0001463, -0.00019580000000000002, -0.0002288, -0.00019910000000000001, -0.000154, -0.0001331, -0.00018920000000000002, -0.0002255, -0.00020130000000000001, -0.0001518, -0.0001342, -0.00020130000000000001, -0.0002343, -0.0002068, -0.0001441, -0.0001408, -0.00017930000000000002, -0.0002233, -0.0002046, -0.0001496, -0.0001463, -0.00019030000000000002, -0.0002266, -0.0002134, -0.0001562, -0.000143, -0.00019690000000000002, -0.0002277, -0.0002046, -0.0001419, -0.0001397, -0.00019580000000000002, -0.0002354, -0.0002145, -0.0001441, -0.0001331, -0.00019470000000000002, -0.0002145, -0.0002079, -0.0001507, -0.0001496, -0.00019030000000000002, -0.0002288, -0.00020020000000000001, -0.0001452, -0.0001364, -0.00019470000000000002, -0.0002211, -0.0002057, -0.0001551, -0.0001419, -0.00019140000000000002, -0.0002233, -0.00019470000000000002, -0.0001463, -0.0001375, -0.00018700000000000002, -0.0002244, -0.00020020000000000001, -0.0001485, -0.0001386, -0.00018810000000000002, -0.0002288, -0.0002046, -0.0001408, -0.0001331, -0.00018040000000000002, -0.0002299, -0.0002046, -0.0001496, -0.0001386, -0.00019250000000000002, -0.0002332, -0.0002046, -0.0001518, -0.0001485, -0.000176, -0.0002233, -0.0002101, -0.0001463, -0.0001397, -0.00019580000000000002, -0.0002288, -0.00020130000000000001, -0.0001408, -0.0001452, -0.00019030000000000002, -0.0002156, -0.00019470000000000002, -0.0001463, -0.0001485, -0.00018590000000000002, -0.0002244, -0.00020240000000000001, -0.0001474, -0.0001364, -0.00018590000000000002, -0.0002244, -0.00020240000000000001, -0.0001419, -0.0001463, -0.00018370000000000002, -0.000231, -0.0002101, -0.0001551, -0.0001474, -0.00019470000000000002, -0.0002255, -0.00019800000000000002, -0.0001441, -0.0001408, -0.00018810000000000002, -0.0002332, -0.00020240000000000001, -0.0001562, -0.0001408, -0.00019910000000000001, -0.00022, -0.00019910000000000001, -0.0001463, -0.000154, -0.00019140000000000002, -0.000231, -0.0002046, -0.000154, -0.0001408, -0.00019140000000000002, -0.0002321, -0.00020130000000000001, -0.0001452, -0.0001364, -0.00018920000000000002, -0.0002255, -0.0002046, -0.0001529, -0.0001331, -0.00018370000000000002, -0.0002288, -0.0002057, -0.0001507, -0.0001419, -0.00019470000000000002, -0.000231, -0.0002134, -0.0001386, -0.000132, -0.00018590000000000002, -0.0002233, -0.0002046, -0.0001518, -0.0001474, -0.00019250000000000002, -0.0002321, -0.000209, -0.000143, -0.0001463, -0.00019140000000000002, -0.0002266, -0.0002046, -0.0001518, -0.0001496, -0.00019030000000000002, -0.0002255, -0.00019690000000000002, -0.0001474, -0.0001397, -0.00018920000000000002, -0.0002343, -0.00019690000000000002, -0.0001463, -0.0001353, -0.00018920000000000002, -0.0002233, -0.00019800000000000002, -0.0001408, -0.0001331, -0.00018260000000000002, -0.0002211, -0.000209, -0.0001463, -0.0001309, -0.00019360000000000002, -0.0002255, -0.0002046, -0.000154, -0.0001408, -0.00018150000000000002, -0.0002299, -0.00020020000000000001, -0.0001485, -0.0001375, -0.00019140000000000002, -0.0002343, -0.00019910000000000001, -0.000143, -0.000132, -0.00018590000000000002, -0.00022, -0.00020130000000000001, -0.0001463, -0.0001397, -0.00019030000000000002, -0.0002255, -0.0002035, -0.0001518, -0.0001397, -0.00019690000000000002, -0.0002266, -0.00020240000000000001, -0.0001518, -0.0001419, -0.00020130000000000001, -0.00022, -0.0002057, -0.0001562, -0.0001397, -0.00018260000000000002, -0.0002222, -0.0002068, -0.0001507, -0.0001386, -0.00018480000000000002, -0.0002277, -0.00020240000000000001, -0.0001397, -0.0001364, -0.00019250000000000002, -0.0002244, -0.0002112, -0.0001507, -0.0001419, -0.00018920000000000002, -0.0002255, -0.00020130000000000001, -0.0001485, -0.0001397, -0.00019250000000000002, -0.0002288, -0.0002112, -0.000154, -0.0001408, -0.00019360000000000002, -0.0002255, -0.0002134, -0.0001441, -0.0001463, -0.00019140000000000002, -0.0002299, -0.00019580000000000002, -0.0001518, -0.0001386, -0.00019140000000000002, -0.0002156, -0.00019690000000000002, -0.0001551, -0.0001298, -0.00019030000000000002, -0.0002277, -0.000209, -0.0001518, -0.0001342, -0.00019250000000000002, -0.0002222, -0.00019910000000000001, -0.0001551, -0.0001353, -0.00018590000000000002, -0.0002277, -0.0002046, -0.0001452, -0.0001397, -0.00018810000000000002, -0.0002321, -0.0002101, -0.0001496, -0.0001463, -0.00019140000000000002, -0.0002233, -0.0002068, -0.0001463, -0.0001507, -0.00019470000000000002, -0.0002266, -0.00019580000000000002, -0.0001496, -0.0001507, -0.00019250000000000002, -0.0002321, -0.00019800000000000002, -0.0001419, -0.0001375, -0.00018920000000000002, -0.0002299, -0.00020130000000000001, -0.0001452, -0.0001375, -0.00018040000000000002, -0.0002145, -0.00020130000000000001, -0.0001584, -0.0001452, -0.00019360000000000002, -0.0002288, -0.00019800000000000002, -0.0001507, -0.0001364, -0.00019360000000000002, -0.0002288, -0.00019360000000000002, -0.0001496, -0.0001353, -0.00018810000000000002, -0.0002156, -0.00019690000000000002, -0.0001419, -0.0001287, -0.00018920000000000002, -0.0002299, -0.00019580000000000002, -0.000154, -0.0001408, -0.00018810000000000002, -0.0002244, -0.00020020000000000001, -0.0001507, -0.0001452, -0.00018700000000000002, -0.0002288, -0.0002046, -0.0001496, -0.0001386, -0.00018920000000000002, -0.0002277, -0.0002112, -0.0001474, -0.0001375, -0.00018920000000000002, -0.0002266, -0.0002046, -0.0001452, -0.0001463, -0.00019470000000000002, -0.000242, -0.0002101, -0.0001463, -0.0001485, -0.00019690000000000002, -0.0002211, -0.0002057, -0.0001485, -0.0001419, -0.00020020000000000001, -0.0002288, -0.00020020000000000001, -0.0001441, -0.0001397, -0.00019800000000000002, -0.0002255, -0.000209, -0.0001408, -0.0001287, -0.00019140000000000002, -0.0002266, -0.00019360000000000002, -0.0001562, -0.0001386, -0.00018040000000000002, -0.0002255, -0.000209, -0.0001507, -0.0001386, -0.00019800000000000002, -0.0002222, -0.0002046, -0.000143, -0.0001463, -0.00019030000000000002, -0.0002288, -0.000209, -0.0001496, -0.0001375, -0.00018920000000000002, -0.0002266, -0.0002079, -0.0001463, -0.0001375, -0.00019360000000000002, -0.0002134, -0.00020020000000000001, -0.0001474, -0.0001463, -0.00019360000000000002, -0.0002222, -0.00019140000000000002, -0.0001419, -0.000143, -0.00019250000000000002, -0.0002233, -0.00020240000000000001, -0.0001452, -0.0001353, -0.00019360000000000002, -0.0002233, -0.00019800000000000002, -0.0001518, -0.0001364, -0.00018480000000000002, -0.0002156, -0.00019690000000000002, -0.000143, -0.0001474, -0.00019140000000000002, -0.0002321, -0.00020240000000000001, -0.0001496, -0.0001364, -0.00020130000000000001, -0.0002244, -0.00020020000000000001, -0.0001474, -0.0001419, -0.00019360000000000002, -0.0002178, -0.00019910000000000001, -0.0001496, -0.0001419, -0.00018260000000000002, -0.0002145, -0.00020240000000000001, -0.000143, -0.0001452, -0.00019140000000000002, -0.00022, -0.00019470000000000002, -0.0001474, -0.0001309, -0.00019360000000000002, -0.0002233, -0.00020130000000000001, -0.0001529, -0.000143]","[0.0007216000000000001, 0.0009559000000000001, 0.0007227000000000001, 0.00036080000000000004, 0.0003619, 0.0007293, 0.0009592, 0.0007359, 0.0003465, 0.0003575, 0.0007425, 0.0009570000000000001, 0.0007447, 0.0003498, 0.0003498, 0.0007293, 0.000946, 0.0007227000000000001, 0.0003553, 0.0003487, 0.0007359, 0.0009482000000000001, 0.0007337, 0.0003641, 0.00035640000000000004, 0.0007271000000000001, 0.0009515000000000001, 0.0007337, 0.000352, 0.0003619, 0.0007315, 0.0009416, 0.0007403, 0.0003421, 0.0003575, 0.0007348000000000001, 0.0009449, 0.0007359, 0.00035860000000000004, 0.0003498, 0.0007348000000000001, 0.0009493, 0.0007282, 0.0003487, 0.000352, 0.0007271000000000001, 0.000946, 0.0007337, 0.0003498, 0.000352, 0.0007282, 0.0009416, 0.0007425, 0.0003597, 0.0003641, 0.0007348000000000001, 0.0009427000000000001, 0.0007304000000000001, 0.0003685, 0.00035420000000000004, 0.0007348000000000001, 0.0009394000000000001, 0.0007282, 0.00035860000000000004, 0.0003619, 0.000737, 0.0009482000000000001, 0.0007271000000000001, 0.0003641, 0.00035420000000000004, 0.0007260000000000001, 0.0009504, 0.0007337, 0.000341, 0.0003498, 0.0007469, 0.0009493, 0.0007271000000000001, 0.0003597, 0.0003707, 0.0007315, 0.0009350000000000001, 0.0007403, 0.0003509, 0.00036520000000000004, 0.0007315, 0.0009526000000000001, 0.0007293, 0.00036080000000000004, 0.000352, 0.0007326, 0.0009482000000000001, 0.0007381, 0.0003487, 0.0003553, 0.000737, 0.0009504, 0.0007326, 0.0003531, 0.0003509, 0.0007392000000000001, 0.0009438000000000001, 0.0007337, 0.0003454, 0.00036520000000000004, 0.000737, 0.0009438000000000001, 0.000737, 0.0003498, 0.0003531, 0.0007359, 0.0009449, 0.0007348000000000001, 0.0003443, 0.000352, 0.0007392000000000001, 0.0009449, 0.0007227000000000001, 0.0003432, 0.00035860000000000004, 0.0007348000000000001, 0.0009471000000000001, 0.0007293, 0.00035860000000000004, 0.0003454, 0.0007337, 0.0009515000000000001, 0.0007337, 0.00035420000000000004, 0.0003575, 0.0007304000000000001, 0.0009493, 0.0007315, 0.0003454, 0.0003487, 0.0007414, 0.0009504, 0.0007282, 0.00035860000000000004, 0.0003531, 0.0007304000000000001, 0.0009526000000000001, 0.0007337, 0.0003498, 0.0003531, 0.0007392000000000001, 0.000946, 0.0007348000000000001, 0.0003443, 0.00035420000000000004, 0.0007348000000000001, 0.000946, 0.0007392000000000001, 0.0003487, 0.0003553, 0.0007381, 0.0009493, 0.0007315, 0.0003487, 0.00035640000000000004, 0.0007392000000000001, 0.0009504, 0.0007326, 0.00035640000000000004, 0.0003641, 0.0007337, 0.0009361, 0.0007249, 0.0003421, 0.0003531, 0.000737, 0.0009526000000000001, 0.0007414, 0.0003498, 0.000352, 0.0007403, 0.0009493, 0.0007216000000000001, 0.0003443, 0.0003531, 0.0007359, 0.0009427000000000001, 0.0007282, 0.0003476, 0.0003531, 0.0007348000000000001, 0.0009427000000000001, 0.0007293, 0.00035640000000000004, 0.0003553, 0.0007392000000000001, 0.0009383000000000001, 0.0007238, 0.000352, 0.00035420000000000004, 0.000737, 0.0009438000000000001, 0.0007282, 0.000352, 0.000352, 0.0007326, 0.0009350000000000001, 0.0007315, 0.0003421, 0.00035640000000000004, 0.0007425, 0.0009537, 0.0007326, 0.0003531, 0.000352, 0.0007348000000000001, 0.0009581, 0.0007205, 0.0003531, 0.00035640000000000004, 0.0007403, 0.0009482000000000001, 0.0007315, 0.0003443, 0.0003531, 0.000737, 0.0009493, 0.0007359, 0.00035420000000000004, 0.000352, 0.0007480000000000001, 0.0009438000000000001, 0.0007271000000000001, 0.0003454, 0.0003498, 0.0007425, 0.0009548, 0.0007227000000000001, 0.0003509, 0.00035640000000000004, 0.0007348000000000001, 0.0009559000000000001, 0.0007205, 0.00035420000000000004, 0.00035860000000000004, 0.0007293, 0.0009471000000000001, 0.0007216000000000001, 0.0003509, 0.0003663, 0.000737, 0.0009548, 0.0007337, 0.0003575, 0.0003619, 0.0007304000000000001, 0.0009581, 0.0007249, 0.0003619, 0.00036740000000000004, 0.0007359, 0.0009515000000000001, 0.0007293, 0.0003443, 0.00035640000000000004, 0.0007447, 0.0009504, 0.0007271000000000001, 0.0003553, 0.0003597, 0.000737, 0.0009493, 0.0007359, 0.0003531, 0.00035860000000000004, 0.000737, 0.0009438000000000001, 0.0007249, 0.0003509, 0.0003597, 0.0007381, 0.0009493, 0.0007205, 0.0003476, 0.00035640000000000004, 0.0007436000000000001, 0.0009493, 0.0007271000000000001, 0.0003553, 0.00035640000000000004, 0.0007480000000000001, 0.0009493, 0.0007359, 0.00035640000000000004, 0.00036080000000000004, 0.0007326, 0.0009504, 0.0007293, 0.0003443, 0.00035420000000000004, 0.0007271000000000001, 0.0009339000000000001, 0.0007304000000000001, 0.0003454, 0.0003663, 0.0007249, 0.0009405, 0.0007282, 0.0003377, 0.0003476, 0.0007425, 0.0009482000000000001, 0.0007271000000000001, 0.0003498, 0.0003465, 0.0007436000000000001, 0.0009438000000000001, 0.0007304000000000001, 0.000341, 0.00035860000000000004, 0.0007381, 0.0009515000000000001, 0.0007249, 0.0003531, 0.00036520000000000004, 0.0007337, 0.0009427000000000001, 0.0007249, 0.0003575, 0.00035860000000000004, 0.0007425, 0.0009438000000000001, 0.0007216000000000001, 0.0003476, 0.0003619, 0.0007480000000000001, 0.0009405, 0.0007282, 0.0003421, 0.0003553, 0.0007381, 0.0009471000000000001, 0.0007238, 0.0003465, 0.0003619, 0.0007359, 0.0009438000000000001, 0.0007271000000000001, 0.0003465, 0.00036300000000000004, 0.0007458, 0.0009482000000000001, 0.0007315, 0.0003454, 0.00036300000000000004, 0.0007392000000000001, 0.0009372, 0.0007238, 0.000352, 0.0003553, 0.0007381, 0.0009449, 0.0007282, 0.0003498, 0.00035860000000000004, 0.0007315, 0.0009559000000000001, 0.0007227000000000001, 0.0003377, 0.0003641, 0.0007304000000000001, 0.0009493, 0.0007260000000000001, 0.0003476, 0.00036300000000000004, 0.0007381, 0.0009603000000000001, 0.0007260000000000001, 0.0003421, 0.0003531, 0.0007436000000000001, 0.0009493, 0.0007293, 0.000341, 0.00035860000000000004, 0.0007227000000000001, 0.0009449, 0.0007282, 0.0003476, 0.00035860000000000004, 0.0007348000000000001, 0.0009372, 0.0007282, 0.0003465, 0.000352, 0.0007403, 0.0009581, 0.0007326, 0.0003432, 0.0003597, 0.0007480000000000001, 0.0009372, 0.0007271000000000001, 0.0003454, 0.0003619, 0.0007458, 0.0009471000000000001, 0.0007183000000000001, 0.0003443, 0.00035640000000000004, 0.0007436000000000001, 0.0009548, 0.0007260000000000001, 0.0003421, 0.00035860000000000004, 0.0007524000000000001, 0.0009416, 0.0007227000000000001, 0.0003454, 0.0003509, 0.0007513, 0.0009504, 0.0007260000000000001, 0.0003509, 0.00035860000000000004, 0.0007436000000000001, 0.0009416, 0.0007227000000000001, 0.0003476, 0.0003531, 0.0007447, 0.0009471000000000001, 0.0007315, 0.0003432, 0.000352, 0.0007326, 0.0009493, 0.0007282, 0.0003432, 0.0003641, 0.0007359, 0.0009471000000000001, 0.0007282, 0.00035860000000000004, 0.0003685, 0.0007436000000000001, 0.000946, 0.0007271000000000001, 0.0003498, 0.00035860000000000004, 0.0007436000000000001, 0.0009493, 0.0007249, 0.0003421, 0.00035640000000000004, 0.0007447, 0.000946, 0.0007293, 0.0003553, 0.000352, 0.0007392000000000001, 0.0009537, 0.0007183000000000001, 0.0003366, 0.00035860000000000004, 0.0007414, 0.0009526000000000001, 0.0007249, 0.0003443, 0.0003663, 0.0007337, 0.0009493, 0.0007381, 0.0003443, 0.0003575, 0.0007403, 0.0009504, 0.0007249, 0.00035420000000000004, 0.0003619, 0.0007359, 0.0009515000000000001, 0.0007315, 0.0003498, 0.00035860000000000004, 0.0007436000000000001, 0.0009581, 0.0007260000000000001, 0.0003432, 0.000352, 0.0007326, 0.0009416, 0.0007238, 0.0003443, 0.000352, 0.0007436000000000001, 0.0009328, 0.0007238, 0.0003476, 0.0003553, 0.0007414, 0.0009438000000000001, 0.0007172000000000001, 0.0003531, 0.00035640000000000004]",-26
10,"[0.0001287, 0.00010120000000000001, 2.3100000000000002e-05, 1.2100000000000001e-05, 7.37e-05, 0.0001133, 0.0001023, 2.75e-05, 1.32e-05, 7.59e-05, 0.0001232, 9.790000000000001e-05, 3.63e-05, 1.1e-05, 7.37e-05, 0.0001155, 9.350000000000001e-05, 2.4200000000000002e-05, 1.76e-05, 6.82e-05, 0.0001177, 9.790000000000001e-05, 2.5300000000000002e-05, 1.87e-05, 7.7e-05, 0.0001177, 9.790000000000001e-05, 3.3e-05, 1.87e-05, 6.27e-05, 0.000132, 9.240000000000001e-05, 1.2100000000000001e-05, 6.6e-06, 7.48e-05, 0.000121, 9.790000000000001e-05, 2.09e-05, 9.9e-06, 6.38e-05, 0.0001166, 9.790000000000001e-05, 3.52e-05, 1.2100000000000001e-05, 6.6e-05, 0.0001188, 9.240000000000001e-05, 3.19e-05, 1.87e-05, 7.04e-05, 0.0001287, 9.790000000000001e-05, 3.41e-05, 0.0, 7.04e-05, 0.0001177, 9.020000000000001e-05, 2.5300000000000002e-05, 5.5e-06, 7.37e-05, 0.0001232, 8.14e-05, 3.19e-05, 7.7e-06, 7.59e-05, 0.0001309, 9.790000000000001e-05, 2.64e-05, 5.5e-06, 6.71e-05, 0.0001221, 9.900000000000001e-05, 2.86e-05, 7.7e-06, 6.49e-05, 0.0001254, 9.350000000000001e-05, 2.09e-05, 1.1e-05, 6.05e-05, 0.0001155, 8.910000000000001e-05, 2.86e-05, 8.8e-06, 6.38e-05, 0.0001188, 0.00010120000000000001, 3.41e-05, 1.43e-05, 7.7e-05, 0.0001133, 0.00010120000000000001, 2.86e-05, 3.3e-06, 6.71e-05, 0.00011, 9.130000000000001e-05, 2.97e-05, 1.1e-05, 7.15e-05, 0.0001287, 9.570000000000001e-05, 2.4200000000000002e-05, 4.4e-06, 6.16e-05, 0.0001298, 9.680000000000001e-05, 2.5300000000000002e-05, 9.9e-06, 7.04e-05, 0.0001188, 9.460000000000001e-05, 2.4200000000000002e-05, 8.8e-06, 7.7e-05, 0.0001199, 9.350000000000001e-05, 1.87e-05, 7.7e-06, 7.26e-05, 0.0001133, 0.00010010000000000001, 2.5300000000000002e-05, -1.1e-06, 6.6e-05, 0.000121, 0.0001045, 3.41e-05, 1.32e-05, 6.82e-05, 0.0001177, 9.460000000000001e-05, 2.86e-05, 2.2e-06, 6.05e-05, 0.0001232, 8.8e-05, 3.08e-05, 9.9e-06, 7.59e-05, 0.0001276, 0.0001133, 2.97e-05, 5.5e-06, 6.6e-05, 0.0001243, 0.0001034, 3.74e-05, 1.65e-05, 7.15e-05, 0.0001265, 0.00010010000000000001, 2.64e-05, 5.5e-06, 6.6e-05, 0.0001155, 0.0001034, 2.4200000000000002e-05, 9.9e-06, 7.81e-05, 0.0001188, 9.460000000000001e-05, 2.64e-05, 1.65e-05, 7.7e-05, 0.0001166, 0.00011, 3.08e-05, 6.6e-06, 6.71e-05, 0.000121, 9.240000000000001e-05, 2.5300000000000002e-05, 5.5e-06, 7.37e-05, 0.0001232, 0.0001089, 3.41e-05, 7.7e-06, 7.37e-05, 0.0001276, 9.460000000000001e-05, 2.3100000000000002e-05, 8.8e-06, 7.15e-05, 0.0001155, 0.00010010000000000001, 2.4200000000000002e-05, 6.6e-06, 7.04e-05, 0.0001166, 9.240000000000001e-05, 2.4200000000000002e-05, 9.9e-06, 6.71e-05, 0.0001177, 8.910000000000001e-05, 2.2e-05, 6.6e-06, 7.15e-05, 0.0001166, 9.570000000000001e-05, 2.2e-05, 1.76e-05, 6.16e-05, 0.0001298, 9.240000000000001e-05, 2.64e-05, 6.6e-06, 6.82e-05, 0.000121, 0.00010010000000000001, 2.75e-05, 3.3e-06, 7.04e-05, 0.0001155, 9.460000000000001e-05, 2.2e-05, 8.8e-06, 6.38e-05, 0.0001243, 9.680000000000001e-05, 2.86e-05, 1.1e-05, 6.93e-05, 0.0001243, 0.0001034, 2.3100000000000002e-05, 6.6e-06, 6.93e-05, 0.0001243, 9.900000000000001e-05, 2.64e-05, 5.5e-06, 7.15e-05, 0.0001265, 9.130000000000001e-05, 2.97e-05, 4.4e-06, 7.26e-05, 0.0001243, 9.020000000000001e-05, 1.43e-05, 1.1e-05, 7.26e-05, 0.0001287, 0.00010010000000000001, 2.97e-05, 5.5e-06, 7.59e-05, 0.0001144, 0.00010120000000000001, 2.09e-05, 1.2100000000000001e-05, 7.15e-05, 0.0001221, 8.58e-05, 2.4200000000000002e-05, 8.8e-06, 7.26e-05, 0.0001287, 8.47e-05, 2.4200000000000002e-05, 1.65e-05, 7.59e-05, 0.0001232, 9.350000000000001e-05, 2.3100000000000002e-05, 1.98e-05, 7.37e-05, 0.0001155, 9.350000000000001e-05, 2.5300000000000002e-05, -3.3e-06, 8.36e-05, 0.000121, 8.8e-05, 2.75e-05, 1.2100000000000001e-05, 6.49e-05, 0.00011, 9.350000000000001e-05, 3.41e-05, 1.32e-05, 6.6e-05, 0.0001111, 9.680000000000001e-05, 2.86e-05, 1.65e-05, 6.93e-05, 0.0001221, 9.790000000000001e-05, 2.2e-05, 1.76e-05, 6.93e-05, 0.0001166, 8.910000000000001e-05, 2.75e-05, 7.7e-06, 6.93e-05, 0.0001254, 9.900000000000001e-05, 1.1e-05, 1.54e-05, 7.15e-05, 0.0001254, 9.900000000000001e-05, 2.2e-05, 3.3e-06, 6.93e-05, 0.0001221, 0.00010120000000000001, 2.86e-05, 8.8e-06, 8.03e-05, 0.0001199, 0.00010010000000000001, 2.3100000000000002e-05, 6.6e-06, 7.92e-05, 0.0001155, 9.240000000000001e-05, 3.08e-05, 9.9e-06, 6.82e-05, 0.0001199, 9.680000000000001e-05, 2.86e-05, 2.09e-05, 6.71e-05, 0.0001199, 9.790000000000001e-05, 2.4200000000000002e-05, 2.09e-05, 7.04e-05, 0.0001221, 9.350000000000001e-05, 2.2e-05, 1.65e-05, 7.7e-05, 0.0001166, 9.680000000000001e-05, 3.96e-05, 1.32e-05, 6.82e-05, 0.0001067, 0.00010010000000000001, 3.3e-05, 3.3e-06, 6.93e-05, 0.0001188, 9.240000000000001e-05, 2.4200000000000002e-05, 1.32e-05, 7.48e-05, 0.0001155, 9.680000000000001e-05, 2.4200000000000002e-05, 8.8e-06, 6.49e-05, 0.0001265, 8.47e-05, 3.19e-05, 1.43e-05, 7.26e-05, 0.0001199, 0.0001023, 2.86e-05, 8.8e-06, 7.7e-05, 0.0001199, 9.790000000000001e-05, 2.64e-05, 5.5e-06, 7.37e-05, 0.0001221, 0.00010120000000000001, 3.19e-05, 6.6e-06, 6.93e-05, 0.0001199, 9.570000000000001e-05, 3.52e-05, 8.8e-06, 7.15e-05, 0.000121, 9.240000000000001e-05, 3.3e-05, 9.9e-06, 7.26e-05, 0.0001199, 9.570000000000001e-05, 1.87e-05, 9.9e-06, 7.37e-05, 0.0001287, 9.240000000000001e-05, 2.75e-05, 8.8e-06, 6.49e-05, 0.0001221, 9.020000000000001e-05, 2.86e-05, 3.3e-06, 7.37e-05, 0.0001243, 9.790000000000001e-05, 2.3100000000000002e-05, 9.9e-06, 7.15e-05, 0.0001243, 0.00010120000000000001, 2.75e-05, 8.8e-06, 7.48e-05, 0.0001122, 9.680000000000001e-05, 2.97e-05, 8.8e-06, 7.37e-05, 0.0001232, 9.570000000000001e-05, 2.97e-05, 1.76e-05, 7.37e-05, 0.0001199, 8.910000000000001e-05, 3.08e-05, 8.8e-06, 7.26e-05, 0.0001243, 0.0001056, 2.97e-05, 1.65e-05, 7.26e-05, 0.000121, 0.0001023, 2.3100000000000002e-05, 2.2e-06, 7.37e-05, 0.0001188, 9.900000000000001e-05, 2.86e-05, 1.54e-05, 6.16e-05, 0.0001199, 9.460000000000001e-05, 3.19e-05, 9.9e-06, 7.15e-05, 0.0001276, 9.020000000000001e-05, 2.5300000000000002e-05, 3.3e-06, 6.93e-05, 0.0001188, 0.00010010000000000001, 2.3100000000000002e-05, 7.7e-06, 7.37e-05, 0.00011, 8.69e-05, 2.09e-05, 2.2e-05, 6.16e-05, 0.0001232, 9.020000000000001e-05, 2.3100000000000002e-05, 6.6e-06, 6.71e-05, 0.0001243, 0.00010120000000000001, 2.75e-05, 2.09e-05, 6.16e-05, 0.0001155, 0.0001023, 4.07e-05, 5.5e-06, 7.04e-05, 0.0001199, 9.350000000000001e-05, 2.5300000000000002e-05, 1.1e-05, 6.71e-05, 0.0001221, 0.00010120000000000001, 3.08e-05, 1.54e-05, 6.93e-05, 0.0001254, 9.790000000000001e-05, 2.86e-05, 4.4e-06, 8.03e-05, 0.0001298, 0.00010010000000000001, 2.09e-05, 2.09e-05, 7.37e-05]","[-0.0002321, -0.00020130000000000001, -0.0001397, -0.0001408, -0.00020020000000000001, -0.00022, -0.0002035, -0.0001551, -0.0001353, -0.00019030000000000002, -0.0002244, -0.0002035, -0.0001474, -0.0001364, -0.00019470000000000002, -0.00022, -0.00019910000000000001, -0.0001474, -0.0001419, -0.00018480000000000002, -0.0002266, -0.00018920000000000002, -0.0001529, -0.0001419, -0.00019360000000000002, -0.0002222, -0.0002046, -0.0001386, -0.0001419, -0.00019580000000000002, -0.0002266, -0.00019140000000000002, -0.0001496, -0.0001386, -0.00019580000000000002, -0.0002255, -0.00020020000000000001, -0.0001507, -0.0001463, -0.00018480000000000002, -0.0002266, -0.0002057, -0.0001496, -0.0001441, -0.00018810000000000002, -0.0002211, -0.00019470000000000002, -0.0001573, -0.0001463, -0.00019690000000000002, -0.0002277, -0.00020020000000000001, -0.0001397, -0.0001342, -0.00018700000000000002, -0.0002244, -0.000209, -0.0001386, -0.0001375, -0.00018810000000000002, -0.00022, -0.0002046, -0.0001386, -0.0001364, -0.00018480000000000002, -0.0002233, -0.0002046, -0.0001507, -0.0001452, -0.00018590000000000002, -0.0002255, -0.00019910000000000001, -0.0001474, -0.0001331, -0.00019030000000000002, -0.0002343, -0.00018810000000000002, -0.0001397, -0.0001364, -0.00018480000000000002, -0.0002277, -0.00019800000000000002, -0.0001485, -0.0001331, -0.00019250000000000002, -0.0002244, -0.00020130000000000001, -0.0001386, -0.0001397, -0.00018810000000000002, -0.0002222, -0.00019580000000000002, -0.000143, -0.0001364, -0.00019140000000000002, -0.0002233, -0.00019360000000000002, -0.0001529, -0.0001452, -0.00018920000000000002, -0.0002178, -0.0002057, -0.0001485, -0.0001408, -0.00018920000000000002, -0.0002277, -0.00019360000000000002, -0.0001463, -0.0001496, -0.00019030000000000002, -0.0002189, -0.00019580000000000002, -0.000143, -0.0001375, -0.00019910000000000001, -0.0002255, -0.00020130000000000001, -0.0001419, -0.0001309, -0.00018370000000000002, -0.0002288, -0.00019800000000000002, -0.0001463, -0.0001375, -0.00018260000000000002, -0.0002233, -0.00020020000000000001, -0.0001496, -0.0001386, -0.00018810000000000002, -0.0002178, -0.00019140000000000002, -0.0001496, -0.0001408, -0.00019140000000000002, -0.00022, -0.0002101, -0.0001452, -0.0001353, -0.00018920000000000002, -0.0002189, -0.00020240000000000001, -0.0001452, -0.0001331, -0.00018920000000000002, -0.00022, -0.0002079, -0.0001485, -0.0001474, -0.00019030000000000002, -0.0002222, -0.00019800000000000002, -0.000143, -0.0001485, -0.00019580000000000002, -0.0002145, -0.0002035, -0.0001397, -0.0001331, -0.00018920000000000002, -0.0002134, -0.0002035, -0.0001419, -0.0001485, -0.00019800000000000002, -0.0002244, -0.00020240000000000001, -0.0001364, -0.0001408, -0.00019250000000000002, -0.0002134, -0.00019140000000000002, -0.0001463, -0.000143, -0.00018920000000000002, -0.0002233, -0.00020020000000000001, -0.000143, -0.0001342, -0.00019250000000000002, -0.0002376, -0.0002035, -0.000143, -0.0001441, -0.00018700000000000002, -0.0002178, -0.00018370000000000002, -0.0001419, -0.000143, -0.00019030000000000002, -0.0002277, -0.00019250000000000002, -0.0001408, -0.0001397, -0.00019690000000000002, -0.0002255, -0.00020130000000000001, -0.0001474, -0.000132, -0.00019580000000000002, -0.0002222, -0.00020130000000000001, -0.0001441, -0.000132, -0.00018810000000000002, -0.0002222, -0.00020130000000000001, -0.0001518, -0.0001408, -0.00018590000000000002, -0.0002277, -0.00019580000000000002, -0.0001485, -0.0001386, -0.00019250000000000002, -0.0002299, -0.00019030000000000002, -0.000154, -0.0001375, -0.00018040000000000002, -0.0002266, -0.00018810000000000002, -0.0001386, -0.0001386, -0.00018150000000000002, -0.0002178, -0.00019910000000000001, -0.0001507, -0.0001386, -0.00018590000000000002, -0.0002156, -0.00020020000000000001, -0.0001419, -0.0001386, -0.00018370000000000002, -0.0002178, -0.00020020000000000001, -0.0001441, -0.0001474, -0.00019140000000000002, -0.0002233, -0.00019360000000000002, -0.0001496, -0.0001353, -0.00019250000000000002, -0.000231, -0.00019580000000000002, -0.0001441, -0.000143, -0.00018260000000000002, -0.00022, -0.00019910000000000001, -0.0001507, -0.0001463, -0.00018920000000000002, -0.0002277, -0.00019470000000000002, -0.000143, -0.0001474, -0.00018150000000000002, -0.0002222, -0.00019910000000000001, -0.0001419, -0.000143, -0.0002035, -0.0002222, -0.00019360000000000002, -0.0001485, -0.0001452, -0.00019030000000000002, -0.0002211, -0.0002068, -0.0001496, -0.0001386, -0.00019580000000000002, -0.0002255, -0.0002079, -0.0001419, -0.000143, -0.00019140000000000002, -0.0002189, -0.00019800000000000002, -0.0001529, -0.0001386, -0.00019250000000000002, -0.0002244, -0.0002057, -0.0001463, -0.0001507, -0.00018040000000000002, -0.0002156, -0.00019910000000000001, -0.0001419, -0.0001375, -0.00018810000000000002, -0.0002266, -0.0002046, -0.0001397, -0.0001375, -0.00019250000000000002, -0.00022, -0.00018920000000000002, -0.0001485, -0.0001397, -0.00019580000000000002, -0.0002255, -0.00020240000000000001, -0.0001485, -0.000143, -0.00019250000000000002, -0.0002277, -0.00020130000000000001, -0.0001386, -0.0001397, -0.00019470000000000002, -0.0002145, -0.00020020000000000001, -0.0001496, -0.0001474, -0.00020020000000000001, -0.0002233, -0.00019690000000000002, -0.0001496, -0.0001463, -0.00019250000000000002, -0.0002321, -0.00020240000000000001, -0.0001408, -0.000143, -0.00018480000000000002, -0.0002288, -0.00019800000000000002, -0.000143, -0.0001441, -0.00019360000000000002, -0.0002299, -0.00019140000000000002, -0.0001397, -0.0001386, -0.00019360000000000002, -0.0002288, -0.0002057, -0.0001298, -0.0001474, -0.00019800000000000002, -0.0002266, -0.00020130000000000001, -0.0001485, -0.0001419, -0.00019470000000000002, -0.0002156, -0.00020020000000000001, -0.000154, -0.0001408, -0.00019140000000000002, -0.0002233, -0.00019910000000000001, -0.0001463, -0.0001353, -0.00019360000000000002, -0.0002266, -0.00020130000000000001, -0.0001441, -0.0001342, -0.00018700000000000002, -0.0002255, -0.00019910000000000001, -0.0001408, -0.0001419, -0.00018480000000000002, -0.0002178, -0.00020020000000000001, -0.0001386, -0.0001441, -0.00019360000000000002, -0.0002332, -0.00019690000000000002, -0.0001551, -0.0001419, -0.00019140000000000002, -0.00022, -0.00019800000000000002, -0.000143, -0.0001397, -0.00018260000000000002, -0.0002266, -0.0002035, -0.0001562, -0.0001386, -0.00020020000000000001, -0.000231, -0.0002068, -0.0001397, -0.000143, -0.00019140000000000002, -0.0002222, -0.00019580000000000002, -0.0001364, -0.0001397, -0.00018150000000000002, -0.0002255, -0.00019690000000000002, -0.0001364, -0.0001397, -0.00020240000000000001, -0.0002288, -0.00018590000000000002, -0.0001518, -0.0001364, -0.00018920000000000002, -0.00022, -0.0002057, -0.0001551, -0.0001353, -0.00019690000000000002, -0.0002178, -0.0002068, -0.000143, -0.0001364, -0.00018040000000000002, -0.0002299, -0.0002035, -0.0001452, -0.0001452, -0.00019580000000000002, -0.0002244, -0.00019580000000000002, -0.0001496, -0.0001397, -0.00019250000000000002, -0.0002167, -0.0002035, -0.0001452, -0.0001474, -0.00018920000000000002, -0.0002266, -0.00019250000000000002, -0.0001452, -0.0001419, -0.00019800000000000002, -0.0002299, -0.00020020000000000001, -0.0001397, -0.0001331, -0.00019030000000000002, -0.0002321, -0.0002046, -0.000143, -0.000143, -0.00018590000000000002, -0.0002255, -0.00019690000000000002, -0.0001408, -0.0001331, -0.00019030000000000002, -0.0002244, -0.00019800000000000002, -0.000143, -0.0001397, -0.00018810000000000002, -0.0002211, -0.00019580000000000002, -0.0001474, -0.0001419, -0.00019140000000000002, -0.0002211, -0.00019470000000000002, -0.0001364, -0.0001364, -0.00019580000000000002, -0.0002222, -0.00020240000000000001, -0.0001441, -0.0001364, -0.00019140000000000002, -0.00022, -0.00020130000000000001, -0.0001529, -0.0001342, -0.00019470000000000002, -0.0002255, -0.00020240000000000001, -0.0001606, -0.0001463, -0.00019470000000000002, -0.0002167, -0.00019140000000000002, -0.0001474, -0.0001463, -0.00019470000000000002, -0.00022, -0.00019800000000000002, -0.0001441, -0.0001507, -0.00019580000000000002, -0.000231, -0.0002079, -0.0001419, -0.0001265, -0.00018590000000000002]","[0.0009493, 0.0007106, 0.0003465, 0.0003641, 0.0007425, 0.0009394000000000001, 0.0007106, 0.0003377, 0.00035860000000000004, 0.0007469, 0.0009438000000000001, 0.0007128000000000001, 0.0003421, 0.0003685, 0.0007381, 0.0009482000000000001, 0.000704, 0.0003498, 0.00036080000000000004, 0.0007491, 0.0009427000000000001, 0.0007106, 0.0003432, 0.00036520000000000004, 0.0007568000000000001, 0.0009328, 0.0007161, 0.0003498, 0.0003619, 0.0007447, 0.0009449, 0.0007029, 0.0003421, 0.0003619, 0.0007535, 0.000946, 0.0007194, 0.0003454, 0.0003575, 0.0007469, 0.0009449, 0.000715, 0.0003344, 0.0003575, 0.0007469, 0.0009416, 0.0007095000000000001, 0.0003399, 0.0003531, 0.0007535, 0.0009394000000000001, 0.0007062, 0.0003465, 0.0003641, 0.0007381, 0.0009449, 0.0007139000000000001, 0.0003509, 0.00036740000000000004, 0.0007535, 0.0009394000000000001, 0.0007106, 0.0003366, 0.00036740000000000004, 0.0007381, 0.0009471000000000001, 0.000704, 0.0003443, 0.0003751, 0.0007392000000000001, 0.0009438000000000001, 0.0007128000000000001, 0.0003366, 0.00036740000000000004, 0.0007381, 0.0009449, 0.000704, 0.0003509, 0.00035420000000000004, 0.0007414, 0.0009438000000000001, 0.0007139000000000001, 0.0003465, 0.00035420000000000004, 0.000759, 0.0009383000000000001, 0.0007172000000000001, 0.0003476, 0.0003729, 0.0007623, 0.0009317, 0.0007194, 0.0003432, 0.0003685, 0.0007535, 0.000946, 0.0007117, 0.0003366, 0.0003619, 0.0007436000000000001, 0.0009504, 0.0007117, 0.0003443, 0.0003641, 0.0007557, 0.0009427000000000001, 0.0007194, 0.0003377, 0.00036520000000000004, 0.0007502, 0.0009504, 0.000704, 0.0003377, 0.0003641, 0.0007480000000000001, 0.000946, 0.0007062, 0.0003465, 0.00036740000000000004, 0.0007546, 0.0009317, 0.0007084000000000001, 0.0003432, 0.00036740000000000004, 0.0007502, 0.0009394000000000001, 0.0007139000000000001, 0.0003355, 0.0003597, 0.0007425, 0.0009350000000000001, 0.0007172000000000001, 0.0003377, 0.0003619, 0.0007502, 0.0009350000000000001, 0.0006996, 0.0003399, 0.00036740000000000004, 0.0007337, 0.0009361, 0.0007073, 0.0003399, 0.00036520000000000004, 0.0007535, 0.0009438000000000001, 0.000693, 0.0003355, 0.00036300000000000004, 0.0007524000000000001, 0.0009438000000000001, 0.0007073, 0.0003421, 0.0003707, 0.0007414, 0.0009372, 0.0007161, 0.0003355, 0.00036080000000000004, 0.0007414, 0.0009471000000000001, 0.0007095000000000001, 0.0003443, 0.0003619, 0.0007502, 0.0009515000000000001, 0.0007183000000000001, 0.0003454, 0.00037180000000000004, 0.0007447, 0.0009471000000000001, 0.0007073, 0.0003344, 0.00036520000000000004, 0.0007458, 0.0009438000000000001, 0.0007117, 0.0003443, 0.0003685, 0.0007425, 0.0009537, 0.0007018, 0.0003344, 0.00037180000000000004, 0.0007480000000000001, 0.0009372, 0.0007194, 0.0003366, 0.00036740000000000004, 0.0007491, 0.0009493, 0.0007073, 0.0003344, 0.00036520000000000004, 0.0007535, 0.0009482000000000001, 0.0007007000000000001, 0.0003421, 0.0003641, 0.0007546, 0.0009515000000000001, 0.0007117, 0.0003421, 0.0003795, 0.0007491, 0.0009383000000000001, 0.0006996, 0.0003333, 0.0003663, 0.0007458, 0.0009449, 0.000715, 0.0003421, 0.0003707, 0.0007524000000000001, 0.0009438000000000001, 0.0007128000000000001, 0.0003377, 0.0003663, 0.0007480000000000001, 0.0009493, 0.0007029, 0.00033, 0.0003641, 0.0007513, 0.0009438000000000001, 0.0007194, 0.0003432, 0.00037180000000000004, 0.0007513, 0.0009471000000000001, 0.0007084000000000001, 0.0003421, 0.00037620000000000004, 0.0007458, 0.0009438000000000001, 0.0007095000000000001, 0.0003454, 0.00035420000000000004, 0.0007469, 0.0009328, 0.0007018, 0.0003421, 0.0003619, 0.0007535, 0.0009350000000000001, 0.0007095000000000001, 0.0003399, 0.00035860000000000004, 0.0007436000000000001, 0.000946, 0.0007073, 0.0003311, 0.0003641, 0.000737, 0.0009515000000000001, 0.0007095000000000001, 0.0003465, 0.00036960000000000004, 0.0007557, 0.0009427000000000001, 0.0007139000000000001, 0.0003399, 0.0003663, 0.0007480000000000001, 0.0009427000000000001, 0.0006996, 0.0003388, 0.00037400000000000004, 0.0007502, 0.0009449, 0.0007139000000000001, 0.0003432, 0.0003707, 0.0007447, 0.0009504, 0.0007139000000000001, 0.0003366, 0.00036520000000000004, 0.000759, 0.000946, 0.000715, 0.0003366, 0.00037620000000000004, 0.0007425, 0.0009438000000000001, 0.0007128000000000001, 0.0003344, 0.00036520000000000004, 0.0007502, 0.0009504, 0.0007106, 0.0003278, 0.00037400000000000004, 0.0007447, 0.0009471000000000001, 0.0007007000000000001, 0.0003333, 0.00036080000000000004, 0.0007491, 0.0009405, 0.0007128000000000001, 0.0003344, 0.00036960000000000004, 0.0007502, 0.000946, 0.0007106, 0.0003443, 0.00036520000000000004, 0.0007447, 0.0009427000000000001, 0.0007205, 0.0003366, 0.0003751, 0.0007546, 0.0009383000000000001, 0.0007073, 0.0003322, 0.00035640000000000004, 0.0007480000000000001, 0.0009372, 0.000715, 0.0003355, 0.00036300000000000004, 0.0007524000000000001, 0.0009416, 0.0007073, 0.0003355, 0.0003685, 0.0007502, 0.0009471000000000001, 0.0007051000000000001, 0.0003465, 0.00037180000000000004, 0.000759, 0.0009438000000000001, 0.0007007000000000001, 0.0003344, 0.00037400000000000004, 0.0007502, 0.0009394000000000001, 0.0007194, 0.000341, 0.0003597, 0.0007414, 0.0009427000000000001, 0.000704, 0.0003333, 0.0003663, 0.0007425, 0.0009482000000000001, 0.0007018, 0.0003366, 0.00036740000000000004, 0.0007524000000000001, 0.0009449, 0.0007106, 0.0003432, 0.00037180000000000004, 0.0007579, 0.0009405, 0.0006985, 0.0003344, 0.0003663, 0.0007546, 0.0009493, 0.0007007000000000001, 0.0003421, 0.00036080000000000004, 0.0007535, 0.0009427000000000001, 0.0007117, 0.0003322, 0.0003597, 0.000737, 0.0009427000000000001, 0.0007095000000000001, 0.00033, 0.0003707, 0.0007491, 0.0009427000000000001, 0.0007139000000000001, 0.0003377, 0.00037400000000000004, 0.0007579, 0.0009504, 0.0007073, 0.0003344, 0.0003663, 0.0007612000000000001, 0.0009328, 0.0007084000000000001, 0.0003322, 0.0003619, 0.0007546, 0.0009427000000000001, 0.0007106, 0.0003377, 0.0003685, 0.0007502, 0.0009449, 0.0007128000000000001, 0.0003476, 0.0003707, 0.0007414, 0.0009449, 0.0007117, 0.0003355, 0.00038060000000000004, 0.0007447, 0.0009471000000000001, 0.0007062, 0.0003333, 0.0003597, 0.000759, 0.0009394000000000001, 0.0007018, 0.0003454, 0.0003641, 0.0007546, 0.000946, 0.0007128000000000001, 0.0003421, 0.0003619, 0.0007535, 0.0009438000000000001, 0.0006963000000000001, 0.0003454, 0.0003663, 0.000759, 0.0009317, 0.0007007000000000001, 0.0003366, 0.0003641, 0.0007469, 0.0009438000000000001, 0.0007018, 0.0003366, 0.0003663, 0.0007546, 0.0009405, 0.0007139000000000001, 0.0003377, 0.0003795, 0.0007557, 0.000946, 0.0007084000000000001, 0.0003399, 0.0003575, 0.0007535, 0.000946, 0.0007095000000000001, 0.0003311, 0.0003663, 0.0007502, 0.0009427000000000001, 0.0007029, 0.0003322, 0.0003685, 0.0007535, 0.0009361, 0.0007073, 0.0003487, 0.0003707, 0.000759, 0.0009361, 0.0007029, 0.00033, 0.0003619, 0.0007557, 0.0009482000000000001, 0.0007128000000000001, 0.0003322, 0.0003641, 0.0007546, 0.0009449, 0.0007117, 0.0003388, 0.0003707, 0.0007491, 0.0009493, 0.0006963000000000001, 0.000341, 0.00036960000000000004, 0.0007513, 0.0009361, 0.0006985, 0.000341, 0.0003685, 0.0007546, 0.0009449, 0.0006996, 0.0003278, 0.0003685, 0.0007480000000000001, 0.000946, 0.0007051000000000001, 0.0003366, 0.0003707, 0.0007579]",-25
11,"[2.75e-05, 8.8e-06, 7.04e-05, 0.0001089, 9.570000000000001e-05, 1.2100000000000001e-05, 3.3e-06, 6.93e-05, 0.0001155, 9.240000000000001e-05, 2.5300000000000002e-05, 8.8e-06, 6.6e-05, 0.00011, 8.69e-05, 2.5300000000000002e-05, 1.1e-05, 6.38e-05, 0.0001089, 8.25e-05, 2.09e-05, 1.32e-05, 7.04e-05, 0.0001188, 7.59e-05, 1.87e-05, 9.9e-06, 6.6e-05, 0.0001144, 9.350000000000001e-05, 2.4200000000000002e-05, 0.0, 6.71e-05, 0.0001111, 9.790000000000001e-05, 2.75e-05, 1.43e-05, 6.71e-05, 0.0001155, 8.25e-05, 1.87e-05, 7.7e-06, 7.26e-05, 0.0001188, 8.36e-05, 2.3100000000000002e-05, 1.1e-05, 7.26e-05, 0.0001144, 8.58e-05, 2.2e-05, 0.0, 6.71e-05, 0.0001089, 9.020000000000001e-05, 2.64e-05, 1.54e-05, 7.04e-05, 0.0001155, 8.8e-05, 2.09e-05, 3.3e-06, 6.71e-05, 0.0001089, 8.14e-05, 1.87e-05, 2.2e-06, 7.48e-05, 0.0001078, 9.460000000000001e-05, 2.2e-05, 1.54e-05, 6.49e-05, 0.000121, 9.020000000000001e-05, 2.4200000000000002e-05, 1.1e-05, 6.16e-05, 0.0001166, 0.00010010000000000001, 2.97e-05, 5.5e-06, 7.15e-05, 0.0001078, 8.36e-05, 1.76e-05, 7.7e-06, 6.6e-05, 0.0001133, 9.020000000000001e-05, 2.2e-05, 4.4e-06, 7.37e-05, 0.0001155, 9.350000000000001e-05, 2.5300000000000002e-05, 1.2100000000000001e-05, 6.27e-05, 0.0001078, 9.130000000000001e-05, 2.3100000000000002e-05, 1.1e-06, 7.26e-05, 0.0001232, 9.020000000000001e-05, 2.3100000000000002e-05, 9.9e-06, 6.71e-05, 0.0001089, 8.36e-05, 1.87e-05, 2.09e-05, 6.93e-05, 0.00011, 9.350000000000001e-05, 2.5300000000000002e-05, -1.1e-06, 7.15e-05, 0.0001232, 8.8e-05, 1.76e-05, 1.32e-05, 7.48e-05, 0.0001089, 8.47e-05, 1.32e-05, 9.9e-06, 6.71e-05, 0.0001177, 8.03e-05, 2.3100000000000002e-05, 1.2100000000000001e-05, 7.7e-05, 0.0001144, 8.58e-05, 2.97e-05, 3.3e-06, 6.38e-05, 0.0001144, 8.69e-05, 2.97e-05, 7.7e-06, 6.49e-05, 0.00011, 8.910000000000001e-05, 2.09e-05, 1.1e-05, 7.48e-05, 0.0001177, 8.910000000000001e-05, 2.3100000000000002e-05, 1.1e-05, 5.83e-05, 0.0001078, 8.69e-05, 1.65e-05, 5.5e-06, 7.04e-05, 0.0001177, 8.47e-05, 1.2100000000000001e-05, 1.43e-05, 7.04e-05, 0.0001166, 9.020000000000001e-05, 2.97e-05, 9.9e-06, 6.38e-05, 0.0001188, 9.240000000000001e-05, 2.2e-05, -2.2e-06, 7.26e-05, 0.0001089, 9.130000000000001e-05, 2.09e-05, 5.5e-06, 7.48e-05, 0.0001133, 9.020000000000001e-05, 2.4200000000000002e-05, 0.0, 6.93e-05, 0.0001144, 8.69e-05, 2.4200000000000002e-05, 9.9e-06, 7.81e-05, 0.000121, 7.81e-05, 1.87e-05, -1.1e-06, 7.81e-05, 0.0001111, 8.58e-05, 2.5300000000000002e-05, -5.5e-06, 6.6e-05, 0.0001133, 8.58e-05, 1.98e-05, 1.65e-05, 6.6e-05, 0.0001188, 9.020000000000001e-05, 2.4200000000000002e-05, 1.43e-05, 6.16e-05, 0.0001056, 9.570000000000001e-05, 2.86e-05, 6.6e-06, 6.16e-05, 0.0001089, 9.020000000000001e-05, 2.4200000000000002e-05, 8.8e-06, 6.38e-05, 0.0001155, 8.910000000000001e-05, 2.64e-05, 1.54e-05, 7.15e-05, 0.0001221, 8.14e-05, 2.75e-05, 1.1e-05, 6.82e-05, 0.00011, 8.58e-05, 2.75e-05, 2.2e-06, 6.82e-05, 0.0001155, 0.00010010000000000001, 2.5300000000000002e-05, 9.9e-06, 7.26e-05, 0.0001166, 9.570000000000001e-05, 2.2e-05, 9.9e-06, 7.26e-05, 0.0001067, 9.020000000000001e-05, 1.87e-05, 2.2e-06, 7.04e-05, 0.0001177, 8.910000000000001e-05, 2.3100000000000002e-05, 1.1e-06, 6.49e-05, 0.0001232, 8.25e-05, 2.3100000000000002e-05, 3.3e-06, 7.04e-05, 0.0001166, 8.58e-05, 1.98e-05, 9.9e-06, 7.04e-05, 0.0001188, 8.8e-05, 1.98e-05, 1.98e-05, 7.48e-05, 0.0001199, 9.460000000000001e-05, 1.98e-05, 5.5e-06, 6.49e-05, 0.0001144, 8.47e-05, 2.5300000000000002e-05, 2.4200000000000002e-05, 8.03e-05, 0.0001243, 8.69e-05, 2.09e-05, 2.2e-06, 7.48e-05, 0.0001177, 8.8e-05, 1.87e-05, 1.1e-05, 6.93e-05, 0.00011, 9.350000000000001e-05, 2.4200000000000002e-05, 6.6e-06, 7.15e-05, 0.000121, 9.350000000000001e-05, 2.09e-05, 6.6e-06, 6.6e-05, 0.0001166, 9.020000000000001e-05, 2.4200000000000002e-05, 1.32e-05, 6.27e-05, 0.0001199, 9.350000000000001e-05, 2.4200000000000002e-05, 1.65e-05, 7.04e-05, 0.0001243, 9.350000000000001e-05, 1.98e-05, 8.8e-06, 6.38e-05, 0.000121, 8.8e-05, 3.08e-05, -2.2e-06, 6.6e-05, 0.0001199, 8.47e-05, 2.97e-05, 7.7e-06, 7.04e-05, 0.0001243, 9.130000000000001e-05, 1.54e-05, 1.1e-05, 6.6e-05, 0.000121, 8.69e-05, 2.97e-05, 6.6e-06, 7.26e-05, 0.0001166, 9.350000000000001e-05, 1.87e-05, 0.0, 7.92e-05, 0.0001089, 9.460000000000001e-05, 1.2100000000000001e-05, 1.54e-05, 7.26e-05, 0.0001111, 9.240000000000001e-05, 1.98e-05, 1.54e-05, 7.04e-05, 0.0001089, 9.240000000000001e-05, 2.3100000000000002e-05, 6.6e-06, 6.16e-05, 0.0001122, 8.14e-05, 1.2100000000000001e-05, 1.65e-05, 6.82e-05, 0.0001166, 9.460000000000001e-05, 2.64e-05, 2.2e-06, 7.59e-05, 0.0001188, 8.8e-05, 2.09e-05, 1.43e-05, 6.6e-05, 0.0001199, 9.350000000000001e-05, 2.86e-05, 6.6e-06, 6.6e-05, 0.00011, 8.36e-05, 2.97e-05, 7.7e-06, 6.49e-05, 0.0001089, 8.58e-05, 1.54e-05, 3.3e-06, 7.04e-05, 0.000121, 9.460000000000001e-05, 1.65e-05, 9.9e-06, 7.26e-05, 0.0001166, 0.00010010000000000001, 1.76e-05, 1.65e-05, 8.14e-05, 0.0001155, 8.8e-05, 1.2100000000000001e-05, -2.2e-06, 6.93e-05, 0.0001089, 9.130000000000001e-05, 1.43e-05, 1.43e-05, 7.04e-05, 0.0001089, 8.47e-05, 2.2e-05, 4.4e-06, 7.37e-05, 0.0001144, 8.69e-05, 2.2e-05, 7.7e-06, 5.17e-05, 0.0001144, 9.680000000000001e-05, 2.5300000000000002e-05, 1.43e-05, 6.38e-05, 0.0001177, 9.570000000000001e-05, 1.76e-05, 1.54e-05, 7.26e-05, 0.0001122, 8.58e-05, 1.65e-05, 5.5e-06, 7.04e-05, 0.0001111, 7.59e-05, 2.5300000000000002e-05, 2.2e-06, 6.71e-05, 0.0001045, 8.69e-05, 1.1e-05, 1.2100000000000001e-05, 7.81e-05, 0.0001078, 7.92e-05, 2.5300000000000002e-05, 1.32e-05, 7.59e-05, 0.0001144, 9.240000000000001e-05, 1.65e-05, 9.9e-06, 6.93e-05, 0.00011, 8.58e-05, 2.2e-05, 1.54e-05, 6.16e-05, 0.0001089, 9.350000000000001e-05, 1.87e-05, 1.54e-05, 8.03e-05, 0.0001155, 0.00010120000000000001, 1.87e-05, 7.7e-06, 5.94e-05, 0.0001144, 8.58e-05, 1.87e-05, 4.4e-06, 6.93e-05, 0.0001177, 8.8e-05, 2.4200000000000002e-05, 7.7e-06, 6.71e-05, 0.00011, 8.58e-05, 2.5300000000000002e-05, 2.2e-06, 7.26e-05, 0.0001122, 8.47e-05, 2.86e-05, 1.76e-05, 6.6e-05, 0.0001056, 8.8e-05, 2.5300000000000002e-05, 7.7e-06, 7.92e-05, 0.0001144, 8.910000000000001e-05, 1.1e-05, 1.32e-05, 7.59e-05, 0.0001122, 9.350000000000001e-05, 1.2100000000000001e-05, 3.3e-06, 6.82e-05, 0.0001122, 8.910000000000001e-05]","[-0.0001386, -0.0001474, -0.00018480000000000002, -0.0002343, -0.00019470000000000002, -0.0001529, -0.000143, -0.00019690000000000002, -0.0002233, -0.00019140000000000002, -0.0001419, -0.000143, -0.00019800000000000002, -0.0002222, -0.00019800000000000002, -0.0001386, -0.0001452, -0.00019360000000000002, -0.0002211, -0.00018040000000000002, -0.0001353, -0.000143, -0.00018590000000000002, -0.0002332, -0.00019470000000000002, -0.0001397, -0.0001364, -0.00018920000000000002, -0.0002244, -0.00020020000000000001, -0.0001375, -0.0001364, -0.00019030000000000002, -0.0002277, -0.00019250000000000002, -0.0001496, -0.0001463, -0.00018480000000000002, -0.0002167, -0.00019470000000000002, -0.0001452, -0.0001353, -0.00019800000000000002, -0.0002321, -0.00018920000000000002, -0.0001419, -0.0001419, -0.00019470000000000002, -0.0002145, -0.00020130000000000001, -0.0001452, -0.0001342, -0.00019470000000000002, -0.0002277, -0.00019250000000000002, -0.0001441, -0.0001452, -0.00018810000000000002, -0.0002233, -0.00019030000000000002, -0.0001485, -0.0001419, -0.00019800000000000002, -0.0002233, -0.00018480000000000002, -0.000132, -0.0001397, -0.00019250000000000002, -0.0002244, -0.00019800000000000002, -0.0001408, -0.0001419, -0.00019250000000000002, -0.0002299, -0.0002035, -0.0001408, -0.0001375, -0.00018700000000000002, -0.0002189, -0.00019690000000000002, -0.0001419, -0.0001342, -0.00019250000000000002, -0.0002255, -0.00020240000000000001, -0.0001507, -0.0001331, -0.00018700000000000002, -0.0002255, -0.00019360000000000002, -0.0001485, -0.0001353, -0.00019250000000000002, -0.0002189, -0.00019800000000000002, -0.0001463, -0.0001353, -0.00019360000000000002, -0.0002321, -0.00019470000000000002, -0.0001364, -0.0001419, -0.00018700000000000002, -0.0002288, -0.00019690000000000002, -0.0001507, -0.0001463, -0.00018920000000000002, -0.0002255, -0.00018700000000000002, -0.0001375, -0.0001353, -0.00018370000000000002, -0.000231, -0.00018590000000000002, -0.0001463, -0.0001408, -0.00018370000000000002, -0.0002156, -0.00019470000000000002, -0.0001441, -0.0001375, -0.00019470000000000002, -0.0002079, -0.00020130000000000001, -0.000143, -0.0001441, -0.00019030000000000002, -0.0002222, -0.00019250000000000002, -0.0001474, -0.0001397, -0.00019140000000000002, -0.00022, -0.00020130000000000001, -0.0001452, -0.0001364, -0.00019140000000000002, -0.0002266, -0.00019580000000000002, -0.0001518, -0.0001408, -0.00018150000000000002, -0.0002233, -0.00019800000000000002, -0.0001507, -0.0001364, -0.00019140000000000002, -0.0002156, -0.00018810000000000002, -0.0001342, -0.0001331, -0.00019360000000000002, -0.0002244, -0.00019470000000000002, -0.0001397, -0.0001474, -0.00019250000000000002, -0.0002299, -0.00019360000000000002, -0.000143, -0.000143, -0.00018590000000000002, -0.00022, -0.00018810000000000002, -0.0001441, -0.0001419, -0.00019250000000000002, -0.00022, -0.00019250000000000002, -0.0001529, -0.0001463, -0.00019360000000000002, -0.0002244, -0.0002035, -0.0001419, -0.0001419, -0.00018920000000000002, -0.0002244, -0.00019360000000000002, -0.0001419, -0.0001474, -0.00019140000000000002, -0.0002233, -0.00019910000000000001, -0.0001496, -0.0001331, -0.00018480000000000002, -0.00022, -0.00019140000000000002, -0.0001408, -0.0001419, -0.00018370000000000002, -0.0002266, -0.00020130000000000001, -0.0001419, -0.0001386, -0.00019690000000000002, -0.0002255, -0.00018810000000000002, -0.0001441, -0.0001441, -0.00019030000000000002, -0.0002365, -0.00020240000000000001, -0.0001474, -0.0001463, -0.00019690000000000002, -0.00022, -0.0002068, -0.0001331, -0.0001441, -0.00019140000000000002, -0.0002211, -0.00019690000000000002, -0.0001397, -0.0001342, -0.00019800000000000002, -0.0002189, -0.00019470000000000002, -0.000143, -0.0001452, -0.00019470000000000002, -0.0002211, -0.00019580000000000002, -0.0001441, -0.0001408, -0.00018810000000000002, -0.0002178, -0.00019140000000000002, -0.0001485, -0.0001364, -0.00019470000000000002, -0.0002343, -0.0002046, -0.000143, -0.0001419, -0.00018700000000000002, -0.0002156, -0.00019250000000000002, -0.0001342, -0.0001441, -0.00018590000000000002, -0.0002321, -0.00019250000000000002, -0.0001485, -0.0001331, -0.00019690000000000002, -0.0002178, -0.00018920000000000002, -0.0001419, -0.0001419, -0.00018920000000000002, -0.0002211, -0.00019030000000000002, -0.0001353, -0.0001397, -0.00018920000000000002, -0.0002277, -0.00019690000000000002, -0.0001485, -0.0001485, -0.00019580000000000002, -0.0002266, -0.00019580000000000002, -0.0001485, -0.0001496, -0.00018700000000000002, -0.0002266, -0.00019360000000000002, -0.0001496, -0.0001309, -0.00019470000000000002, -0.0002299, -0.0002035, -0.0001474, -0.0001386, -0.00018480000000000002, -0.0002189, -0.00018700000000000002, -0.0001452, -0.000143, -0.00019140000000000002, -0.000231, -0.0002046, -0.0001364, -0.0001496, -0.00018590000000000002, -0.0002277, -0.00019470000000000002, -0.0001375, -0.0001386, -0.00019360000000000002, -0.0002178, -0.00019360000000000002, -0.0001474, -0.000143, -0.00019800000000000002, -0.0002233, -0.00019910000000000001, -0.0001485, -0.0001474, -0.00019030000000000002, -0.0002244, -0.00019580000000000002, -0.0001419, -0.0001419, -0.00019580000000000002, -0.0002156, -0.0002046, -0.000154, -0.0001441, -0.00019580000000000002, -0.0002266, -0.00020020000000000001, -0.0001441, -0.0001485, -0.00019580000000000002, -0.0002178, -0.00020020000000000001, -0.0001419, -0.0001386, -0.00019910000000000001, -0.0002255, -0.00019140000000000002, -0.0001353, -0.000143, -0.00019470000000000002, -0.0002211, -0.00019470000000000002, -0.0001408, -0.0001397, -0.00019580000000000002, -0.00022, -0.00018370000000000002, -0.0001397, -0.0001463, -0.00019580000000000002, -0.0002288, -0.00018920000000000002, -0.000154, -0.0001408, -0.00019470000000000002, -0.0002211, -0.00019250000000000002, -0.0001419, -0.0001441, -0.00018810000000000002, -0.0002112, -0.00019250000000000002, -0.000143, -0.0001397, -0.00020020000000000001, -0.0002288, -0.00019140000000000002, -0.000143, -0.0001441, -0.00019250000000000002, -0.0002189, -0.00019470000000000002, -0.0001463, -0.0001507, -0.00019470000000000002, -0.0002288, -0.00019140000000000002, -0.0001452, -0.0001463, -0.00019580000000000002, -0.0002288, -0.00020130000000000001, -0.000143, -0.0001474, -0.00019250000000000002, -0.0002167, -0.00019470000000000002, -0.0001529, -0.0001408, -0.00019360000000000002, -0.0002332, -0.00018700000000000002, -0.0001463, -0.0001463, -0.00019250000000000002, -0.0002255, -0.00020020000000000001, -0.0001485, -0.0001397, -0.00018810000000000002, -0.0002189, -0.0002046, -0.0001452, -0.0001386, -0.00018700000000000002, -0.0002266, -0.00019030000000000002, -0.0001463, -0.0001397, -0.00018590000000000002, -0.0002233, -0.00019250000000000002, -0.0001386, -0.0001375, -0.00019030000000000002, -0.00022, -0.00018480000000000002, -0.0001441, -0.000143, -0.00019690000000000002, -0.0002288, -0.0002068, -0.0001375, -0.0001386, -0.00019360000000000002, -0.0002244, -0.0002079, -0.0001463, -0.0001342, -0.00019910000000000001, -0.00022, -0.00020130000000000001, -0.0001441, -0.0001364, -0.00019580000000000002, -0.0002244, -0.00018700000000000002, -0.0001276, -0.0001441, -0.00019030000000000002, -0.0002167, -0.00019250000000000002, -0.0001474, -0.000143, -0.00018920000000000002, -0.0002266, -0.00020020000000000001, -0.0001375, -0.0001375, -0.00020240000000000001, -0.0002222, -0.00019910000000000001, -0.0001408, -0.0001441, -0.00019690000000000002, -0.0002277, -0.00018260000000000002, -0.0001496, -0.0001452, -0.00019470000000000002, -0.00022, -0.00018920000000000002, -0.0001419, -0.0001342, -0.00019360000000000002, -0.0002156, -0.00019800000000000002, -0.0001287, -0.0001397, -0.00019140000000000002, -0.0002233, -0.00019030000000000002, -0.0001386, -0.000143, -0.00018700000000000002, -0.00022, -0.00020020000000000001, -0.0001441, -0.0001397, -0.00019910000000000001, -0.0002244, -0.00019470000000000002, -0.0001485, -0.0001474, -0.00018370000000000002, -0.0002332, -0.00019140000000000002, -0.0001452, -0.0001463, -0.00018810000000000002, -0.0002167, -0.00018920000000000002, -0.0001485, -0.0001452, -0.00018370000000000002, -0.0002178, -0.00019690000000000002, -0.0001518, -0.000143, -0.00019690000000000002, -0.00022, -0.00020020000000000001, -0.0001452, -0.0001397, -0.00019250000000000002, -0.0002244, -0.00019470000000000002, -0.0001485, -0.0001375, -0.00018480000000000002, -0.0002244, -0.00019360000000000002]","[0.0003322, 0.00038060000000000004, 0.0007645, 0.0009350000000000001, 0.0006886, 0.0003289, 0.0003773, 0.000759, 0.0009317, 0.0006941, 0.0003454, 0.00036300000000000004, 0.0007546, 0.0009416, 0.0006952, 0.0003234, 0.0003707, 0.0007568000000000001, 0.0009394000000000001, 0.000693, 0.0003267, 0.0003773, 0.0007502, 0.0009361, 0.0006864, 0.0003344, 0.00037620000000000004, 0.0007601, 0.0009339000000000001, 0.0006963000000000001, 0.0003256, 0.00038500000000000003, 0.0007469, 0.0009427000000000001, 0.0006864, 0.0003333, 0.0003707, 0.0007546, 0.0009394000000000001, 0.0006974, 0.0003278, 0.00037840000000000004, 0.0007656000000000001, 0.0009471000000000001, 0.0006908, 0.0003278, 0.00036520000000000004, 0.0007557, 0.0009394000000000001, 0.0006886, 0.00032450000000000003, 0.00037840000000000004, 0.0007524000000000001, 0.0009427000000000001, 0.0006875000000000001, 0.0003278, 0.0003729, 0.0007546, 0.0009350000000000001, 0.000682, 0.0003355, 0.0003729, 0.0007623, 0.0009438000000000001, 0.0006886, 0.0003289, 0.00037180000000000004, 0.0007645, 0.0009306000000000001, 0.0006864, 0.0003289, 0.0003817, 0.000759, 0.0009482000000000001, 0.0006886, 0.0003278, 0.00037620000000000004, 0.0007645, 0.0009372, 0.0006941, 0.00032450000000000003, 0.0003795, 0.0007579, 0.0009405, 0.0006919000000000001, 0.0003289, 0.0003751, 0.000759, 0.0009372, 0.0006908, 0.0003234, 0.00038060000000000004, 0.0007722, 0.0009328, 0.0006853, 0.0003212, 0.00036960000000000004, 0.0007645, 0.0009372, 0.0006996, 0.0003289, 0.00037180000000000004, 0.0007601, 0.0009306000000000001, 0.0006897, 0.0003311, 0.0003795, 0.0007645, 0.0009361, 0.0006919000000000001, 0.0003256, 0.0003663, 0.0007623, 0.0009383000000000001, 0.000693, 0.0003267, 0.0003729, 0.000759, 0.0009427000000000001, 0.0006831000000000001, 0.0003278, 0.00036080000000000004, 0.0007634, 0.0009284, 0.0006875000000000001, 0.0003311, 0.0003795, 0.0007601, 0.0009361, 0.0006886, 0.0003388, 0.0003663, 0.0007524000000000001, 0.0009361, 0.0006996, 0.0003267, 0.00037400000000000004, 0.0007634, 0.0009350000000000001, 0.0006919000000000001, 0.0003212, 0.00037180000000000004, 0.0007678, 0.0009339000000000001, 0.0006908, 0.0003355, 0.0003707, 0.0007722, 0.0009361, 0.0006831000000000001, 0.0003234, 0.0003729, 0.0007601, 0.0009328, 0.0006875000000000001, 0.000319, 0.0003773, 0.0007656000000000001, 0.0009306000000000001, 0.0006963000000000001, 0.0003278, 0.0003861, 0.0007568000000000001, 0.0009295000000000001, 0.0006952, 0.0003322, 0.0003795, 0.0007601, 0.000946, 0.0006842, 0.0003267, 0.00037840000000000004, 0.0007579, 0.0009350000000000001, 0.0006963000000000001, 0.0003289, 0.00036960000000000004, 0.000759, 0.0009361, 0.0006886, 0.0003267, 0.00037400000000000004, 0.0007535, 0.0009339000000000001, 0.0006853, 0.0003322, 0.0003817, 0.0007667, 0.0009449, 0.0006897, 0.0003267, 0.00036300000000000004, 0.0007557, 0.0009328, 0.000693, 0.0003311, 0.00037620000000000004, 0.0007656000000000001, 0.0009350000000000001, 0.0006886, 0.0003311, 0.0003839, 0.0007634, 0.0009504, 0.0006963000000000001, 0.00032010000000000003, 0.0003795, 0.0007634, 0.0009427000000000001, 0.0006809, 0.0003278, 0.00037180000000000004, 0.0007557, 0.0009405, 0.0006842, 0.0003289, 0.00036740000000000004, 0.0007645, 0.0009438000000000001, 0.0006908, 0.0003278, 0.0003729, 0.000759, 0.0009372, 0.0006941, 0.0003278, 0.00037180000000000004, 0.0007645, 0.0009394000000000001, 0.0006864, 0.0003278, 0.00038060000000000004, 0.0007645, 0.0009383000000000001, 0.0006952, 0.00032450000000000003, 0.00037400000000000004, 0.000759, 0.0009339000000000001, 0.0006985, 0.00032450000000000003, 0.00037620000000000004, 0.0007667, 0.0009405, 0.0006831000000000001, 0.0003333, 0.00037180000000000004, 0.0007634, 0.0009438000000000001, 0.0006985, 0.0003256, 0.00037840000000000004, 0.0007700000000000001, 0.0009361, 0.0006809, 0.0003212, 0.00036740000000000004, 0.0007700000000000001, 0.0009438000000000001, 0.0007007000000000001, 0.0003168, 0.0003773, 0.0007645, 0.0009361, 0.0006875000000000001, 0.0003311, 0.00038060000000000004, 0.0007667, 0.0009427000000000001, 0.0006908, 0.00032450000000000003, 0.00038500000000000003, 0.0007667, 0.0009339000000000001, 0.0006919000000000001, 0.0003212, 0.00039160000000000003, 0.0007711, 0.0009306000000000001, 0.0006919000000000001, 0.0003289, 0.00038060000000000004, 0.0007557, 0.0009416, 0.0006864, 0.00032450000000000003, 0.0003817, 0.0007678, 0.0009328, 0.0006919000000000001, 0.00031790000000000003, 0.00037400000000000004, 0.0007601, 0.0009394000000000001, 0.0006886, 0.00032230000000000003, 0.0003861, 0.0007612000000000001, 0.0009306000000000001, 0.0006842, 0.0003289, 0.00038280000000000003, 0.0007612000000000001, 0.0009339000000000001, 0.0006908, 0.0003278, 0.00038720000000000003, 0.0007612000000000001, 0.0009284, 0.000682, 0.00032450000000000003, 0.00037620000000000004, 0.0007634, 0.0009317, 0.0006919000000000001, 0.00033, 0.00037620000000000004, 0.0007656000000000001, 0.0009361, 0.0006908, 0.00032450000000000003, 0.0003751, 0.0007623, 0.0009361, 0.000682, 0.0003267, 0.00037840000000000004, 0.0007711, 0.0009504, 0.0006886, 0.00032450000000000003, 0.00036080000000000004, 0.0007645, 0.0009416, 0.0006842, 0.00033, 0.0003729, 0.0007634, 0.0009372, 0.0006875000000000001, 0.00033, 0.00036960000000000004, 0.0007579, 0.0009350000000000001, 0.0006985, 0.0003267, 0.00038500000000000003, 0.0007700000000000001, 0.0009273, 0.0006886, 0.0003267, 0.00037840000000000004, 0.0007733, 0.0009328, 0.0006809, 0.0003212, 0.00038060000000000004, 0.0007766, 0.0009273, 0.0006875000000000001, 0.0003212, 0.0003795, 0.000759, 0.0009262000000000001, 0.0006875000000000001, 0.0003289, 0.00037180000000000004, 0.000759, 0.0009284, 0.0006798, 0.0003256, 0.0003839, 0.0007623, 0.0009427000000000001, 0.0006897, 0.0003322, 0.00037620000000000004, 0.0007645, 0.0009372, 0.0006908, 0.0003234, 0.00037620000000000004, 0.0007689, 0.0009372, 0.0006853, 0.0003212, 0.0003795, 0.0007656000000000001, 0.0009295000000000001, 0.0006842, 0.00032230000000000003, 0.00037400000000000004, 0.0007678, 0.0009405, 0.0006864, 0.0003267, 0.0003773, 0.0007634, 0.0009339000000000001, 0.000693, 0.00032230000000000003, 0.0003773, 0.0007623, 0.0009306000000000001, 0.0006765, 0.0003267, 0.00037840000000000004, 0.0007733, 0.0009251000000000001, 0.0006952, 0.00032010000000000003, 0.0003795, 0.0007689, 0.0009449, 0.000693, 0.0003256, 0.0003773, 0.0007700000000000001, 0.0009438000000000001, 0.0006941, 0.0003289, 0.0003729, 0.0007645, 0.0009350000000000001, 0.0006864, 0.0003333, 0.0003751, 0.0007645, 0.0009295000000000001, 0.0006908, 0.00032450000000000003, 0.0003861, 0.0007755, 0.0009328, 0.000693, 0.0003311, 0.00037180000000000004, 0.0007689, 0.0009339000000000001, 0.0006886, 0.0003289, 0.0003795, 0.0007623, 0.0009416, 0.0006919000000000001, 0.0003168, 0.0003817, 0.0007656000000000001, 0.0009361, 0.0006875000000000001, 0.0003212, 0.00037840000000000004, 0.0007744000000000001, 0.0009361, 0.0006809, 0.0003256, 0.0003817, 0.0007623, 0.0009295000000000001, 0.0006831000000000001, 0.00032450000000000003, 0.0003795, 0.0007755, 0.0009339000000000001, 0.0006798, 0.00033, 0.00037840000000000004, 0.000759, 0.0009350000000000001, 0.0006776, 0.00032450000000000003, 0.00038060000000000004, 0.0007623, 0.0009317, 0.000682, 0.0003212, 0.0003817, 0.0007656000000000001, 0.0009361, 0.0006831000000000001, 0.0003256, 0.0003861, 0.0007667, 0.0009405, 0.0006787000000000001, 0.0003289, 0.00038060000000000004, 0.0007634, 0.0009405, 0.0006842, 0.00032450000000000003, 0.0003883, 0.0007656000000000001, 0.0009284, 0.0006886, 0.0003267, 0.0003773, 0.000759, 0.0009339000000000001, 0.0006853]",-24
12,"[3.08e-05, 7.26e-05, 0.00011, 8.03e-05, 2.5300000000000002e-05, 4.4e-06, 6.6e-05, 0.0001122, 7.92e-05, 2.64e-05, 1.2100000000000001e-05, 6.16e-05, 0.0001122, 9.240000000000001e-05, 2.3100000000000002e-05, 8.8e-06, 7.04e-05, 0.0001067, 8.69e-05, 1.76e-05, 7.7e-06, 6.49e-05, 0.0001111, 8.69e-05, 1.76e-05, -2.2e-06, 5.94e-05, 0.0001067, 7.81e-05, 1.87e-05, 4.4e-06, 6.6e-05, 0.0001243, 8.36e-05, 1.32e-05, 1.1e-05, 6.82e-05, 0.0001166, 8.25e-05, 1.65e-05, 4.4e-06, 7.37e-05, 0.00010120000000000001, 8.14e-05, 1.65e-05, 1.32e-05, 7.37e-05, 0.0001078, 8.8e-05, 2.09e-05, 2.2e-06, 6.71e-05, 0.0001111, 8.03e-05, 2.4200000000000002e-05, 1.2100000000000001e-05, 6.49e-05, 0.0001122, 8.58e-05, 2.5300000000000002e-05, 5.5e-06, 7.04e-05, 0.0001045, 9.130000000000001e-05, 2.09e-05, 2.2e-06, 6.82e-05, 9.790000000000001e-05, 8.14e-05, 1.87e-05, 5.5e-06, 7.04e-05, 0.0001078, 8.25e-05, 1.87e-05, 9.9e-06, 6.71e-05, 0.00011, 7.92e-05, 6.6e-06, 6.6e-06, 5.83e-05, 0.0001078, 8.8e-05, 2.4200000000000002e-05, 1.2100000000000001e-05, 5.83e-05, 0.00010120000000000001, 8.14e-05, 1.43e-05, 4.4e-06, 6.82e-05, 0.0001056, 7.59e-05, 1.1e-05, 1.2100000000000001e-05, 5.83e-05, 0.0001078, 7.92e-05, 1.54e-05, 5.5e-06, 6.16e-05, 0.0001078, 7.15e-05, 2.3100000000000002e-05, 3.3e-06, 6.27e-05, 0.0001122, 8.8e-05, 1.43e-05, 2.2e-05, 6.27e-05, 0.0001188, 8.58e-05, 2.2e-05, 1.2100000000000001e-05, 6.49e-05, 0.00010010000000000001, 7.7e-05, 1.32e-05, 1.1e-05, 6.71e-05, 0.0001045, 8.03e-05, 1.32e-05, 4.4e-06, 6.93e-05, 0.0001243, 8.58e-05, 2.4200000000000002e-05, 8.8e-06, 6.6e-05, 0.0001034, 8.14e-05, 1.76e-05, 8.8e-06, 5.5e-05, 0.0001089, 7.81e-05, 1.54e-05, 1.1e-05, 6.71e-05, 0.00011, 9.240000000000001e-05, 1.2100000000000001e-05, 8.8e-06, 6.38e-05, 0.0001056, 7.7e-05, 1.54e-05, 1.54e-05, 6.49e-05, 0.0001144, 7.81e-05, 2.4200000000000002e-05, 8.8e-06, 7.04e-05, 0.0001177, 9.020000000000001e-05, 2.09e-05, 1.65e-05, 6.49e-05, 0.0001111, 8.69e-05, 1.87e-05, 1.2100000000000001e-05, 6.93e-05, 0.0001023, 8.03e-05, 2.2e-06, 8.8e-06, 7.48e-05, 0.00010120000000000001, 7.59e-05, 1.76e-05, 1.1e-05, 5.5e-05, 0.0001188, 8.03e-05, 2.4200000000000002e-05, 3.3e-06, 7.48e-05, 0.0001034, 8.03e-05, 1.2100000000000001e-05, 1.1e-06, 7.04e-05, 0.0001111, 8.03e-05, 1.43e-05, 6.6e-06, 6.82e-05, 0.0001067, 8.58e-05, 1.43e-05, 9.9e-06, 6.49e-05, 0.0001122, 8.910000000000001e-05, 5.5e-06, 4.4e-06, 6.93e-05, 9.790000000000001e-05, 6.93e-05, 2.64e-05, 1.54e-05, 7.37e-05, 0.0001188, 8.69e-05, 1.65e-05, 1.65e-05, 5.94e-05, 0.0001122, 8.25e-05, 9.9e-06, 7.7e-06, 7.81e-05, 0.0001034, 8.910000000000001e-05, 1.98e-05, 7.7e-06, 7.59e-05, 0.00010010000000000001, 9.240000000000001e-05, 1.32e-05, 1.1e-05, 6.38e-05, 0.0001078, 8.36e-05, 2.5300000000000002e-05, 2.2e-06, 6.82e-05, 0.0001122, 8.03e-05, 2.3100000000000002e-05, 1.1e-05, 7.15e-05, 0.0001133, 8.47e-05, 1.2100000000000001e-05, 3.3e-06, 6.6e-05, 0.00011, 8.14e-05, 1.54e-05, 4.4e-06, 6.49e-05, 0.0001056, 8.69e-05, 1.65e-05, -2.2e-06, 6.6e-05, 0.0001155, 8.14e-05, 1.87e-05, 1.43e-05, 7.37e-05, 0.0001144, 8.36e-05, 2.09e-05, 1.43e-05, 7.48e-05, 0.00011, 8.14e-05, 1.65e-05, 5.5e-06, 7.15e-05, 0.0001067, 8.8e-05, 1.76e-05, 8.8e-06, 6.71e-05, 0.0001133, 8.47e-05, 1.76e-05, 1.54e-05, 6.49e-05, 0.0001078, 8.8e-05, 1.54e-05, 5.5e-06, 6.27e-05, 0.0001089, 8.25e-05, 1.2100000000000001e-05, 3.3e-06, 7.04e-05, 0.0001133, 8.03e-05, 2.09e-05, 1.32e-05, 6.38e-05, 0.0001067, 8.03e-05, 2.3100000000000002e-05, 1.1e-05, 5.94e-05, 0.0001056, 7.81e-05, 1.32e-05, 1.1e-06, 7.15e-05, 0.00010010000000000001, 8.36e-05, 1.1e-05, 1.43e-05, 6.49e-05, 0.0001166, 7.59e-05, 2.3100000000000002e-05, 1.1e-05, 6.82e-05, 0.0001188, 8.03e-05, 1.76e-05, 1.76e-05, 7.04e-05, 0.0001078, 8.03e-05, 1.2100000000000001e-05, 1.1e-05, 6.71e-05, 0.0001045, 7.26e-05, 2.2e-05, 8.8e-06, 7.37e-05, 0.0001067, 7.92e-05, 1.76e-05, -6.6e-06, 6.38e-05, 0.0001177, 8.69e-05, 1.87e-05, 3.3e-06, 6.6e-05, 0.0001078, 8.03e-05, 1.1e-05, 1.1e-05, 6.27e-05, 0.0001056, 8.36e-05, 1.32e-05, 4.4e-06, 5.94e-05, 0.0001199, 7.92e-05, 1.87e-05, 6.6e-06, 6.6e-05, 0.0001122, 8.03e-05, 8.8e-06, 6.6e-06, 6.38e-05, 0.0001089, 7.59e-05, 1.1e-05, 1.65e-05, 6.93e-05, 0.0001155, 7.48e-05, 2.09e-05, 1.65e-05, 6.6e-05, 0.0001056, 8.14e-05, 1.43e-05, 2.2e-06, 6.82e-05, 0.0001023, 7.37e-05, 1.87e-05, 3.3e-06, 6.16e-05, 0.0001177, 8.03e-05, 2.75e-05, 7.7e-06, 6.6e-05, 0.0001166, 8.03e-05, 1.65e-05, 5.5e-06, 5.94e-05, 0.0001199, 7.48e-05, 1.2100000000000001e-05, 5.5e-06, 7.7e-05, 0.0001045, 8.47e-05, 1.2100000000000001e-05, 5.5e-06, 6.71e-05, 9.570000000000001e-05, 8.25e-05, 2.3100000000000002e-05, 6.6e-06, 7.04e-05, 0.0001089, 7.92e-05, 1.87e-05, 9.9e-06, 7.37e-05, 0.0001067, 7.48e-05, 1.76e-05, 8.8e-06, 5.94e-05, 0.0001045, 8.58e-05, 2.2e-05, -2.2e-06, 7.26e-05, 0.0001166, 7.7e-05, 2.09e-05, 1.2100000000000001e-05, 7.26e-05, 0.00010010000000000001, 8.03e-05, 1.98e-05, 8.8e-06, 6.93e-05, 0.0001111, 7.59e-05, 1.54e-05, 8.8e-06, 6.71e-05, 0.0001056, 7.81e-05, 1.32e-05, 1.54e-05, 7.15e-05, 0.0001067, 7.92e-05, 1.32e-05, 2.2e-06, 6.82e-05, 0.0001045, 8.69e-05, 1.1e-05, 1.1e-05, 6.38e-05, 0.0001056, 8.47e-05, 1.2100000000000001e-05, 7.7e-06, 7.15e-05, 0.0001166, 9.240000000000001e-05, 6.6e-06, 4.4e-06, 5.83e-05, 0.0001034, 8.47e-05, 1.65e-05, 5.5e-06, 7.04e-05, 0.0001034, 8.47e-05, 7.7e-06, 2.09e-05, 6.71e-05, 0.0001133, 8.58e-05, 1.98e-05, 9.9e-06, 5.5e-05, 0.0001067, 9.130000000000001e-05, 1.65e-05, 1.1e-05, 6.49e-05, 0.0001056, 8.69e-05, 1.76e-05, 5.5e-06, 7.04e-05, 0.0001111, 7.7e-05, 1.32e-05, 6.6e-06, 7.48e-05, 0.0001078, 8.03e-05, 1.65e-05, 1.1e-05, 7.26e-05, 0.0001056, 8.14e-05, 1.65e-05, 7.7e-06, 7.37e-05, 0.00011, 8.14e-05, 1.43e-05]","[-0.0001386, -0.00018810000000000002, -0.0002123, -0.00018810000000000002, -0.0001397, -0.000143, -0.00018920000000000002, -0.0002343, -0.00019250000000000002, -0.000143, -0.0001408, -0.00019470000000000002, -0.0002167, -0.00019910000000000001, -0.0001463, -0.0001463, -0.00020020000000000001, -0.0002222, -0.00019910000000000001, -0.0001485, -0.0001353, -0.00018920000000000002, -0.00022, -0.00019250000000000002, -0.0001397, -0.0001386, -0.00019250000000000002, -0.0002277, -0.00019360000000000002, -0.0001386, -0.0001375, -0.00019690000000000002, -0.0002189, -0.00018810000000000002, -0.0001452, -0.0001397, -0.00019140000000000002, -0.0002244, -0.0002068, -0.0001573, -0.0001364, -0.0002112, -0.00022, -0.00019030000000000002, -0.0001452, -0.0001375, -0.00019800000000000002, -0.0002299, -0.00020020000000000001, -0.0001474, -0.0001474, -0.00018590000000000002, -0.00022, -0.00020020000000000001, -0.0001386, -0.0001386, -0.00019140000000000002, -0.0002211, -0.00019360000000000002, -0.0001353, -0.000132, -0.00019800000000000002, -0.0002244, -0.00019910000000000001, -0.0001375, -0.000143, -0.00019030000000000002, -0.0002178, -0.00019140000000000002, -0.0001342, -0.0001441, -0.0002057, -0.0002222, -0.00018810000000000002, -0.000143, -0.0001474, -0.00019470000000000002, -0.0002189, -0.00019360000000000002, -0.0001342, -0.0001375, -0.00019030000000000002, -0.0002288, -0.00019030000000000002, -0.000143, -0.0001485, -0.00019140000000000002, -0.0002288, -0.00019580000000000002, -0.0001364, -0.0001419, -0.00019250000000000002, -0.0002222, -0.00019580000000000002, -0.0001386, -0.0001397, -0.00018920000000000002, -0.0002189, -0.00019800000000000002, -0.000143, -0.0001485, -0.00020240000000000001, -0.0002288, -0.00018590000000000002, -0.0001485, -0.0001452, -0.0002046, -0.0002277, -0.00020240000000000001, -0.0001452, -0.0001419, -0.00019800000000000002, -0.00022, -0.00018590000000000002, -0.0001419, -0.0001408, -0.00018700000000000002, -0.00022, -0.00019580000000000002, -0.0001353, -0.0001364, -0.00020020000000000001, -0.00022, -0.00019470000000000002, -0.0001441, -0.0001386, -0.00020130000000000001, -0.0002233, -0.00018590000000000002, -0.0001364, -0.0001386, -0.00019030000000000002, -0.0002277, -0.00019030000000000002, -0.000143, -0.000143, -0.00020240000000000001, -0.0002167, -0.00019360000000000002, -0.0001496, -0.0001474, -0.00018700000000000002, -0.000231, -0.00019250000000000002, -0.0001364, -0.000143, -0.00019580000000000002, -0.0002244, -0.00019690000000000002, -0.0001485, -0.000143, -0.00018480000000000002, -0.0002178, -0.00019910000000000001, -0.0001397, -0.0001474, -0.00019470000000000002, -0.0002211, -0.00019910000000000001, -0.0001441, -0.0001529, -0.00019910000000000001, -0.0002211, -0.00019800000000000002, -0.0001364, -0.0001452, -0.00019030000000000002, -0.0002332, -0.00019140000000000002, -0.0001342, -0.0001419, -0.00018370000000000002, -0.0002277, -0.00019470000000000002, -0.0001463, -0.0001507, -0.00019360000000000002, -0.0002112, -0.00020240000000000001, -0.000143, -0.0001419, -0.00019910000000000001, -0.0002299, -0.00018590000000000002, -0.0001364, -0.0001397, -0.00020240000000000001, -0.0002277, -0.00019250000000000002, -0.0001408, -0.0001441, -0.00019140000000000002, -0.0002365, -0.00019250000000000002, -0.0001441, -0.0001397, -0.00019360000000000002, -0.0002277, -0.00019470000000000002, -0.000143, -0.0001419, -0.00019800000000000002, -0.0002266, -0.00018590000000000002, -0.0001485, -0.0001331, -0.00019360000000000002, -0.0002244, -0.00019690000000000002, -0.0001507, -0.0001441, -0.00019470000000000002, -0.0002211, -0.00019470000000000002, -0.0001375, -0.0001441, -0.00019360000000000002, -0.0002299, -0.00018480000000000002, -0.0001419, -0.0001441, -0.00019250000000000002, -0.0002244, -0.00019030000000000002, -0.0001441, -0.0001441, -0.00019140000000000002, -0.0002255, -0.00019800000000000002, -0.0001441, -0.0001397, -0.00020130000000000001, -0.00022, -0.00018700000000000002, -0.0001375, -0.0001507, -0.00019250000000000002, -0.0002123, -0.00019470000000000002, -0.0001419, -0.0001397, -0.00018920000000000002, -0.0002211, -0.00019800000000000002, -0.0001386, -0.0001507, -0.00019690000000000002, -0.0002233, -0.00019690000000000002, -0.0001331, -0.0001364, -0.00019030000000000002, -0.0002167, -0.00018700000000000002, -0.0001441, -0.0001463, -0.00020020000000000001, -0.0002222, -0.00019030000000000002, -0.000143, -0.000132, -0.00019580000000000002, -0.0002233, -0.00019690000000000002, -0.0001485, -0.0001364, -0.00019470000000000002, -0.0002321, -0.0002046, -0.0001419, -0.0001452, -0.00019360000000000002, -0.0002112, -0.00019470000000000002, -0.000143, -0.0001397, -0.00019910000000000001, -0.0002222, -0.00019800000000000002, -0.0001529, -0.0001364, -0.00019470000000000002, -0.0002211, -0.00018480000000000002, -0.000143, -0.000143, -0.00019690000000000002, -0.0002266, -0.00019690000000000002, -0.0001408, -0.0001452, -0.00018920000000000002, -0.0002189, -0.00019250000000000002, -0.0001397, -0.0001441, -0.00018700000000000002, -0.0002255, -0.00019690000000000002, -0.0001573, -0.0001397, -0.00019800000000000002, -0.0002167, -0.00019030000000000002, -0.0001496, -0.0001298, -0.00019910000000000001, -0.0002255, -0.00019140000000000002, -0.0001474, -0.0001386, -0.00019360000000000002, -0.0002233, -0.00020240000000000001, -0.0001419, -0.0001441, -0.00019580000000000002, -0.0002233, -0.00019360000000000002, -0.0001408, -0.0001386, -0.00019360000000000002, -0.0002189, -0.00018810000000000002, -0.0001419, -0.0001375, -0.00019690000000000002, -0.0002189, -0.00018700000000000002, -0.0001364, -0.0001452, -0.00019360000000000002, -0.0002145, -0.00019250000000000002, -0.0001452, -0.0001397, -0.00018810000000000002, -0.0002211, -0.00019580000000000002, -0.0001441, -0.0001496, -0.00019690000000000002, -0.00022, -0.00019470000000000002, -0.0001485, -0.0001342, -0.00020130000000000001, -0.0002233, -0.00020130000000000001, -0.0001463, -0.0001452, -0.00019580000000000002, -0.0002233, -0.00018480000000000002, -0.0001463, -0.0001452, -0.00020240000000000001, -0.0002189, -0.00019250000000000002, -0.0001342, -0.0001507, -0.00019140000000000002, -0.0002299, -0.00019030000000000002, -0.0001463, -0.0001441, -0.00019140000000000002, -0.000231, -0.00019030000000000002, -0.0001375, -0.0001452, -0.00019580000000000002, -0.0002244, -0.00019140000000000002, -0.000154, -0.0001485, -0.00019250000000000002, -0.0002299, -0.00019360000000000002, -0.0001452, -0.0001452, -0.00018920000000000002, -0.0002178, -0.00020020000000000001, -0.0001397, -0.0001441, -0.00018810000000000002, -0.0002255, -0.00019910000000000001, -0.0001452, -0.0001353, -0.0002057, -0.0002211, -0.00019250000000000002, -0.0001485, -0.0001518, -0.00019580000000000002, -0.0002255, -0.00019360000000000002, -0.0001518, -0.0001452, -0.00019360000000000002, -0.00022, -0.00020020000000000001, -0.0001419, -0.0001342, -0.00020240000000000001, -0.0002288, -0.00019800000000000002, -0.0001375, -0.000143, -0.00019470000000000002, -0.0002178, -0.00019470000000000002, -0.0001419, -0.0001518, -0.00019580000000000002, -0.0002277, -0.00018700000000000002, -0.0001353, -0.000143, -0.00018260000000000002, -0.0002244, -0.00019910000000000001, -0.0001463, -0.0001507, -0.00020020000000000001, -0.0002244, -0.00018700000000000002, -0.0001331, -0.0001485, -0.00019470000000000002, -0.0002233, -0.00019800000000000002, -0.0001331, -0.0001408, -0.00019360000000000002, -0.0002255, -0.00019250000000000002, -0.0001408, -0.0001463, -0.00019580000000000002, -0.0002255, -0.00019030000000000002, -0.0001452, -0.0001441, -0.00019800000000000002, -0.0002222, -0.00019030000000000002, -0.0001342, -0.0001441, -0.00018920000000000002, -0.0002288, -0.00019030000000000002, -0.0001353, -0.0001463, -0.00019800000000000002, -0.0002277, -0.00018920000000000002, -0.0001397, -0.0001364, -0.00019140000000000002, -0.0002145, -0.00018810000000000002, -0.0001419, -0.0001386, -0.00020130000000000001, -0.0002233, -0.00019690000000000002, -0.0001452, -0.0001452, -0.00019250000000000002, -0.0002211, -0.00019800000000000002, -0.0001397, -0.0001386, -0.00019580000000000002, -0.0002266, -0.00019140000000000002, -0.0001408, -0.0001496, -0.00018920000000000002, -0.0002343, -0.00019140000000000002, -0.0001441, -0.000143, -0.00019470000000000002, -0.0002134, -0.00019250000000000002, -0.0001375, -0.0001375, -0.00019580000000000002, -0.0002321, -0.00019580000000000002, -0.0001485, -0.0001507, -0.00019470000000000002, -0.0002211, -0.00019800000000000002, -0.0001485]","[0.00038940000000000003, 0.0007711, 0.0009317, 0.0006754, 0.0003146, 0.00039160000000000003, 0.0007854, 0.0009306000000000001, 0.0006666, 0.0003168, 0.0003883, 0.0007689, 0.0009339000000000001, 0.0006655000000000001, 0.00032230000000000003, 0.0003927, 0.0007777000000000001, 0.0009207000000000001, 0.0006699000000000001, 0.0003212, 0.00038500000000000003, 0.0007733, 0.0009317, 0.0006754, 0.00031570000000000003, 0.00039160000000000003, 0.0007733, 0.0009427000000000001, 0.000671, 0.0003168, 0.00037620000000000004, 0.0007788000000000001, 0.0009284, 0.0006688, 0.0003168, 0.0003795, 0.0007722, 0.0009350000000000001, 0.0006655000000000001, 0.00031130000000000003, 0.0003751, 0.0007667, 0.0009317, 0.000671, 0.0003212, 0.0003883, 0.0007634, 0.0009339000000000001, 0.0006699000000000001, 0.00031350000000000003, 0.0003795, 0.0007689, 0.0009328, 0.0006787000000000001, 0.0003168, 0.0003883, 0.0007755, 0.0009339000000000001, 0.0006677, 0.0003124, 0.00039380000000000003, 0.0007788000000000001, 0.000924, 0.0006655000000000001, 0.000319, 0.00037840000000000004, 0.0007722, 0.0009372, 0.0006721, 0.00031570000000000003, 0.0003817, 0.0007711, 0.0009405, 0.0006677, 0.0003256, 0.00038720000000000003, 0.0007711, 0.0009306000000000001, 0.0006732, 0.0003146, 0.00038940000000000003, 0.0007656000000000001, 0.0009405, 0.0006809, 0.000319, 0.00038280000000000003, 0.0007799, 0.0009317, 0.0006754, 0.00033, 0.00037840000000000004, 0.0007689, 0.0009339000000000001, 0.0006721, 0.00032230000000000003, 0.00038940000000000003, 0.0007722, 0.000924, 0.0006655000000000001, 0.00031790000000000003, 0.00039600000000000003, 0.0007601, 0.0009273, 0.0006787000000000001, 0.00032230000000000003, 0.00039380000000000003, 0.0007722, 0.0009339000000000001, 0.0006622, 0.00031790000000000003, 0.0003927, 0.0007744000000000001, 0.0009339000000000001, 0.0006754, 0.0003124, 0.00037400000000000004, 0.0007678, 0.0009317, 0.000682, 0.000319, 0.0003883, 0.0007711, 0.0009317, 0.0006721, 0.000308, 0.0003905, 0.0007777000000000001, 0.0009262000000000001, 0.0006677, 0.00032230000000000003, 0.00038720000000000003, 0.0007799, 0.0009317, 0.0006699000000000001, 0.0003256, 0.0003883, 0.0007722, 0.0009339000000000001, 0.000671, 0.00031350000000000003, 0.00038940000000000003, 0.0007755, 0.000924, 0.000671, 0.0003212, 0.00038940000000000003, 0.0007722, 0.0009284, 0.0006699000000000001, 0.00032230000000000003, 0.0003949, 0.0007766, 0.0009328, 0.0006666, 0.00031790000000000003, 0.0003751, 0.0007755, 0.0009273, 0.0006677, 0.00031790000000000003, 0.00038720000000000003, 0.0007678, 0.0009328, 0.0006633, 0.00031350000000000003, 0.0003949, 0.0007733, 0.0009383000000000001, 0.0006622, 0.000319, 0.00038500000000000003, 0.0007744000000000001, 0.0009350000000000001, 0.0006688, 0.0003234, 0.0003883, 0.0007744000000000001, 0.0009306000000000001, 0.0006644, 0.00033, 0.0003773, 0.0007667, 0.0009350000000000001, 0.0006765, 0.00033, 0.00038500000000000003, 0.0007711, 0.0009317, 0.0006677, 0.00031790000000000003, 0.00038500000000000003, 0.0007777000000000001, 0.0009317, 0.0006688, 0.0003256, 0.0003993, 0.0007733, 0.0009350000000000001, 0.0006666, 0.00032010000000000003, 0.00037840000000000004, 0.0007755, 0.0009273, 0.0006699000000000001, 0.0003168, 0.00038720000000000003, 0.0007788000000000001, 0.0009383000000000001, 0.0006699000000000001, 0.00031350000000000003, 0.0003905, 0.0007733, 0.0009350000000000001, 0.0006633, 0.00031350000000000003, 0.0003795, 0.000781, 0.0009405, 0.0006655000000000001, 0.00031790000000000003, 0.00038940000000000003, 0.0007711, 0.0009207000000000001, 0.0006732, 0.0003168, 0.0003795, 0.0007711, 0.0009306000000000001, 0.0006765, 0.00030690000000000003, 0.00038280000000000003, 0.0007876000000000001, 0.0009361, 0.0006732, 0.0003168, 0.0003927, 0.0007689, 0.0009372, 0.0006633, 0.00032010000000000003, 0.00039820000000000003, 0.0007777000000000001, 0.0009361, 0.0006644, 0.00032450000000000003, 0.00038500000000000003, 0.0007777000000000001, 0.0009306000000000001, 0.0006809, 0.00031570000000000003, 0.0003905, 0.0007766, 0.0009405, 0.0006655000000000001, 0.00031790000000000003, 0.0003927, 0.0007777000000000001, 0.0009350000000000001, 0.0006699000000000001, 0.0003146, 0.00038720000000000003, 0.0007766, 0.0009262000000000001, 0.0006699000000000001, 0.0003124, 0.00038720000000000003, 0.0007711, 0.0009284, 0.0006644, 0.0003058, 0.00039160000000000003, 0.0007788000000000001, 0.0009273, 0.0006666, 0.00031790000000000003, 0.0003883, 0.0007689, 0.0009295000000000001, 0.0006699000000000001, 0.0003102, 0.00038720000000000003, 0.0007733, 0.0009273, 0.0006765, 0.00032010000000000003, 0.0003883, 0.0007777000000000001, 0.0009284, 0.0006732, 0.0003212, 0.0003949, 0.0007821000000000001, 0.0009405, 0.0006677, 0.0003256, 0.0003949, 0.0007766, 0.000924, 0.0006688, 0.00032230000000000003, 0.00038060000000000004, 0.0007722, 0.0009339000000000001, 0.0006644, 0.000319, 0.00039160000000000003, 0.0007799, 0.0009328, 0.0006622, 0.00031570000000000003, 0.00038060000000000004, 0.0007854, 0.0009196, 0.0006644, 0.00032450000000000003, 0.00038280000000000003, 0.0007799, 0.0009273, 0.0006633, 0.00031570000000000003, 0.00038940000000000003, 0.0007689, 0.0009317, 0.000671, 0.00032230000000000003, 0.0003883, 0.0007744000000000001, 0.0009306000000000001, 0.0006776, 0.00032450000000000003, 0.00038500000000000003, 0.0007788000000000001, 0.0009262000000000001, 0.0006688, 0.0003124, 0.0003949, 0.0007755, 0.0009262000000000001, 0.0006721, 0.00031570000000000003, 0.00038940000000000003, 0.0007832000000000001, 0.0009361, 0.0006655000000000001, 0.0003212, 0.00039160000000000003, 0.0007755, 0.0009295000000000001, 0.0006633, 0.00032230000000000003, 0.0003949, 0.0007700000000000001, 0.000924, 0.0006666, 0.0003168, 0.00038940000000000003, 0.0007788000000000001, 0.0009284, 0.0006721, 0.0003256, 0.00039160000000000003, 0.000781, 0.0009306000000000001, 0.0006743000000000001, 0.00031570000000000003, 0.0003905, 0.0007744000000000001, 0.0009251000000000001, 0.0006655000000000001, 0.0003102, 0.00038940000000000003, 0.0007832000000000001, 0.0009317, 0.0006743000000000001, 0.0003146, 0.0003839, 0.000781, 0.0009306000000000001, 0.0006677, 0.00032230000000000003, 0.0003883, 0.0007865000000000001, 0.0009350000000000001, 0.0006699000000000001, 0.00030470000000000003, 0.0003927, 0.0007766, 0.0009306000000000001, 0.0006644, 0.0003212, 0.00037180000000000004, 0.0007777000000000001, 0.0009383000000000001, 0.0006589, 0.0003234, 0.0003905, 0.0007678, 0.0009350000000000001, 0.0006644, 0.00032010000000000003, 0.0003861, 0.0007766, 0.0009372, 0.00066, 0.000319, 0.0003883, 0.0007656000000000001, 0.000924, 0.0006677, 0.000319, 0.00038720000000000003, 0.0007766, 0.0009383000000000001, 0.0006743000000000001, 0.00031130000000000003, 0.00039380000000000003, 0.0007711, 0.0009284, 0.0006677, 0.0003168, 0.00038280000000000003, 0.0007755, 0.0009317, 0.0006677, 0.0003256, 0.00039380000000000003, 0.0007744000000000001, 0.0009317, 0.0006589, 0.0003234, 0.0003927, 0.0007788000000000001, 0.0009273, 0.0006567000000000001, 0.0003168, 0.00040040000000000003, 0.0007711, 0.0009328, 0.00066, 0.000319, 0.0003861, 0.0007843, 0.0009317, 0.0006611000000000001, 0.0003102, 0.00039820000000000003, 0.0007887, 0.0009251000000000001, 0.0006655000000000001, 0.000319, 0.00039160000000000003, 0.0007667, 0.0009383000000000001, 0.0006721, 0.00031350000000000003, 0.00038940000000000003, 0.0007755, 0.0009416, 0.0006699000000000001, 0.0003146, 0.00039600000000000003, 0.0007733, 0.0009350000000000001, 0.0006622, 0.0003124, 0.0003883, 0.0007744000000000001, 0.0009284, 0.0006611000000000001, 0.0003058, 0.00039380000000000003, 0.000781, 0.0009361, 0.0006567000000000001, 0.00032450000000000003, 0.0003839, 0.0007733, 0.0009339000000000001, 0.0006611000000000001, 0.0003278, 0.0003883, 0.0007821000000000001, 0.0009163000000000001, 0.0006699000000000001, 0.0003256, 0.0003883, 0.0007766, 0.0009284, 0.0006622, 0.0003146, 0.0003949, 0.0007733, 0.0009284, 0.0006655000000000001, 0.00030910000000000003, 0.0004015, 0.0007832000000000001, 0.0009394000000000001, 0.0006633, 0.00031570000000000003]",-23
13,"[7.48e-05, 0.0001144, 8.47e-05, 1.32e-05, 8.8e-06, 6.93e-05, 0.0001078, 8.36e-05, 1.54e-05, 1.1e-05, 7.04e-05, 0.0001067, 8.25e-05, 1.87e-05, 3.3e-06, 7.59e-05, 0.0001067, 8.03e-05, 6.6e-06, 4.4e-06, 6.38e-05, 0.0001023, 7.7e-05, 2.09e-05, 6.6e-06, 6.38e-05, 0.0001133, 8.47e-05, 1.43e-05, 3.3e-06, 6.82e-05, 0.0001056, 7.04e-05, 7.7e-06, 1.2100000000000001e-05, 6.82e-05, 0.0001078, 7.48e-05, 1.76e-05, 3.3e-06, 5.83e-05, 0.0001078, 7.92e-05, 2.4200000000000002e-05, 5.5e-06, 5.83e-05, 0.0001067, 7.48e-05, 1.54e-05, 1.1e-06, 6.27e-05, 0.0001078, 7.37e-05, 1.43e-05, 1.1e-05, 6.27e-05, 0.0001045, 6.38e-05, 1.1e-05, 5.5e-06, 5.83e-05, 0.00010010000000000001, 7.15e-05, 2.86e-05, 1.76e-05, 5.17e-05, 0.00010010000000000001, 7.26e-05, 9.9e-06, 1.43e-05, 6.82e-05, 0.00010010000000000001, 7.7e-05, 1.76e-05, 1.1e-06, 6.6e-05, 0.0001056, 7.81e-05, 1.2100000000000001e-05, 8.8e-06, 7.37e-05, 0.0001056, 7.48e-05, 1.1e-05, 7.7e-06, 6.6e-05, 9.790000000000001e-05, 8.58e-05, 1.87e-05, 1.1e-05, 6.49e-05, 0.0001111, 8.36e-05, 1.65e-05, 1.1e-05, 5.94e-05, 0.0001034, 7.81e-05, 2.4200000000000002e-05, 1.43e-05, 6.38e-05, 0.0001122, 7.7e-05, 9.9e-06, 1.2100000000000001e-05, 6.82e-05, 9.680000000000001e-05, 7.26e-05, 9.9e-06, 8.8e-06, 6.49e-05, 0.0001078, 8.03e-05, 9.9e-06, 1.1e-06, 7.48e-05, 0.0001144, 7.81e-05, 1.1e-05, 2.2e-06, 5.94e-05, 0.0001034, 7.7e-05, 1.87e-05, 9.9e-06, 6.16e-05, 0.0001067, 6.6e-05, 1.43e-05, -1.1e-05, 6.6e-05, 0.0001089, 7.59e-05, 1.54e-05, 0.0, 5.94e-05, 0.00010120000000000001, 7.37e-05, 1.76e-05, 4.4e-06, 5.94e-05, 9.460000000000001e-05, 8.03e-05, 1.54e-05, 1.1e-05, 6.71e-05, 0.0001067, 6.71e-05, 1.54e-05, 3.3e-06, 6.49e-05, 0.00010120000000000001, 7.48e-05, 1.32e-05, 2.2e-06, 5.94e-05, 0.00010120000000000001, 7.15e-05, 1.98e-05, 9.9e-06, 7.04e-05, 0.0001023, 7.59e-05, 1.65e-05, 0.0, 6.16e-05, 0.0001056, 8.14e-05, 1.32e-05, 9.9e-06, 6.6e-05, 0.00011, 7.59e-05, 1.54e-05, 4.4e-06, 6.38e-05, 9.790000000000001e-05, 7.81e-05, 1.76e-05, 1.1e-05, 6.6e-05, 0.00010120000000000001, 7.81e-05, 7.7e-06, 3.3e-06, 6.16e-05, 0.0001067, 7.04e-05, 1.54e-05, 1.54e-05, 6.93e-05, 9.900000000000001e-05, 7.81e-05, 6.6e-06, 7.7e-06, 6.93e-05, 0.0001045, 6.6e-05, 6.6e-06, -2.2e-06, 5.61e-05, 9.900000000000001e-05, 8.36e-05, 5.5e-06, 8.8e-06, 6.49e-05, 9.790000000000001e-05, 8.25e-05, 9.9e-06, 9.9e-06, 6.27e-05, 9.350000000000001e-05, 7.92e-05, 1.32e-05, 5.5e-06, 6.49e-05, 9.240000000000001e-05, 7.48e-05, 2.2e-06, 1.1e-05, 7.04e-05, 0.0001045, 7.48e-05, 6.6e-06, 2.2e-06, 7.04e-05, 0.00010010000000000001, 7.26e-05, 5.5e-06, 0.0, 6.49e-05, 0.0001045, 7.7e-05, 1.98e-05, 1.43e-05, 6.49e-05, 9.680000000000001e-05, 6.93e-05, 1.65e-05, -2.2e-06, 6.27e-05, 9.460000000000001e-05, 7.59e-05, 1.43e-05, 1.32e-05, 6.82e-05, 0.0001023, 7.15e-05, 1.76e-05, 1.32e-05, 6.49e-05, 9.900000000000001e-05, 6.93e-05, 1.1e-05, 7.7e-06, 7.48e-05, 9.790000000000001e-05, 7.48e-05, 1.76e-05, 1.2100000000000001e-05, 5.39e-05, 0.00010120000000000001, 7.7e-05, 4.4e-06, 1.65e-05, 6.38e-05, 9.460000000000001e-05, 7.37e-05, 8.8e-06, 1.2100000000000001e-05, 7.59e-05, 0.0001067, 7.37e-05, 1.32e-05, 7.7e-06, 6.05e-05, 0.0001045, 6.93e-05, 1.76e-05, 6.6e-06, 5.94e-05, 0.00010120000000000001, 7.15e-05, 7.7e-06, 2.2e-06, 6.27e-05, 0.0001034, 7.81e-05, 1.2100000000000001e-05, 5.5e-06, 7.26e-05, 0.00010120000000000001, 7.7e-05, 1.54e-05, 3.3e-06, 5.72e-05, 0.0001144, 7.15e-05, 7.7e-06, 5.5e-06, 5.61e-05, 0.0001078, 7.92e-05, 8.8e-06, 9.9e-06, 5.94e-05, 0.0001045, 7.04e-05, 6.6e-06, 9.9e-06, 6.38e-05, 0.0001078, 6.38e-05, 1.32e-05, 8.8e-06, 6.16e-05, 0.0001023, 7.48e-05, 7.7e-06, 1.65e-05, 7.04e-05, 0.0001111, 6.49e-05, 1.32e-05, 6.6e-06, 6.71e-05, 0.0001034, 7.59e-05, 1.76e-05, 6.6e-06, 6.71e-05, 9.790000000000001e-05, 7.92e-05, 1.76e-05, -2.2e-06, 6.6e-05, 0.0001023, 8.03e-05, 1.98e-05, 8.8e-06, 6.49e-05, 0.0001122, 8.58e-05, 1.54e-05, 9.9e-06, 6.49e-05, 0.00010120000000000001, 7.48e-05, 3.3e-06, 6.6e-06, 6.6e-05, 9.460000000000001e-05, 7.15e-05, 9.9e-06, -2.2e-06, 6.71e-05, 0.0001056, 7.37e-05, 7.7e-06, 4.4e-06, 7.04e-05, 9.900000000000001e-05, 7.7e-05, 1.98e-05, 9.9e-06, 7.26e-05, 9.790000000000001e-05, 7.26e-05, 1.87e-05, 1.2100000000000001e-05, 6.82e-05, 0.00010120000000000001, 7.04e-05, 4.4e-06, 1.54e-05, 7.26e-05, 0.0001067, 7.26e-05, 1.54e-05, 1.32e-05, 5.83e-05, 0.0001056, 8.03e-05, 1.1e-05, 9.9e-06, 6.71e-05, 9.790000000000001e-05, 7.26e-05, 8.8e-06, -1.1e-06, 7.37e-05, 0.0001034, 6.82e-05, 8.8e-06, 4.4e-06, 7.04e-05, 0.0001067, 7.48e-05, 8.8e-06, 8.8e-06, 6.93e-05, 0.0001067, 7.04e-05, 1.1e-05, 4.4e-06, 7.15e-05, 0.00010010000000000001, 7.92e-05, 7.7e-06, 9.9e-06, 7.04e-05, 9.790000000000001e-05, 7.81e-05, 1.32e-05, 7.7e-06, 6.82e-05, 9.460000000000001e-05, 7.37e-05, 1.1e-05, 7.7e-06, 6.82e-05, 0.0001067, 7.37e-05, 1.76e-05, 6.6e-06, 6.27e-05, 0.0001045, 7.15e-05, 1.54e-05, 3.3e-06, 6.16e-05, 9.900000000000001e-05, 6.49e-05, 1.43e-05, 4.4e-06, 7.26e-05, 0.0001056, 7.04e-05, 1.43e-05, 7.7e-06, 5.94e-05, 0.00010010000000000001, 7.15e-05, 1.43e-05, 7.7e-06, 7.37e-05, 9.460000000000001e-05, 6.6e-05, 1.32e-05, 1.1e-06, 5.83e-05, 9.350000000000001e-05, 6.27e-05, 7.7e-06, 5.5e-06, 6.16e-05, 0.00010120000000000001, 7.7e-05, 1.76e-05, 1.2100000000000001e-05, 5.61e-05, 0.0001067, 7.04e-05, 4.4e-06, 4.4e-06, 6.38e-05, 9.790000000000001e-05, 7.92e-05, 1.87e-05, 2.2e-06, 6.27e-05, 0.0001045, 7.7e-05, 6.6e-06, 4.4e-06, 5.72e-05, 9.460000000000001e-05, 7.81e-05, 1.2100000000000001e-05, -4.4e-06, 6.27e-05, 9.570000000000001e-05, 7.37e-05, 1.98e-05, 1.32e-05, 5.94e-05, 9.570000000000001e-05, 8.25e-05, 1.1e-05, 1.1e-05, 6.71e-05, 9.790000000000001e-05, 7.37e-05, 1.76e-05, 5.5e-06, 6.82e-05, 9.460000000000001e-05, 7.92e-05, 8.8e-06, 8.8e-06]","[-0.0002057, -0.0002156, -0.00019470000000000002, -0.0001518, -0.0001474, -0.00018810000000000002, -0.0002288, -0.00019030000000000002, -0.0001353, -0.0001474, -0.00019360000000000002, -0.0002244, -0.00018480000000000002, -0.0001408, -0.0001441, -0.00019690000000000002, -0.0002321, -0.00019250000000000002, -0.0001452, -0.000132, -0.00019250000000000002, -0.0002244, -0.00019140000000000002, -0.0001474, -0.000143, -0.00019690000000000002, -0.0002233, -0.00019250000000000002, -0.0001331, -0.0001441, -0.00018810000000000002, -0.000231, -0.00019250000000000002, -0.0001419, -0.0001507, -0.00019690000000000002, -0.0002156, -0.00019250000000000002, -0.0001397, -0.0001397, -0.00020130000000000001, -0.0002189, -0.00018810000000000002, -0.0001386, -0.0001419, -0.00020130000000000001, -0.0002222, -0.00018480000000000002, -0.0001375, -0.0001397, -0.00019800000000000002, -0.00022, -0.00019580000000000002, -0.0001419, -0.000143, -0.00020240000000000001, -0.0002112, -0.00019690000000000002, -0.0001463, -0.0001518, -0.00019470000000000002, -0.00022, -0.00019470000000000002, -0.0001419, -0.0001551, -0.00018370000000000002, -0.0002211, -0.00018920000000000002, -0.0001463, -0.000143, -0.00020130000000000001, -0.0002288, -0.00019800000000000002, -0.000143, -0.0001463, -0.00019360000000000002, -0.0002233, -0.00019140000000000002, -0.0001474, -0.0001496, -0.0002035, -0.0002178, -0.00018920000000000002, -0.0001397, -0.0001397, -0.00019140000000000002, -0.0002255, -0.00019030000000000002, -0.000132, -0.0001386, -0.00018700000000000002, -0.0002266, -0.00020130000000000001, -0.0001485, -0.0001441, -0.00019690000000000002, -0.0002277, -0.00019250000000000002, -0.0001397, -0.0001463, -0.00019910000000000001, -0.0002178, -0.00018810000000000002, -0.000143, -0.000143, -0.00019910000000000001, -0.0002112, -0.00018040000000000002, -0.0001353, -0.0001452, -0.00019250000000000002, -0.0002222, -0.00018370000000000002, -0.0001485, -0.0001441, -0.0002035, -0.0002233, -0.00019030000000000002, -0.0001474, -0.0001463, -0.00019470000000000002, -0.0002145, -0.00018810000000000002, -0.0001364, -0.0001463, -0.00019800000000000002, -0.00022, -0.00019690000000000002, -0.0001364, -0.0001441, -0.00019910000000000001, -0.0002288, -0.00019580000000000002, -0.0001452, -0.0001485, -0.00018810000000000002, -0.0002244, -0.00019140000000000002, -0.0001309, -0.0001485, -0.00020240000000000001, -0.0002387, -0.00019360000000000002, -0.0001375, -0.0001386, -0.00020130000000000001, -0.0002211, -0.00019250000000000002, -0.0001452, -0.0001441, -0.00019470000000000002, -0.0002288, -0.0002057, -0.0001364, -0.0001408, -0.00018920000000000002, -0.0002134, -0.00019030000000000002, -0.0001452, -0.0001397, -0.00019360000000000002, -0.00022, -0.00019250000000000002, -0.0001485, -0.0001375, -0.00019800000000000002, -0.0002255, -0.00018810000000000002, -0.0001419, -0.000143, -0.00019250000000000002, -0.0002189, -0.00019690000000000002, -0.0001342, -0.0001408, -0.00018920000000000002, -0.0002233, -0.00019140000000000002, -0.000143, -0.0001551, -0.00019470000000000002, -0.0002222, -0.00018920000000000002, -0.0001386, -0.0001463, -0.00019690000000000002, -0.0002211, -0.00019030000000000002, -0.0001364, -0.0001441, -0.0002035, -0.0002189, -0.00018920000000000002, -0.0001485, -0.0001463, -0.00019140000000000002, -0.00022, -0.00019140000000000002, -0.0001419, -0.000143, -0.00018370000000000002, -0.0002244, -0.00019030000000000002, -0.000143, -0.0001375, -0.00019800000000000002, -0.0002255, -0.00019250000000000002, -0.0001507, -0.0001386, -0.00019800000000000002, -0.00022, -0.00019910000000000001, -0.0001408, -0.0001397, -0.00020240000000000001, -0.00022, -0.00018700000000000002, -0.0001353, -0.0001452, -0.00019140000000000002, -0.0002145, -0.00018150000000000002, -0.0001309, -0.0001496, -0.00019140000000000002, -0.0002123, -0.00018810000000000002, -0.0001419, -0.0001419, -0.00019800000000000002, -0.0002332, -0.00019470000000000002, -0.0001441, -0.0001397, -0.00019250000000000002, -0.0002156, -0.00019360000000000002, -0.0001419, -0.0001474, -0.00020240000000000001, -0.0002277, -0.00019030000000000002, -0.0001309, -0.0001386, -0.00019360000000000002, -0.0002277, -0.00019910000000000001, -0.000132, -0.0001408, -0.00019140000000000002, -0.0002244, -0.00019470000000000002, -0.0001518, -0.0001463, -0.0002035, -0.0002222, -0.00019250000000000002, -0.0001441, -0.0001485, -0.00020240000000000001, -0.0002288, -0.00019800000000000002, -0.0001419, -0.0001386, -0.00018590000000000002, -0.00022, -0.00019690000000000002, -0.0001507, -0.000143, -0.00019250000000000002, -0.0002178, -0.00019690000000000002, -0.0001573, -0.0001419, -0.00020240000000000001, -0.0002244, -0.00018700000000000002, -0.0001419, -0.0001474, -0.00019800000000000002, -0.0002233, -0.00019030000000000002, -0.0001419, -0.0001452, -0.00019580000000000002, -0.00022, -0.00018480000000000002, -0.0001397, -0.0001408, -0.00018700000000000002, -0.0002211, -0.00020020000000000001, -0.0001419, -0.000143, -0.0002035, -0.0002211, -0.00018920000000000002, -0.0001474, -0.0001518, -0.00019690000000000002, -0.0002134, -0.00018370000000000002, -0.0001342, -0.0001441, -0.00019690000000000002, -0.0002222, -0.00018480000000000002, -0.0001397, -0.0001441, -0.00019140000000000002, -0.0002222, -0.00019470000000000002, -0.0001463, -0.0001298, -0.00019360000000000002, -0.0002233, -0.00019140000000000002, -0.0001419, -0.0001419, -0.0002046, -0.0002189, -0.00019580000000000002, -0.0001441, -0.0001408, -0.00020020000000000001, -0.0002244, -0.00019910000000000001, -0.000143, -0.0001485, -0.0002123, -0.0002266, -0.00018370000000000002, -0.0001408, -0.0001375, -0.00019360000000000002, -0.0002266, -0.00018920000000000002, -0.0001342, -0.0001485, -0.00020020000000000001, -0.0002277, -0.00019360000000000002, -0.0001364, -0.0001529, -0.00018920000000000002, -0.0002156, -0.00018590000000000002, -0.0001397, -0.0001452, -0.0002035, -0.0002178, -0.00019470000000000002, -0.0001397, -0.0001441, -0.00019580000000000002, -0.0002145, -0.00020020000000000001, -0.0001419, -0.0001463, -0.00019580000000000002, -0.0002222, -0.00019360000000000002, -0.0001309, -0.0001551, -0.00019360000000000002, -0.0002189, -0.00019470000000000002, -0.0001408, -0.0001452, -0.0002035, -0.0002244, -0.00020020000000000001, -0.000143, -0.000143, -0.00019690000000000002, -0.0002233, -0.00018920000000000002, -0.0001287, -0.0001441, -0.00019690000000000002, -0.0002189, -0.00019360000000000002, -0.0001441, -0.000143, -0.00019470000000000002, -0.0002277, -0.00019250000000000002, -0.000143, -0.0001584, -0.00019580000000000002, -0.0002299, -0.00019470000000000002, -0.0001375, -0.0001452, -0.00018920000000000002, -0.00022, -0.00019140000000000002, -0.0001474, -0.0001474, -0.00018370000000000002, -0.0002189, -0.00019470000000000002, -0.0001441, -0.0001386, -0.00020020000000000001, -0.0002277, -0.00019030000000000002, -0.0001441, -0.0001529, -0.00019470000000000002, -0.00022, -0.00020130000000000001, -0.0001419, -0.0001485, -0.00020020000000000001, -0.0002167, -0.00018700000000000002, -0.0001331, -0.0001507, -0.00020020000000000001, -0.0002266, -0.00019250000000000002, -0.0001419, -0.0001386, -0.00019140000000000002, -0.0002244, -0.00018700000000000002, -0.0001397, -0.0001419, -0.00019360000000000002, -0.0002266, -0.00019250000000000002, -0.0001474, -0.0001507, -0.00020020000000000001, -0.0002222, -0.00019250000000000002, -0.0001518, -0.0001463, -0.00019250000000000002, -0.0002255, -0.00019360000000000002, -0.0001507, -0.0001441, -0.00019910000000000001, -0.0002354, -0.00019140000000000002, -0.0001408, -0.0001408, -0.0002068, -0.0002255, -0.00018480000000000002, -0.0001364, -0.0001485, -0.00019360000000000002, -0.00022, -0.00018920000000000002, -0.0001485, -0.0001441, -0.0002057, -0.0002277, -0.00019030000000000002, -0.0001375, -0.0001452, -0.0002035, -0.0002354, -0.00019360000000000002, -0.0001342, -0.0001419, -0.00018480000000000002, -0.0002222, -0.00018260000000000002, -0.0001419, -0.0001485, -0.00019250000000000002, -0.0002211, -0.00019360000000000002, -0.0001309, -0.0001441, -0.00020240000000000001, -0.0002178, -0.0002057, -0.0001386, -0.0001452, -0.00019690000000000002, -0.0002266, -0.00018920000000000002, -0.0001452, -0.0001507, -0.00020130000000000001, -0.0002156, -0.00019580000000000002, -0.0001441, -0.0001485, -0.00019360000000000002, -0.0002222, -0.0002035, -0.0001496, -0.0001408]","[0.0007733, 0.0009273, 0.0006523000000000001, 0.00031130000000000003, 0.0003993, 0.0007876000000000001, 0.0009152, 0.0006567000000000001, 0.00031790000000000003, 0.0003949, 0.0007865000000000001, 0.0009317, 0.0006655000000000001, 0.0003058, 0.00039820000000000003, 0.0007854, 0.0009306000000000001, 0.0006446000000000001, 0.00030910000000000003, 0.00039160000000000003, 0.0007854, 0.0009317, 0.0006534, 0.0003058, 0.00040040000000000003, 0.0007865000000000001, 0.0009152, 0.0006556, 0.00031130000000000003, 0.0003927, 0.0007920000000000001, 0.0009295000000000001, 0.0006523000000000001, 0.00030470000000000003, 0.000407, 0.0007843, 0.0009295000000000001, 0.0006501, 0.00030690000000000003, 0.00038940000000000003, 0.0007821000000000001, 0.000924, 0.0006545, 0.0003146, 0.0004015, 0.0007865000000000001, 0.0009207000000000001, 0.0006391000000000001, 0.0003212, 0.00040260000000000003, 0.0007920000000000001, 0.0009207000000000001, 0.0006578, 0.00031350000000000003, 0.00040040000000000003, 0.0007953000000000001, 0.0009372, 0.0006534, 0.00031350000000000003, 0.000407, 0.0007821000000000001, 0.0009185, 0.0006567000000000001, 0.00031350000000000003, 0.00040480000000000003, 0.0007865000000000001, 0.0009295000000000001, 0.0006446000000000001, 0.00030470000000000003, 0.00039600000000000003, 0.0007788000000000001, 0.000924, 0.0006435000000000001, 0.0003146, 0.0003883, 0.0007854, 0.0009262000000000001, 0.0006545, 0.0003124, 0.00040480000000000003, 0.0007777000000000001, 0.0009350000000000001, 0.0006523000000000001, 0.00030030000000000004, 0.0004037, 0.0007964000000000001, 0.0009295000000000001, 0.0006578, 0.00030470000000000003, 0.0003993, 0.0007843, 0.0009317, 0.0006556, 0.00031570000000000003, 0.00038500000000000003, 0.0007832000000000001, 0.0009306000000000001, 0.0006468, 0.000319, 0.0003883, 0.0007909000000000001, 0.0009207000000000001, 0.0006435000000000001, 0.00031790000000000003, 0.0004015, 0.0007865000000000001, 0.0009229, 0.0006545, 0.0003124, 0.00039600000000000003, 0.0007843, 0.0009306000000000001, 0.0006479000000000001, 0.00032450000000000003, 0.0003949, 0.0007986, 0.0009207000000000001, 0.0006523000000000001, 0.0003146, 0.00040480000000000003, 0.0007821000000000001, 0.0009218000000000001, 0.0006446000000000001, 0.0002992, 0.00040260000000000003, 0.0007909000000000001, 0.0009207000000000001, 0.0006457, 0.0003124, 0.00040040000000000003, 0.0007854, 0.0009174000000000001, 0.0006457, 0.0003102, 0.00040260000000000003, 0.0007843, 0.0009185, 0.0006556, 0.0003124, 0.00040040000000000003, 0.0007733, 0.0009306000000000001, 0.0006424, 0.000308, 0.0003905, 0.0007865000000000001, 0.000924, 0.0006523000000000001, 0.000308, 0.0004037, 0.0007865000000000001, 0.0009284, 0.0006523000000000001, 0.0003102, 0.00040040000000000003, 0.0007898, 0.0009295000000000001, 0.0006589, 0.00031130000000000003, 0.0003949, 0.0007799, 0.0009273, 0.0006512, 0.00031570000000000003, 0.0003949, 0.0007821000000000001, 0.000924, 0.0006479000000000001, 0.0003124, 0.00040260000000000003, 0.0007887, 0.0009339000000000001, 0.0006523000000000001, 0.0003036, 0.0003971, 0.0007920000000000001, 0.0009108, 0.0006446000000000001, 0.00029810000000000004, 0.0004059, 0.0007876000000000001, 0.0009262000000000001, 0.0006479000000000001, 0.0003058, 0.0003971, 0.0007997000000000001, 0.0009218000000000001, 0.0006479000000000001, 0.00031130000000000003, 0.00039380000000000003, 0.000781, 0.0009251000000000001, 0.0006457, 0.0003124, 0.0004081, 0.0007799, 0.0009207000000000001, 0.0006666, 0.00030250000000000003, 0.00039600000000000003, 0.0007832000000000001, 0.0009251000000000001, 0.0006468, 0.000308, 0.0003883, 0.0007854, 0.0009273, 0.0006468, 0.0003124, 0.000407, 0.0007832000000000001, 0.0009339000000000001, 0.0006347000000000001, 0.00030690000000000003, 0.00039160000000000003, 0.0007931, 0.0009251000000000001, 0.0006545, 0.00030250000000000003, 0.00040260000000000003, 0.0007887, 0.0009273, 0.00066, 0.0003102, 0.0003927, 0.0007843, 0.0009262000000000001, 0.0006534, 0.000308, 0.0004081, 0.0007832000000000001, 0.0009196, 0.0006523000000000001, 0.00031130000000000003, 0.0004059, 0.0007876000000000001, 0.0009328, 0.0006479000000000001, 0.0003036, 0.0004037, 0.0007942, 0.0009262000000000001, 0.0006457, 0.0003102, 0.00039820000000000003, 0.0007887, 0.0009284, 0.0006545, 0.00030250000000000003, 0.0004059, 0.0007887, 0.0009273, 0.0006512, 0.0003146, 0.00039380000000000003, 0.0007909000000000001, 0.0009273, 0.0006677, 0.00030910000000000003, 0.00040480000000000003, 0.0007832000000000001, 0.0009196, 0.0006501, 0.0002992, 0.0004081, 0.0007909000000000001, 0.0009317, 0.0006501, 0.0003124, 0.00039820000000000003, 0.0007777000000000001, 0.0009262000000000001, 0.0006490000000000001, 0.000319, 0.0004015, 0.0007832000000000001, 0.000924, 0.0006512, 0.0003146, 0.0004015, 0.0007964000000000001, 0.0009218000000000001, 0.0006556, 0.00031130000000000003, 0.00039820000000000003, 0.0007898, 0.0009317, 0.000638, 0.00030690000000000003, 0.00039820000000000003, 0.0007909000000000001, 0.0009229, 0.0006468, 0.0003036, 0.0003971, 0.0007964000000000001, 0.0009207000000000001, 0.0006512, 0.00030910000000000003, 0.00040260000000000003, 0.0007931, 0.0009174000000000001, 0.0006578, 0.00030690000000000003, 0.00039600000000000003, 0.0007865000000000001, 0.0009251000000000001, 0.0006347000000000001, 0.0003168, 0.00039600000000000003, 0.0007821000000000001, 0.0009185, 0.0006523000000000001, 0.00031130000000000003, 0.0004015, 0.0007854, 0.0009339000000000001, 0.0006479000000000001, 0.0003146, 0.00039600000000000003, 0.0007909000000000001, 0.0009207000000000001, 0.0006457, 0.00031130000000000003, 0.00040480000000000003, 0.0007931, 0.0009273, 0.0006468, 0.00030250000000000003, 0.0003905, 0.0007898, 0.0009306000000000001, 0.0006479000000000001, 0.0003058, 0.0004103, 0.0007975, 0.0009218000000000001, 0.0006523000000000001, 0.0003102, 0.0003993, 0.0007953000000000001, 0.0009295000000000001, 0.0006402000000000001, 0.0003036, 0.0004092, 0.0007953000000000001, 0.0009185, 0.0006512, 0.000308, 0.0004059, 0.0007942, 0.0009284, 0.0006545, 0.00030690000000000003, 0.00040260000000000003, 0.0007887, 0.0009361, 0.0006413, 0.00030910000000000003, 0.0004037, 0.0007931, 0.0009185, 0.0006468, 0.0003146, 0.00040480000000000003, 0.0007821000000000001, 0.0009251000000000001, 0.0006545, 0.00031130000000000003, 0.0003971, 0.0007876000000000001, 0.0009218000000000001, 0.0006512, 0.00031350000000000003, 0.00040480000000000003, 0.0007887, 0.0009229, 0.0006512, 0.0003102, 0.0004059, 0.0007854, 0.0009317, 0.0006325, 0.00031350000000000003, 0.0004081, 0.0007766, 0.0009174000000000001, 0.0006512, 0.0003168, 0.00040480000000000003, 0.0007898, 0.0009284, 0.0006446000000000001, 0.0003168, 0.0004037, 0.0007843, 0.0009262000000000001, 0.0006501, 0.00031130000000000003, 0.00040260000000000003, 0.0007843, 0.0009295000000000001, 0.0006424, 0.000308, 0.00040040000000000003, 0.0007953000000000001, 0.0009284, 0.0006490000000000001, 0.0003036, 0.0003993, 0.0007777000000000001, 0.0009174000000000001, 0.0006402000000000001, 0.0003124, 0.000407, 0.0008008000000000001, 0.0009185, 0.0006490000000000001, 0.0003014, 0.0004037, 0.0007909000000000001, 0.0009328, 0.0006468, 0.0003058, 0.0003905, 0.0007788000000000001, 0.0009185, 0.0006479000000000001, 0.00030910000000000003, 0.0004092, 0.0007876000000000001, 0.0009152, 0.0006424, 0.00031570000000000003, 0.0004037, 0.0007799, 0.0009218000000000001, 0.0006347000000000001, 0.00031790000000000003, 0.0004059, 0.0007898, 0.0009295000000000001, 0.0006457, 0.00030250000000000003, 0.0004081, 0.0007887, 0.0009262000000000001, 0.0006501, 0.0003168, 0.00040260000000000003, 0.0007953000000000001, 0.0009339000000000001, 0.0006501, 0.00030250000000000003, 0.00040040000000000003, 0.0007766, 0.0009284, 0.0006479000000000001, 0.0003058, 0.0004059, 0.0007942, 0.000924, 0.0006402000000000001, 0.0003146, 0.00039820000000000003, 0.0007909000000000001, 0.0009207000000000001, 0.000638, 0.00031350000000000003, 0.0004136, 0.0007854, 0.0009306000000000001, 0.0006446000000000001, 0.0003058, 0.000407, 0.0007788000000000001, 0.000924, 0.0006589, 0.00030250000000000003, 0.0004092, 0.0008019, 0.0009196, 0.0006369, 0.00030470000000000003, 0.0004103, 0.0007887, 0.0009295000000000001, 0.0006501, 0.0003146, 0.0004103, 0.0008008000000000001, 0.0009196, 0.0006534, 0.0003124, 0.00040040000000000003, 0.0007909000000000001, 0.0009196, 0.0006468, 0.00031350000000000003, 0.0004092]",-22
14,"[0.0001034, 7.04e-05, 1.76e-05, -2.2e-06, 6.82e-05, 9.900000000000001e-05, 6.49e-05, 1.1e-05, 1.2100000000000001e-05, 6.71e-05, 0.00010010000000000001, 7.15e-05, 1.43e-05, 8.8e-06, 6.93e-05, 9.680000000000001e-05, 6.38e-05, 9.9e-06, 9.9e-06, 7.48e-05, 9.020000000000001e-05, 6.27e-05, 1.1e-06, 1.1e-05, 6.71e-05, 9.350000000000001e-05, 6.82e-05, 6.6e-06, 1.1e-05, 5.94e-05, 9.130000000000001e-05, 7.15e-05, 5.5e-06, 4.4e-06, 6.16e-05, 9.790000000000001e-05, 6.27e-05, 5.5e-06, -3.3e-06, 6.05e-05, 9.900000000000001e-05, 7.48e-05, 7.7e-06, 2.2e-06, 6.82e-05, 9.350000000000001e-05, 6.71e-05, 1.2100000000000001e-05, 2.2e-06, 5.83e-05, 9.130000000000001e-05, 7.59e-05, 4.4e-06, 8.8e-06, 6.71e-05, 9.680000000000001e-05, 6.71e-05, 4.4e-06, 8.8e-06, 6.16e-05, 9.680000000000001e-05, 7.92e-05, 8.8e-06, 2.2e-06, 5.83e-05, 9.350000000000001e-05, 6.49e-05, 8.8e-06, 1.1e-06, 6.71e-05, 0.00011, 5.72e-05, 1.1e-06, 0.0, 6.16e-05, 9.680000000000001e-05, 7.59e-05, 1.43e-05, 3.3e-06, 5.72e-05, 9.680000000000001e-05, 6.27e-05, 1.32e-05, 1.1e-06, 5.94e-05, 0.00010010000000000001, 7.04e-05, 1.32e-05, 2.2e-06, 6.16e-05, 0.00010120000000000001, 7.37e-05, 3.3e-06, 1.76e-05, 6.38e-05, 0.0001034, 6.27e-05, 3.3e-06, 1.43e-05, 6.6e-05, 9.350000000000001e-05, 7.48e-05, 1.65e-05, 1.2100000000000001e-05, 6.27e-05, 9.790000000000001e-05, 6.93e-05, 2.2e-06, 8.8e-06, 6.82e-05, 0.0001023, 6.82e-05, 9.9e-06, 8.8e-06, 6.38e-05, 0.0001067, 6.38e-05, 5.5e-06, 3.3e-06, 6.93e-05, 9.350000000000001e-05, 6.93e-05, 1.1e-05, 2.2e-06, 6.27e-05, 0.0001045, 6.82e-05, 1.43e-05, -4.4e-06, 6.38e-05, 9.680000000000001e-05, 7.26e-05, 1.65e-05, 3.3e-06, 5.83e-05, 0.0001023, 7.04e-05, 7.7e-06, 5.5e-06, 6.05e-05, 0.0001122, 6.38e-05, 7.7e-06, -4.4e-06, 6.6e-05, 9.790000000000001e-05, 7.81e-05, 4.4e-06, -4.4e-06, 5.39e-05, 8.69e-05, 7.37e-05, 0.0, -2.2e-06, 5.83e-05, 9.240000000000001e-05, 6.93e-05, 0.0, -1.1e-06, 6.93e-05, 0.00010120000000000001, 6.93e-05, 6.6e-06, 8.8e-06, 5.61e-05, 9.570000000000001e-05, 8.14e-05, 1.1e-06, 8.8e-06, 6.16e-05, 0.00010120000000000001, 7.26e-05, 1.2100000000000001e-05, 1.32e-05, 6.49e-05, 9.790000000000001e-05, 7.48e-05, 3.3e-06, 5.5e-06, 5.94e-05, 0.00010010000000000001, 7.37e-05, 2.2e-05, 1.32e-05, 6.71e-05, 9.680000000000001e-05, 7.04e-05, 3.3e-06, 4.4e-06, 6.05e-05, 9.570000000000001e-05, 7.48e-05, 5.5e-06, 1.1e-05, 7.04e-05, 0.0001056, 6.93e-05, 2.2e-06, 2.2e-06, 6.49e-05, 9.790000000000001e-05, 6.82e-05, 1.32e-05, 0.0, 7.7e-05, 0.0001067, 5.83e-05, 8.8e-06, -2.2e-06, 6.82e-05, 9.570000000000001e-05, 6.6e-05, 1.32e-05, 8.8e-06, 5.72e-05, 9.460000000000001e-05, 6.16e-05, 7.7e-06, 8.8e-06, 6.16e-05, 9.790000000000001e-05, 6.71e-05, -2.2e-06, 2.2e-06, 5.17e-05, 9.790000000000001e-05, 7.26e-05, 1.1e-06, 5.5e-06, 6.27e-05, 0.00010010000000000001, 6.38e-05, 6.6e-06, -2.2e-06, 6.05e-05, 9.680000000000001e-05, 5.83e-05, 1.1e-06, 1.1e-05, 6.93e-05, 0.0001056, 7.15e-05, 1.32e-05, 4.4e-06, 7.15e-05, 0.0001122, 6.82e-05, 5.5e-06, 1.1e-06, 7.15e-05, 0.0001034, 7.7e-05, 1.1e-06, 8.8e-06, 6.27e-05, 0.0001034, 6.93e-05, 7.7e-06, 1.65e-05, 8.03e-05, 9.570000000000001e-05, 7.04e-05, 6.6e-06, 1.1e-05, 6.82e-05, 9.680000000000001e-05, 5.94e-05, 5.5e-06, 1.65e-05, 7.37e-05, 0.00010120000000000001, 6.93e-05, 7.7e-06, 5.5e-06, 6.71e-05, 9.350000000000001e-05, 6.71e-05, 1.32e-05, 9.9e-06, 5.61e-05, 9.900000000000001e-05, 7.37e-05, 1.54e-05, 1.1e-06, 6.6e-05, 9.570000000000001e-05, 5.94e-05, 8.8e-06, 1.65e-05, 7.15e-05, 0.00010010000000000001, 6.71e-05, 5.5e-06, 0.0, 5.72e-05, 9.240000000000001e-05, 7.15e-05, 1.32e-05, 8.8e-06, 6.16e-05, 9.680000000000001e-05, 6.38e-05, 4.4e-06, 5.5e-06, 6.49e-05, 9.350000000000001e-05, 6.82e-05, 1.1e-05, 1.32e-05, 5.28e-05, 9.900000000000001e-05, 6.93e-05, 1.2100000000000001e-05, 0.0, 6.05e-05, 0.0001056, 6.38e-05, 1.1e-06, 6.6e-06, 6.6e-05, 8.8e-05, 7.37e-05, 1.1e-06, 4.4e-06, 5.83e-05, 0.0001034, 6.05e-05, 8.8e-06, 1.2100000000000001e-05, 6.6e-05, 9.130000000000001e-05, 7.37e-05, 1.1e-05, 2.2e-06, 6.82e-05, 9.240000000000001e-05, 7.81e-05, 1.76e-05, 4.4e-06, 6.27e-05, 9.460000000000001e-05, 7.48e-05, 1.32e-05, -2.2e-06, 6.82e-05, 9.460000000000001e-05, 7.15e-05, 5.5e-06, 5.5e-06, 5.39e-05, 0.00010120000000000001, 7.04e-05, 1.2100000000000001e-05, 1.2100000000000001e-05, 6.16e-05, 9.240000000000001e-05, 6.05e-05, 3.3e-06, 4.4e-06, 6.71e-05, 9.020000000000001e-05, 6.71e-05, 1.54e-05, 5.5e-06, 5.83e-05, 9.900000000000001e-05, 7.7e-05, 8.8e-06, 5.5e-06, 6.05e-05, 9.240000000000001e-05, 7.59e-05, 1.98e-05, 9.9e-06, 6.05e-05, 9.350000000000001e-05, 6.71e-05, 7.7e-06, -2.2e-06, 7.37e-05, 9.570000000000001e-05, 6.38e-05, 4.4e-06, 4.4e-06, 6.49e-05, 0.00010010000000000001, 7.04e-05, 8.8e-06, 1.1e-06, 5.83e-05, 9.570000000000001e-05, 6.6e-05, 1.1e-05, 8.8e-06, 6.05e-05, 9.790000000000001e-05, 6.16e-05, 6.6e-06, 1.2100000000000001e-05, 5.61e-05, 9.570000000000001e-05, 6.27e-05, 1.76e-05, 0.0, 6.71e-05, 0.00010010000000000001, 6.38e-05, 1.98e-05, 1.2100000000000001e-05, 5.28e-05, 9.350000000000001e-05, 6.82e-05, 1.2100000000000001e-05, -3.3e-06, 6.82e-05, 0.0001023, 6.27e-05, 1.1e-05, 1.1e-06, 5.5e-05, 0.0001078, 7.15e-05, 5.5e-06, 4.4e-06, 6.71e-05, 9.900000000000001e-05, 6.27e-05, 1.32e-05, 5.5e-06, 5.94e-05, 0.00010010000000000001, 7.48e-05, 7.7e-06, 8.8e-06, 5.94e-05, 0.00010010000000000001, 6.82e-05, 8.8e-06, 1.1e-05, 6.38e-05, 0.0001023, 7.15e-05, 1.32e-05, 1.32e-05, 6.82e-05, 9.680000000000001e-05, 6.6e-05, 1.1e-06, 6.6e-06, 6.6e-05, 9.790000000000001e-05, 7.59e-05, 1.1e-05, 0.0, 6.49e-05, 9.570000000000001e-05, 7.48e-05, 2.4200000000000002e-05, 1.2100000000000001e-05, 6.49e-05, 8.910000000000001e-05, 7.15e-05, 6.6e-06, -1.1e-06, 5.94e-05, 9.900000000000001e-05, 6.71e-05, 5.5e-06, 9.9e-06, 6.27e-05, 8.58e-05, 6.38e-05, 8.8e-06, 1.76e-05, 6.82e-05, 9.240000000000001e-05, 6.27e-05, 8.8e-06, 8.8e-06, 6.27e-05, 9.570000000000001e-05, 6.16e-05, 1.32e-05, 9.9e-06, 5.72e-05, 9.350000000000001e-05, 5.94e-05, 3.3e-06, 1.1e-05, 6.27e-05, 9.240000000000001e-05, 6.6e-05, 4.4e-06, 1.1e-06, 6.82e-05, 0.0001122, 6.49e-05, 1.1e-05, -1.1e-06, 7.26e-05]","[-0.0002123, -0.00019030000000000002, -0.0001342, -0.0001342, -0.00019030000000000002, -0.0002244, -0.00019470000000000002, -0.0001331, -0.000143, -0.00018920000000000002, -0.0002189, -0.00019580000000000002, -0.0001408, -0.0001463, -0.00020240000000000001, -0.0002233, -0.00018700000000000002, -0.0001463, -0.0001529, -0.00020130000000000001, -0.0002211, -0.00018700000000000002, -0.0001397, -0.0001364, -0.00019800000000000002, -0.0002178, -0.00019030000000000002, -0.0001353, -0.0001452, -0.0002035, -0.0002233, -0.00019470000000000002, -0.0001408, -0.0001452, -0.00019800000000000002, -0.0002189, -0.00018920000000000002, -0.0001397, -0.000143, -0.00019030000000000002, -0.0002189, -0.00018480000000000002, -0.0001342, -0.0001452, -0.00019690000000000002, -0.0002233, -0.00018700000000000002, -0.000132, -0.0001463, -0.00019800000000000002, -0.0002167, -0.00018480000000000002, -0.0001364, -0.000143, -0.00019580000000000002, -0.0002189, -0.00019910000000000001, -0.0001496, -0.0001474, -0.00018920000000000002, -0.0002167, -0.00018920000000000002, -0.0001375, -0.0001364, -0.00019580000000000002, -0.0002156, -0.00019360000000000002, -0.0001452, -0.0001452, -0.00018590000000000002, -0.0002222, -0.00018480000000000002, -0.0001265, -0.0001353, -0.0002035, -0.0002123, -0.00018920000000000002, -0.0001496, -0.000143, -0.00019690000000000002, -0.0002145, -0.00018920000000000002, -0.0001342, -0.0001452, -0.00019140000000000002, -0.0002178, -0.00018700000000000002, -0.0001386, -0.0001441, -0.00019580000000000002, -0.0002145, -0.00018480000000000002, -0.0001298, -0.0001375, -0.0002079, -0.0002167, -0.00019470000000000002, -0.0001386, -0.0001386, -0.00019250000000000002, -0.0002134, -0.00018480000000000002, -0.0001342, -0.0001496, -0.00019470000000000002, -0.0002266, -0.00018810000000000002, -0.0001419, -0.0001529, -0.00020020000000000001, -0.0002189, -0.00019800000000000002, -0.0001342, -0.0001529, -0.00020020000000000001, -0.0002222, -0.00018920000000000002, -0.0001386, -0.0001419, -0.00020020000000000001, -0.0002211, -0.00018810000000000002, -0.0001331, -0.0001463, -0.00019690000000000002, -0.0002222, -0.00019580000000000002, -0.0001408, -0.0001419, -0.00019470000000000002, -0.0002299, -0.00018700000000000002, -0.0001375, -0.0001496, -0.00019800000000000002, -0.0002145, -0.00018590000000000002, -0.0001419, -0.0001474, -0.0002046, -0.0002156, -0.00019470000000000002, -0.0001419, -0.0001529, -0.00019250000000000002, -0.0002156, -0.00018590000000000002, -0.0001364, -0.0001551, -0.00019690000000000002, -0.0002156, -0.00018700000000000002, -0.0001474, -0.0001551, -0.00019250000000000002, -0.0002244, -0.00019360000000000002, -0.0001397, -0.0001496, -0.00018590000000000002, -0.0002189, -0.00019140000000000002, -0.000154, -0.000143, -0.0002068, -0.0002178, -0.00019470000000000002, -0.0001397, -0.0001474, -0.00019030000000000002, -0.0002332, -0.00018150000000000002, -0.0001386, -0.0001342, -0.00019470000000000002, -0.0002222, -0.00018810000000000002, -0.0001441, -0.0001386, -0.00019580000000000002, -0.0002123, -0.00018150000000000002, -0.0001375, -0.0001463, -0.00019690000000000002, -0.0002211, -0.00018480000000000002, -0.0001386, -0.000143, -0.00018810000000000002, -0.0002244, -0.00018920000000000002, -0.0001386, -0.0001617, -0.00019910000000000001, -0.0002211, -0.00019470000000000002, -0.0001397, -0.0001474, -0.00019360000000000002, -0.0002167, -0.00018260000000000002, -0.0001419, -0.0001463, -0.00019470000000000002, -0.0002112, -0.00018040000000000002, -0.0001474, -0.0001529, -0.0002057, -0.0002233, -0.00018040000000000002, -0.0001386, -0.0001397, -0.00019690000000000002, -0.0002211, -0.00019470000000000002, -0.0001298, -0.0001397, -0.00019800000000000002, -0.0002233, -0.00019140000000000002, -0.0001419, -0.0001441, -0.0002035, -0.0002167, -0.00018040000000000002, -0.0001364, -0.0001529, -0.00019800000000000002, -0.00022, -0.00018260000000000002, -0.0001386, -0.000143, -0.00019800000000000002, -0.0002233, -0.00020240000000000001, -0.0001441, -0.0001485, -0.00019800000000000002, -0.00022, -0.00019690000000000002, -0.0001375, -0.0001496, -0.00020130000000000001, -0.0002244, -0.00019470000000000002, -0.0001452, -0.000154, -0.00019250000000000002, -0.0002277, -0.00018920000000000002, -0.0001441, -0.0001441, -0.00019140000000000002, -0.0002255, -0.00019690000000000002, -0.0001419, -0.0001496, -0.00020240000000000001, -0.0002123, -0.00017820000000000002, -0.0001375, -0.0001408, -0.00019800000000000002, -0.0002255, -0.00019360000000000002, -0.0001397, -0.0001485, -0.00019030000000000002, -0.0002134, -0.00019580000000000002, -0.000132, -0.0001386, -0.00019910000000000001, -0.00022, -0.00018590000000000002, -0.0001331, -0.0001518, -0.00018810000000000002, -0.0002178, -0.00018920000000000002, -0.0001309, -0.0001397, -0.00018260000000000002, -0.0002211, -0.00018700000000000002, -0.0001364, -0.0001364, -0.0002101, -0.00022, -0.00018040000000000002, -0.0001353, -0.0001419, -0.0002046, -0.0002189, -0.00018260000000000002, -0.0001452, -0.0001485, -0.00019470000000000002, -0.0002189, -0.00018590000000000002, -0.0001452, -0.0001419, -0.0002101, -0.00022, -0.00019580000000000002, -0.0001287, -0.0001485, -0.00019690000000000002, -0.00022, -0.00019360000000000002, -0.0001507, -0.0001463, -0.00018810000000000002, -0.0002145, -0.00019580000000000002, -0.0001353, -0.0001452, -0.00019470000000000002, -0.0002167, -0.00018480000000000002, -0.0001331, -0.0001463, -0.0002057, -0.0002189, -0.00018700000000000002, -0.0001375, -0.000143, -0.00019690000000000002, -0.0002277, -0.00018920000000000002, -0.0001397, -0.0001463, -0.00018920000000000002, -0.0002233, -0.00018590000000000002, -0.0001408, -0.0001452, -0.00019580000000000002, -0.0002266, -0.00019470000000000002, -0.0001309, -0.0001397, -0.00019470000000000002, -0.0002255, -0.00018810000000000002, -0.0001474, -0.0001408, -0.00019030000000000002, -0.0002233, -0.00019250000000000002, -0.0001397, -0.0001463, -0.00020020000000000001, -0.0002211, -0.00018480000000000002, -0.0001397, -0.0001452, -0.00019690000000000002, -0.0002233, -0.00018920000000000002, -0.000132, -0.0001386, -0.00020020000000000001, -0.0002233, -0.00019140000000000002, -0.000143, -0.0001507, -0.00020240000000000001, -0.0002266, -0.00019030000000000002, -0.0001441, -0.0001474, -0.00019470000000000002, -0.0002288, -0.00018810000000000002, -0.000143, -0.0001397, -0.00019470000000000002, -0.0002244, -0.00018260000000000002, -0.0001364, -0.0001408, -0.00019470000000000002, -0.0002112, -0.00019580000000000002, -0.0001364, -0.0001485, -0.00018700000000000002, -0.0002167, -0.00018040000000000002, -0.0001386, -0.0001573, -0.0002057, -0.00022, -0.00019690000000000002, -0.0001441, -0.0001397, -0.00019800000000000002, -0.00022, -0.00019030000000000002, -0.0001342, -0.0001474, -0.00018920000000000002, -0.0002277, -0.00018920000000000002, -0.0001386, -0.0001375, -0.0002068, -0.0002178, -0.00018810000000000002, -0.0001397, -0.0001452, -0.00019690000000000002, -0.0002189, -0.00019470000000000002, -0.0001353, -0.0001518, -0.00019800000000000002, -0.0002123, -0.00018150000000000002, -0.0001408, -0.000143, -0.00019690000000000002, -0.0002156, -0.00018810000000000002, -0.0001386, -0.000143, -0.00020130000000000001, -0.0002145, -0.00019800000000000002, -0.0001342, -0.0001452, -0.00020020000000000001, -0.0002156, -0.00018590000000000002, -0.0001397, -0.0001551, -0.00019030000000000002, -0.00022, -0.00018700000000000002, -0.0001408, -0.0001518, -0.00019360000000000002, -0.0002299, -0.00019360000000000002, -0.0001408, -0.0001518, -0.0002035, -0.0002189, -0.00018480000000000002, -0.0001298, -0.0001474, -0.0002035, -0.0002288, -0.00018370000000000002, -0.0001342, -0.0001551, -0.0002046, -0.0002233, -0.00017930000000000002, -0.0001419, -0.0001507, -0.00019800000000000002, -0.0002189, -0.00017930000000000002, -0.0001452, -0.0001441, -0.00020020000000000001, -0.0002178, -0.00019910000000000001, -0.0001474, -0.0001474, -0.0002079, -0.00022, -0.00018040000000000002, -0.000143, -0.0001342, -0.00019580000000000002, -0.0002145, -0.00018480000000000002, -0.000143, -0.0001397, -0.00019580000000000002, -0.0002222, -0.00018700000000000002, -0.0001463, -0.0001474, -0.00020240000000000001, -0.0002233, -0.00018370000000000002, -0.0001518, -0.0001342, -0.00019800000000000002, -0.0002178, -0.00018480000000000002, -0.0001265, -0.0001474, -0.00019580000000000002]","[0.0009174000000000001, 0.0006314000000000001, 0.0003058, 0.0004103, 0.0007887, 0.0009141, 0.0006347000000000001, 0.0003168, 0.0004081, 0.0007942, 0.0009152, 0.0006292, 0.0003058, 0.0004081, 0.0007986, 0.0009174000000000001, 0.0006457, 0.00030250000000000003, 0.0004081, 0.0007942, 0.0009152, 0.0006325, 0.0002992, 0.0004114, 0.0007953000000000001, 0.000924, 0.0006237, 0.00029810000000000004, 0.0004125, 0.0007920000000000001, 0.0009163000000000001, 0.0006402000000000001, 0.0003014, 0.000418, 0.0007920000000000001, 0.0009185, 0.000638, 0.00029590000000000004, 0.0004147, 0.0007887, 0.0009119, 0.0006347000000000001, 0.00029810000000000004, 0.0004169, 0.0007975, 0.0009185, 0.0006314000000000001, 0.0003124, 0.0004103, 0.0007964000000000001, 0.0009317, 0.0006424, 0.0002948, 0.0004037, 0.0007975, 0.0009317, 0.0006358000000000001, 0.0003036, 0.000418, 0.0007964000000000001, 0.0009218000000000001, 0.000638, 0.00029590000000000004, 0.0004092, 0.0007942, 0.0009207000000000001, 0.0006358000000000001, 0.00030470000000000003, 0.0004147, 0.0007986, 0.0009185, 0.0006347000000000001, 0.0003036, 0.0004147, 0.000803, 0.0009196, 0.0006336, 0.0003124, 0.000418, 0.0007964000000000001, 0.0009196, 0.0006358000000000001, 0.0003058, 0.0004147, 0.0007953000000000001, 0.0009196, 0.0006369, 0.0003014, 0.00040040000000000003, 0.0007942, 0.0009196, 0.0006347000000000001, 0.00030030000000000004, 0.0004246, 0.0007931, 0.000924, 0.0006457, 0.00030690000000000003, 0.0004103, 0.0007997000000000001, 0.0009207000000000001, 0.0006270000000000001, 0.00030910000000000003, 0.0004114, 0.0007975, 0.0009141, 0.0006237, 0.00030910000000000003, 0.0004103, 0.0007964000000000001, 0.0009196, 0.0006259, 0.00029810000000000004, 0.0004136, 0.0008041000000000001, 0.0009262000000000001, 0.0006325, 0.0003014, 0.0004059, 0.0007920000000000001, 0.0009130000000000001, 0.0006292, 0.00030030000000000004, 0.0004136, 0.0007931, 0.0009273, 0.0006259, 0.00029590000000000004, 0.0004125, 0.0007964000000000001, 0.0009185, 0.0006193, 0.00029590000000000004, 0.000407, 0.0008052000000000001, 0.0009185, 0.0006347000000000001, 0.00029810000000000004, 0.0004136, 0.0008052000000000001, 0.0009185, 0.0006336, 0.0002926, 0.000407, 0.0007942, 0.0009251000000000001, 0.0006435000000000001, 0.0002992, 0.0004169, 0.0008019, 0.0009229, 0.0006281, 0.00030030000000000004, 0.000418, 0.0007986, 0.0009196, 0.0006347000000000001, 0.0003014, 0.0004081, 0.0007953000000000001, 0.0009229, 0.0006292, 0.00030690000000000003, 0.0004114, 0.0007942, 0.0009141, 0.0006303, 0.00030470000000000003, 0.0004169, 0.0007997000000000001, 0.0009251000000000001, 0.0006303, 0.0002992, 0.0004081, 0.0007975, 0.0009086000000000001, 0.0006281, 0.00030470000000000003, 0.000407, 0.0008041000000000001, 0.0009141, 0.0006215, 0.0003058, 0.0004092, 0.0007975, 0.0009130000000000001, 0.0006292, 0.0002992, 0.0004136, 0.0008052000000000001, 0.0009196, 0.0006292, 0.00030030000000000004, 0.0004158, 0.0008063, 0.000924, 0.0006336, 0.0003036, 0.0004081, 0.0007953000000000001, 0.0009196, 0.0006226000000000001, 0.0003058, 0.0004015, 0.0007898, 0.0009196, 0.0006303, 0.0003058, 0.0004136, 0.0008041000000000001, 0.0009196, 0.0006303, 0.0003058, 0.0004103, 0.0007975, 0.0009141, 0.0006215, 0.00029590000000000004, 0.0004059, 0.0007931, 0.0009185, 0.0006303, 0.00030690000000000003, 0.0004081, 0.0008008000000000001, 0.0009174000000000001, 0.0006314000000000001, 0.00030470000000000003, 0.0004246, 0.0007931, 0.0009207000000000001, 0.0006171, 0.00030250000000000003, 0.0004147, 0.0007997000000000001, 0.0009196, 0.000638, 0.0003014, 0.00040480000000000003, 0.0007975, 0.0009229, 0.0006204, 0.0003036, 0.0004125, 0.0007975, 0.0009152, 0.0006270000000000001, 0.0003014, 0.000418, 0.000803, 0.0009262000000000001, 0.0006292, 0.00031130000000000003, 0.0004114, 0.0007942, 0.0009152, 0.0006314000000000001, 0.0002992, 0.0004136, 0.0007997000000000001, 0.0009185, 0.0006325, 0.0002926, 0.00042570000000000005, 0.0008041000000000001, 0.0009196, 0.0006171, 0.0003036, 0.0004081, 0.0007832000000000001, 0.0009251000000000001, 0.0006237, 0.000297, 0.0004169, 0.0007953000000000001, 0.000924, 0.0006259, 0.000308, 0.0004081, 0.0008008000000000001, 0.0009185, 0.0006314000000000001, 0.000297, 0.0004147, 0.0007953000000000001, 0.0009207000000000001, 0.0006281, 0.00031130000000000003, 0.0004169, 0.000803, 0.0009108, 0.0006358000000000001, 0.00030030000000000004, 0.0004081, 0.0008052000000000001, 0.0009163000000000001, 0.0006347000000000001, 0.0003124, 0.0004158, 0.0007942, 0.0009141, 0.0006281, 0.00030690000000000003, 0.0004147, 0.0007975, 0.0009152, 0.0006292, 0.00029590000000000004, 0.0004103, 0.000803, 0.000924, 0.0006292, 0.0002992, 0.000418, 0.0008019, 0.0009284, 0.0006259, 0.0003036, 0.0004169, 0.0008008000000000001, 0.0009196, 0.0006281, 0.00029810000000000004, 0.0004059, 0.0007953000000000001, 0.0009218000000000001, 0.0006336, 0.0003036, 0.0004059, 0.0008008000000000001, 0.0009273, 0.0006270000000000001, 0.00029590000000000004, 0.0004169, 0.0008074, 0.0009141, 0.0006292, 0.00030030000000000004, 0.00042570000000000005, 0.0008008000000000001, 0.0009196, 0.0006281, 0.0002992, 0.00042350000000000005, 0.0007953000000000001, 0.0009361, 0.0006204, 0.0003036, 0.0004125, 0.0008041000000000001, 0.0009229, 0.0006149, 0.00030470000000000003, 0.0004202, 0.0007964000000000001, 0.0009130000000000001, 0.000638, 0.00030470000000000003, 0.00040480000000000003, 0.0007975, 0.0009196, 0.0006281, 0.00029590000000000004, 0.0004125, 0.0008052000000000001, 0.0009262000000000001, 0.0006248, 0.00029370000000000004, 0.0004125, 0.0007887, 0.0009152, 0.0006314000000000001, 0.00030250000000000003, 0.0004213, 0.0007997000000000001, 0.0009196, 0.0006292, 0.0002992, 0.0004191, 0.0007986, 0.0009163000000000001, 0.0006314000000000001, 0.00029590000000000004, 0.0004147, 0.0007975, 0.0009229, 0.0006248, 0.00030470000000000003, 0.0004224, 0.0007997000000000001, 0.0009174000000000001, 0.0006193, 0.00029370000000000004, 0.00042350000000000005, 0.0008118, 0.0009031, 0.0006281, 0.000297, 0.0004147, 0.0008085000000000001, 0.0009108, 0.0006259, 0.00030030000000000004, 0.0004202, 0.0008063, 0.0009163000000000001, 0.0006325, 0.00030690000000000003, 0.0004147, 0.0008008000000000001, 0.0009086000000000001, 0.0006292, 0.0002992, 0.0004136, 0.0007986, 0.0009130000000000001, 0.0006281, 0.00030690000000000003, 0.0004202, 0.000803, 0.0009218000000000001, 0.0006226000000000001, 0.00030030000000000004, 0.0004169, 0.0008118, 0.0009196, 0.0006270000000000001, 0.0003014, 0.0004092, 0.0008041000000000001, 0.0009152, 0.0006292, 0.00030910000000000003, 0.0004169, 0.0008008000000000001, 0.0009163000000000001, 0.0006292, 0.00029150000000000004, 0.0004103, 0.0008107, 0.0009119, 0.0006182000000000001, 0.00029810000000000004, 0.00042570000000000005, 0.0007964000000000001, 0.0009130000000000001, 0.0006270000000000001, 0.0002992, 0.0004169, 0.0008063, 0.0009273, 0.0006270000000000001, 0.0003036, 0.0004147, 0.000803, 0.0009152, 0.0006182000000000001, 0.000297, 0.00040480000000000003, 0.0008019, 0.000924, 0.0006237, 0.00030470000000000003, 0.0004169, 0.0008008000000000001, 0.0009152, 0.0006237, 0.00030470000000000003, 0.0004246, 0.0008074, 0.0009196, 0.0006226000000000001, 0.00030690000000000003, 0.0004246, 0.0008052000000000001, 0.0009163000000000001, 0.0006215, 0.00030470000000000003, 0.0004169, 0.0008041000000000001, 0.0009262000000000001, 0.0006303, 0.0002926, 0.0004213, 0.0007964000000000001, 0.0009152, 0.0006292, 0.0002948, 0.0004147, 0.0008041000000000001, 0.0009185, 0.0006226000000000001, 0.0003036, 0.0004136, 0.0007953000000000001, 0.0009141, 0.0006292, 0.000297, 0.000429, 0.0008074]",-21
15,"[7.37e-05, 1.54e-05, 4.4e-06, 6.05e-05, 0.0001078, 5.83e-05, 4.4e-06, 5.5e-06, 6.82e-05, 8.8e-05, 7.15e-05, 1.2100000000000001e-05, -1.1e-06, 5.17e-05, 8.69e-05, 6.82e-05, 0.0, 3.3e-06, 6.16e-05, 8.910000000000001e-05, 6.49e-05, 6.6e-06, 4.4e-06, 5.61e-05, 8.47e-05, 5.83e-05, 1.2100000000000001e-05, -6.6e-06, 5.0600000000000003e-05, 9.460000000000001e-05, 6.49e-05, 8.8e-06, 1.76e-05, 5.94e-05, 9.680000000000001e-05, 5.72e-05, -3.3e-06, 6.6e-06, 7.26e-05, 9.130000000000001e-05, 6.05e-05, 2.2e-06, -2.2e-06, 6.6e-05, 0.00010010000000000001, 6.27e-05, 5.5e-06, 3.3e-06, 5.5e-05, 0.0001034, 5.61e-05, 3.3e-06, 1.1e-05, 6.38e-05, 9.570000000000001e-05, 5.83e-05, 1.43e-05, -2.2e-06, 5.5e-05, 9.570000000000001e-05, 6.49e-05, 3.3e-06, 6.6e-06, 5.72e-05, 9.130000000000001e-05, 6.6e-05, 1.1e-06, 4.4e-06, 6.05e-05, 9.020000000000001e-05, 7.48e-05, 7.7e-06, -3.3e-06, 5.61e-05, 8.910000000000001e-05, 6.05e-05, 4.4e-06, 2.2e-06, 5.83e-05, 8.47e-05, 6.05e-05, 3.3e-06, 5.5e-06, 6.16e-05, 9.350000000000001e-05, 6.05e-05, 7.7e-06, 0.0, 5.39e-05, 0.0001023, 6.82e-05, 1.2100000000000001e-05, 2.2e-06, 4.8400000000000004e-05, 8.69e-05, 6.6e-05, -1.1e-06, -2.2e-06, 6.38e-05, 0.0001045, 6.38e-05, 3.3e-06, -2.2e-06, 6.38e-05, 9.570000000000001e-05, 5.72e-05, -3.3e-06, -4.4e-06, 5.17e-05, 8.8e-05, 6.16e-05, 0.0, 0.0, 5.61e-05, 8.910000000000001e-05, 5.61e-05, -1.1e-06, 5.5e-06, 6.49e-05, 7.92e-05, 6.71e-05, 1.1e-06, 8.8e-06, 6.27e-05, 9.350000000000001e-05, 6.27e-05, 2.2e-06, 1.43e-05, 5.72e-05, 0.00010120000000000001, 5.72e-05, 9.9e-06, 5.5e-06, 5.94e-05, 8.910000000000001e-05, 5.5e-05, 5.5e-06, 5.5e-06, 5.72e-05, 8.910000000000001e-05, 5.72e-05, 8.8e-06, -1.1e-06, 6.6e-05, 9.680000000000001e-05, 6.6e-05, 2.2e-06, 4.4e-06, 5.61e-05, 9.020000000000001e-05, 6.05e-05, 8.8e-06, 2.2e-06, 5.72e-05, 8.47e-05, 5.83e-05, 1.54e-05, 7.7e-06, 6.49e-05, 8.69e-05, 5.61e-05, -1.1e-06, 1.1e-06, 5.72e-05, 9.130000000000001e-05, 6.27e-05, 5.5e-06, 8.8e-06, 5.94e-05, 8.910000000000001e-05, 7.04e-05, -3.3e-06, 1.2100000000000001e-05, 5.61e-05, 9.570000000000001e-05, 5.72e-05, 5.5e-06, 4.4e-06, 6.82e-05, 9.020000000000001e-05, 5.61e-05, 4.4e-06, -1.1e-06, 6.05e-05, 0.00010120000000000001, 5.94e-05, -4.4e-06, 7.7e-06, 6.38e-05, 9.350000000000001e-05, 5.72e-05, 6.6e-06, 1.1e-06, 5.72e-05, 9.790000000000001e-05, 6.05e-05, 5.5e-06, 1.1e-06, 5.83e-05, 9.570000000000001e-05, 6.05e-05, 1.32e-05, 4.4e-06, 6.05e-05, 8.47e-05, 6.05e-05, 0.0, 7.7e-06, 5.94e-05, 9.240000000000001e-05, 5.28e-05, 1.54e-05, -2.2e-06, 5.72e-05, 9.130000000000001e-05, 6.6e-05, 1.2100000000000001e-05, 0.0, 6.6e-05, 9.240000000000001e-05, 5.72e-05, 4.4e-06, 5.5e-06, 6.16e-05, 8.8e-05, 5.39e-05, 4.4e-06, 2.2e-06, 6.16e-05, 9.570000000000001e-05, 5.5e-05, 2.2e-06, -4.4e-06, 6.05e-05, 9.240000000000001e-05, 6.05e-05, 9.9e-06, 7.7e-06, 6.6e-05, 9.350000000000001e-05, 5.0600000000000003e-05, 6.6e-06, 1.1e-06, 6.05e-05, 9.570000000000001e-05, 5.28e-05, 1.1e-05, 1.32e-05, 5.5e-05, 9.240000000000001e-05, 6.71e-05, 9.9e-06, 6.6e-06, 5.94e-05, 9.240000000000001e-05, 5.94e-05, 1.2100000000000001e-05, 3.3e-06, 5.83e-05, 9.680000000000001e-05, 6.49e-05, 6.6e-06, 6.6e-06, 6.05e-05, 9.350000000000001e-05, 5.83e-05, 6.6e-06, 5.5e-06, 6.82e-05, 9.570000000000001e-05, 5.61e-05, 8.8e-06, 5.5e-06, 6.82e-05, 9.900000000000001e-05, 6.93e-05, 0.0, -1.1e-06, 5.72e-05, 8.47e-05, 6.27e-05, 2.2e-06, 4.4e-06, 5.94e-05, 8.25e-05, 6.71e-05, -1.1e-06, 6.6e-06, 6.49e-05, 8.69e-05, 5.17e-05, 1.43e-05, 3.3e-06, 6.6e-05, 8.69e-05, 6.27e-05, 4.4e-06, 7.7e-06, 6.27e-05, 9.350000000000001e-05, 6.27e-05, 9.9e-06, -1.1e-06, 6.38e-05, 8.47e-05, 5.83e-05, 5.5e-06, -4.4e-06, 5.83e-05, 9.460000000000001e-05, 6.16e-05, 6.6e-06, 1.2100000000000001e-05, 4.9500000000000004e-05, 8.25e-05, 5.5e-05, 1.32e-05, 4.4e-06, 5.61e-05, 8.8e-05, 6.05e-05, -1.1e-06, 6.6e-06, 5.94e-05, 8.910000000000001e-05, 6.71e-05, -1.1e-06, 6.6e-06, 5.61e-05, 9.020000000000001e-05, 5.83e-05, 3.3e-06, 4.4e-06, 5.72e-05, 8.47e-05, 6.16e-05, -3.3e-06, 1.1e-06, 5.17e-05, 8.910000000000001e-05, 5.83e-05, 3.3e-06, 3.3e-06, 5.5e-05, 9.570000000000001e-05, 6.05e-05, 1.1e-05, -1.1e-05, 5.5e-05, 8.47e-05, 5.94e-05, 8.8e-06, 1.1e-05, 6.16e-05, 8.03e-05, 4.8400000000000004e-05, 5.5e-06, 9.9e-06, 6.27e-05, 8.910000000000001e-05, 4.7300000000000005e-05, -3.3e-06, 1.2100000000000001e-05, 6.38e-05, 8.36e-05, 5.94e-05, 0.0, 7.7e-06, 6.05e-05, 9.350000000000001e-05, 5.17e-05, 5.5e-06, 6.6e-06, 5.39e-05, 8.69e-05, 5.61e-05, 8.8e-06, 8.8e-06, 5.94e-05, 9.460000000000001e-05, 5.39e-05, 5.5e-06, 1.1e-05, 5.28e-05, 9.020000000000001e-05, 5.94e-05, 3.3e-06, 7.7e-06, 5.94e-05, 0.00010010000000000001, 6.27e-05, 1.2100000000000001e-05, 3.3e-06, 5.61e-05, 9.790000000000001e-05, 6.6e-05, 5.5e-06, 8.8e-06, 5.83e-05, 9.460000000000001e-05, 5.39e-05, 5.5e-06, 5.5e-06, 6.6e-05, 9.350000000000001e-05, 6.27e-05, 4.4e-06, -3.3e-06, 5.94e-05, 0.00010010000000000001, 5.61e-05, 3.3e-06, 9.9e-06, 6.6e-05, 9.790000000000001e-05, 6.49e-05, 6.6e-06, 4.4e-06, 6.05e-05, 9.570000000000001e-05, 6.05e-05, 9.9e-06, 6.6e-06, 5.83e-05, 8.58e-05, 6.93e-05, 0.0, 5.5e-06, 5.61e-05, 9.460000000000001e-05, 6.05e-05, 9.9e-06, 4.4e-06, 5.83e-05, 9.130000000000001e-05, 5.5e-05, 9.9e-06, 6.6e-06, 5.17e-05, 9.680000000000001e-05, 7.15e-05, 4.4e-06, -2.2e-06, 7.37e-05, 9.790000000000001e-05, 6.49e-05, 7.7e-06, 4.4e-06, 6.27e-05, 8.03e-05, 5.0600000000000003e-05, 0.0, 1.54e-05, 6.16e-05, 8.8e-05, 6.82e-05, 1.1e-06, 4.4e-06, 5.17e-05, 9.130000000000001e-05, 6.16e-05, 9.9e-06, 1.2100000000000001e-05, 6.6e-05, 9.130000000000001e-05, 5.5e-05, -1.1e-06, 8.8e-06, 5.94e-05, 9.240000000000001e-05, 6.71e-05, -7.7e-06, 9.9e-06, 6.16e-05, 8.14e-05, 6.6e-05, 4.4e-06, 4.4e-06, 6.6e-05, 8.910000000000001e-05, 5.72e-05, 2.2e-06, -6.6e-06, 6.05e-05, 0.0001023, 6.71e-05, 9.9e-06, 0.0, 6.38e-05, 8.8e-05, 4.9500000000000004e-05, -6.6e-06, -4.4e-06, 5.39e-05, 9.020000000000001e-05, 6.27e-05, 1.2100000000000001e-05, 3.3e-06, 5.83e-05, 9.240000000000001e-05]","[-0.00018480000000000002, -0.0001364, -0.0001452, -0.0002046, -0.00022, -0.00018040000000000002, -0.0001298, -0.000143, -0.00018590000000000002, -0.0002244, -0.00019140000000000002, -0.0001441, -0.0001518, -0.00019580000000000002, -0.0002211, -0.00019470000000000002, -0.0001353, -0.0001386, -0.0002046, -0.0002233, -0.0001716, -0.0001397, -0.0001507, -0.0002035, -0.0002255, -0.00019250000000000002, -0.0001331, -0.0001441, -0.0002101, -0.0002189, -0.00018150000000000002, -0.0001441, -0.0001496, -0.00019030000000000002, -0.0002233, -0.00018590000000000002, -0.000132, -0.0001496, -0.00019360000000000002, -0.0002167, -0.000176, -0.0001364, -0.0001485, -0.0002035, -0.0002233, -0.00019250000000000002, -0.0001408, -0.0001452, -0.00019580000000000002, -0.0002255, -0.00018370000000000002, -0.0001386, -0.0001518, -0.00020020000000000001, -0.0002189, -0.00018590000000000002, -0.0001254, -0.0001496, -0.00020130000000000001, -0.000231, -0.00019360000000000002, -0.0001463, -0.0001496, -0.00019800000000000002, -0.0002145, -0.00017930000000000002, -0.000132, -0.0001419, -0.00020240000000000001, -0.0002156, -0.00018810000000000002, -0.0001386, -0.0001397, -0.00019910000000000001, -0.0002123, -0.00018810000000000002, -0.0001298, -0.0001496, -0.00020020000000000001, -0.0002178, -0.00018920000000000002, -0.0001342, -0.0001496, -0.0002046, -0.0002211, -0.00019030000000000002, -0.0001353, -0.0001474, -0.00019690000000000002, -0.0002222, -0.00018480000000000002, -0.0001452, -0.0001463, -0.00018810000000000002, -0.0002233, -0.00019140000000000002, -0.0001397, -0.0001584, -0.0002046, -0.0002211, -0.00019030000000000002, -0.000143, -0.0001485, -0.0002035, -0.0002233, -0.00018150000000000002, -0.0001287, -0.000143, -0.0002046, -0.0002244, -0.00017820000000000002, -0.0001397, -0.0001507, -0.00019690000000000002, -0.0002233, -0.00018590000000000002, -0.000132, -0.0001507, -0.0002068, -0.0002145, -0.00018920000000000002, -0.0001342, -0.0001408, -0.00020020000000000001, -0.0002178, -0.00018480000000000002, -0.0001276, -0.0001441, -0.00018920000000000002, -0.0002156, -0.00018480000000000002, -0.000143, -0.0001496, -0.0002057, -0.0002189, -0.00018370000000000002, -0.0001441, -0.0001408, -0.00018810000000000002, -0.0002145, -0.00018480000000000002, -0.0001408, -0.0001408, -0.00020020000000000001, -0.0002288, -0.00019140000000000002, -0.0001397, -0.0001474, -0.00019800000000000002, -0.00022, -0.00018590000000000002, -0.0001452, -0.0001419, -0.00020130000000000001, -0.00022, -0.00018480000000000002, -0.0001397, -0.0001518, -0.00019470000000000002, -0.0002255, -0.00017930000000000002, -0.0001419, -0.0001474, -0.00020130000000000001, -0.0002156, -0.00018260000000000002, -0.0001353, -0.0001606, -0.00019360000000000002, -0.0002189, -0.00018480000000000002, -0.0001397, -0.0001474, -0.00018810000000000002, -0.0002222, -0.00017930000000000002, -0.0001364, -0.000143, -0.00019470000000000002, -0.0002145, -0.00019030000000000002, -0.0001419, -0.0001474, -0.0002068, -0.0002112, -0.00018040000000000002, -0.0001298, -0.0001463, -0.00019910000000000001, -0.0002255, -0.00018700000000000002, -0.0001452, -0.0001496, -0.00019690000000000002, -0.00022, -0.00018590000000000002, -0.0001452, -0.0001441, -0.00020020000000000001, -0.0002222, -0.00018480000000000002, -0.000132, -0.0001496, -0.00019800000000000002, -0.0002145, -0.00017930000000000002, -0.000143, -0.0001408, -0.00019030000000000002, -0.0002211, -0.00018370000000000002, -0.0001331, -0.0001419, -0.00019250000000000002, -0.0002123, -0.00019250000000000002, -0.0001353, -0.0001485, -0.00019910000000000001, -0.0002255, -0.00019030000000000002, -0.000132, -0.0001595, -0.0002035, -0.00022, -0.00019250000000000002, -0.0001331, -0.0001518, -0.00019800000000000002, -0.0002321, -0.00018700000000000002, -0.0001441, -0.000143, -0.00019690000000000002, -0.0002167, -0.00018370000000000002, -0.0001287, -0.0001397, -0.00019800000000000002, -0.0002134, -0.00018590000000000002, -0.0001309, -0.0001463, -0.00019910000000000001, -0.0002233, -0.00018260000000000002, -0.000143, -0.0001419, -0.00020130000000000001, -0.0002233, -0.00017820000000000002, -0.000143, -0.0001441, -0.00018920000000000002, -0.0002189, -0.00018040000000000002, -0.0001353, -0.0001485, -0.00019470000000000002, -0.0002255, -0.00018810000000000002, -0.0001397, -0.0001551, -0.00019910000000000001, -0.0002244, -0.00018480000000000002, -0.0001342, -0.0001463, -0.00019140000000000002, -0.0002112, -0.0001749, -0.0001353, -0.0001485, -0.00019250000000000002, -0.0002134, -0.00018920000000000002, -0.0001452, -0.000143, -0.0002057, -0.0002178, -0.00018480000000000002, -0.0001331, -0.0001485, -0.00020240000000000001, -0.0002145, -0.0001738, -0.0001364, -0.0001397, -0.00019910000000000001, -0.0002167, -0.00019470000000000002, -0.0001232, -0.0001485, -0.00019250000000000002, -0.0002167, -0.00018040000000000002, -0.0001375, -0.0001529, -0.00019910000000000001, -0.00022, -0.00018040000000000002, -0.0001485, -0.000143, -0.00020020000000000001, -0.00022, -0.00018040000000000002, -0.0001397, -0.0001408, -0.00020240000000000001, -0.0002222, -0.00018920000000000002, -0.0001386, -0.0001474, -0.00020020000000000001, -0.0002167, -0.00018150000000000002, -0.0001375, -0.0001408, -0.00020240000000000001, -0.0002189, -0.00017710000000000002, -0.0001386, -0.0001408, -0.0002068, -0.0002145, -0.00018700000000000002, -0.0001364, -0.0001452, -0.00019360000000000002, -0.0002244, -0.00019250000000000002, -0.0001364, -0.0001474, -0.00019470000000000002, -0.0002178, -0.00018370000000000002, -0.000143, -0.0001496, -0.00020130000000000001, -0.0002145, -0.00017820000000000002, -0.0001419, -0.0001452, -0.0002035, -0.0002288, -0.000176, -0.0001419, -0.0001441, -0.0002057, -0.0002222, -0.00018700000000000002, -0.0001364, -0.000154, -0.00019470000000000002, -0.0002244, -0.00018920000000000002, -0.0001364, -0.0001441, -0.00019690000000000002, -0.0002321, -0.00019030000000000002, -0.0001375, -0.0001529, -0.0002057, -0.0002266, -0.00018700000000000002, -0.0001309, -0.000154, -0.00020240000000000001, -0.0002299, -0.00018040000000000002, -0.0001331, -0.0001507, -0.0002068, -0.0002134, -0.00019250000000000002, -0.0001342, -0.0001452, -0.00019580000000000002, -0.0002145, -0.00017820000000000002, -0.0001463, -0.0001507, -0.00019470000000000002, -0.0002222, -0.00018370000000000002, -0.0001485, -0.0001485, -0.00019360000000000002, -0.0002156, -0.00018480000000000002, -0.0001342, -0.0001463, -0.00020240000000000001, -0.0002244, -0.0001749, -0.0001298, -0.0001386, -0.00019360000000000002, -0.0002233, -0.00017710000000000002, -0.0001441, -0.0001419, -0.00019800000000000002, -0.0002145, -0.00018370000000000002, -0.0001276, -0.0001496, -0.00020020000000000001, -0.0002244, -0.00019910000000000001, -0.0001408, -0.0001562, -0.00019800000000000002, -0.0002244, -0.00019360000000000002, -0.0001375, -0.0001463, -0.00019910000000000001, -0.0002189, -0.00018150000000000002, -0.0001353, -0.0001562, -0.00020240000000000001, -0.0002145, -0.00018700000000000002, -0.0001496, -0.0001474, -0.0002046, -0.0002233, -0.00018810000000000002, -0.0001397, -0.0001584, -0.00019470000000000002, -0.0002233, -0.00019140000000000002, -0.0001408, -0.0001573, -0.00019690000000000002, -0.0002211, -0.00019360000000000002, -0.0001364, -0.000154, -0.0002134, -0.0002222, -0.00019140000000000002, -0.0001309, -0.0001375, -0.00018590000000000002, -0.0002156, -0.00019580000000000002, -0.000143, -0.0001463, -0.00019140000000000002, -0.0002123, -0.000176, -0.0001397, -0.000154, -0.0002046, -0.0002211, -0.00018480000000000002, -0.0001342, -0.0001463, -0.0002035, -0.00022, -0.00019030000000000002, -0.0001397, -0.0001507, -0.00020240000000000001, -0.0002244, -0.00018590000000000002, -0.0001375, -0.0001507, -0.00020020000000000001, -0.00022, -0.00017820000000000002, -0.0001276, -0.0001452, -0.00019360000000000002, -0.0002189, -0.00018260000000000002, -0.0001287, -0.0001452, -0.0002046, -0.0002189, -0.00018920000000000002, -0.0001342, -0.0001419, -0.00019910000000000001, -0.0002123, -0.000176, -0.0001419, -0.0001529, -0.000209, -0.0002178, -0.00018590000000000002, -0.0001353, -0.0001518, -0.00019800000000000002, -0.0002277]","[0.0006182000000000001, 0.00028930000000000004, 0.0004125, 0.000814, 0.0009141, 0.0006138000000000001, 0.0002992, 0.000418, 0.0008151, 0.0009031, 0.0006105, 0.0003014, 0.00042790000000000005, 0.0008041000000000001, 0.0009141, 0.0006039, 0.0002992, 0.000418, 0.0008041000000000001, 0.0009130000000000001, 0.0006072, 0.000308, 0.00043230000000000005, 0.0008228, 0.0008965, 0.0006127, 0.0002882, 0.00042790000000000005, 0.000814, 0.0009075, 0.0006193, 0.00029150000000000004, 0.0004202, 0.0008052000000000001, 0.000902, 0.0006105, 0.00029810000000000004, 0.0004268, 0.0008129000000000001, 0.0009119, 0.0006171, 0.00030030000000000004, 0.00042570000000000005, 0.0008085000000000001, 0.0009053, 0.0006215, 0.00029590000000000004, 0.0004213, 0.0008063, 0.0009042000000000001, 0.0006083, 0.00030690000000000003, 0.0004356, 0.0008096000000000001, 0.0009196, 0.0006094000000000001, 0.00029590000000000004, 0.00042790000000000005, 0.0008129000000000001, 0.0009075, 0.0006204, 0.000297, 0.00042790000000000005, 0.0008096000000000001, 0.0009119, 0.0006116, 0.0003058, 0.0004268, 0.0008096000000000001, 0.0009086000000000001, 0.0006193, 0.0002948, 0.0004224, 0.000803, 0.0009152, 0.0006138000000000001, 0.00030030000000000004, 0.0004147, 0.0008074, 0.0009031, 0.0006039, 0.0002882, 0.0004268, 0.0008074, 0.0009064, 0.0006138000000000001, 0.0002992, 0.0004356, 0.0008074, 0.0009207000000000001, 0.0006237, 0.00030030000000000004, 0.0004268, 0.0008096000000000001, 0.0009053, 0.0006028, 0.0003036, 0.0004191, 0.0008085000000000001, 0.0009042000000000001, 0.0006116, 0.0002948, 0.0004191, 0.0008008000000000001, 0.0009086000000000001, 0.0006061, 0.0002882, 0.000418, 0.0008063, 0.0009064, 0.0006028, 0.00030470000000000003, 0.000418, 0.0008074, 0.0009152, 0.0006149, 0.00029370000000000004, 0.00043450000000000004, 0.0008173000000000001, 0.0009207000000000001, 0.0006127, 0.00030030000000000004, 0.0004246, 0.0008173000000000001, 0.0009108, 0.0006050000000000001, 0.0002948, 0.00042350000000000005, 0.0008107, 0.0009031, 0.0006204, 0.0002882, 0.00042570000000000005, 0.0008107, 0.0009097, 0.0006149, 0.00031790000000000003, 0.00042350000000000005, 0.0008118, 0.000902, 0.0006149, 0.0002926, 0.00043230000000000005, 0.000814, 0.0009196, 0.0006138000000000001, 0.00030030000000000004, 0.0004268, 0.000803, 0.0009218000000000001, 0.0006083, 0.000297, 0.00042790000000000005, 0.000803, 0.0009130000000000001, 0.0006072, 0.0002904, 0.0004213, 0.0008041000000000001, 0.0009075, 0.0006171, 0.00029810000000000004, 0.0004246, 0.0008096000000000001, 0.0009174000000000001, 0.0006127, 0.0002882, 0.0004169, 0.0008107, 0.0009108, 0.0006149, 0.000297, 0.00043670000000000004, 0.000814, 0.0009152, 0.0006127, 0.00029370000000000004, 0.00043230000000000005, 0.0008019, 0.0009163000000000001, 0.0005984, 0.00028490000000000004, 0.0004246, 0.0008162, 0.0009042000000000001, 0.000616, 0.00028930000000000004, 0.0004356, 0.0008107, 0.0009108, 0.0006105, 0.0002948, 0.00042350000000000005, 0.0008096000000000001, 0.0009141, 0.0006105, 0.0003058, 0.00042350000000000005, 0.0008107, 0.0009119, 0.0006127, 0.0002882, 0.0004268, 0.0008074, 0.0009130000000000001, 0.0006094000000000001, 0.0002904, 0.0004268, 0.000814, 0.0009174000000000001, 0.0006072, 0.0002948, 0.0004246, 0.0008063, 0.0009075, 0.0006028, 0.00029150000000000004, 0.0004334, 0.0008063, 0.0009075, 0.0006017, 0.00029590000000000004, 0.00042790000000000005, 0.0008118, 0.0009163000000000001, 0.0006226000000000001, 0.0002904, 0.0004246, 0.0008107, 0.0009152, 0.0006127, 0.00028710000000000004, 0.0004191, 0.0007953000000000001, 0.0009042000000000001, 0.0006248, 0.00030030000000000004, 0.0004312, 0.000825, 0.0009119, 0.0005984, 0.00030250000000000003, 0.0004268, 0.0008085000000000001, 0.0009141, 0.0006083, 0.00030030000000000004, 0.0004312, 0.0008041000000000001, 0.0009130000000000001, 0.0006182000000000001, 0.00030030000000000004, 0.00042570000000000005, 0.0008041000000000001, 0.0009130000000000001, 0.0006149, 0.000297, 0.00042790000000000005, 0.0008118, 0.0009086000000000001, 0.0006094000000000001, 0.00029810000000000004, 0.000429, 0.0008206, 0.0008965, 0.000616, 0.00028710000000000004, 0.0004422, 0.0008173000000000001, 0.0009174000000000001, 0.0006105, 0.000297, 0.00042350000000000005, 0.0008107, 0.0009053, 0.0006193, 0.000297, 0.00042570000000000005, 0.0008151, 0.0009075, 0.0006061, 0.00029150000000000004, 0.0004246, 0.0008096000000000001, 0.0009141, 0.000616, 0.00028930000000000004, 0.00043010000000000005, 0.0008151, 0.0009119, 0.0006171, 0.00029590000000000004, 0.00042350000000000005, 0.0008184, 0.0009042000000000001, 0.0006028, 0.00029370000000000004, 0.00042350000000000005, 0.0008107, 0.0009042000000000001, 0.0006138000000000001, 0.00029810000000000004, 0.0004158, 0.0008162, 0.0009130000000000001, 0.0006006000000000001, 0.00030030000000000004, 0.0004312, 0.0008096000000000001, 0.0009097, 0.0006127, 0.0003058, 0.0004268, 0.0008063, 0.0009075, 0.0006028, 0.0002926, 0.0004378, 0.0008118, 0.0009152, 0.0006138000000000001, 0.000297, 0.0004312, 0.0008096000000000001, 0.0009097, 0.0006138000000000001, 0.0002882, 0.00042570000000000005, 0.0008129000000000001, 0.0009141, 0.0006050000000000001, 0.000297, 0.00042790000000000005, 0.0008085000000000001, 0.0009064, 0.0005995, 0.00029370000000000004, 0.0004202, 0.0008129000000000001, 0.0009163000000000001, 0.0006050000000000001, 0.0002882, 0.000429, 0.0008107, 0.0009108, 0.0006116, 0.0003058, 0.0004268, 0.0008162, 0.0009119, 0.0006083, 0.00029810000000000004, 0.00042790000000000005, 0.0008162, 0.0009130000000000001, 0.0006105, 0.000297, 0.00042570000000000005, 0.0008129000000000001, 0.0008998000000000001, 0.0006017, 0.00029150000000000004, 0.0004191, 0.0008162, 0.0009097, 0.0006094000000000001, 0.00029150000000000004, 0.0004334, 0.0008129000000000001, 0.0009053, 0.0006083, 0.00029810000000000004, 0.00044110000000000004, 0.0008063, 0.0009053, 0.0006061, 0.00029810000000000004, 0.00042790000000000005, 0.0008162, 0.0009119, 0.0006105, 0.0002926, 0.00042790000000000005, 0.0008041000000000001, 0.0009009, 0.0006061, 0.00029370000000000004, 0.000429, 0.0008096000000000001, 0.0008987, 0.0006017, 0.00029590000000000004, 0.00042570000000000005, 0.0008228, 0.0009053, 0.0006039, 0.0002926, 0.00042790000000000005, 0.0008261000000000001, 0.0009152, 0.0006105, 0.00029150000000000004, 0.0004202, 0.0008118, 0.0009130000000000001, 0.0006094000000000001, 0.00029590000000000004, 0.00042570000000000005, 0.0008052000000000001, 0.0009042000000000001, 0.0006094000000000001, 0.00030030000000000004, 0.00043230000000000005, 0.0008085000000000001, 0.0009097, 0.0006105, 0.0002948, 0.0004202, 0.0008118, 0.0009075, 0.0006105, 0.00029590000000000004, 0.00042790000000000005, 0.0008162, 0.0009141, 0.0006094000000000001, 0.0002948, 0.00042350000000000005, 0.0008129000000000001, 0.0009141, 0.0006017, 0.00028490000000000004, 0.0004268, 0.0008063, 0.0009053, 0.0006127, 0.00030030000000000004, 0.0004356, 0.0008085000000000001, 0.0009163000000000001, 0.0006028, 0.000308, 0.00043010000000000005, 0.0008162, 0.0009152, 0.0005984, 0.00028270000000000004, 0.0004378, 0.0008129000000000001, 0.0009086000000000001, 0.0006083, 0.0002904, 0.00044, 0.0008184, 0.0009064, 0.0006105, 0.00029370000000000004, 0.0004356, 0.0008063, 0.0009141, 0.0006105, 0.00028710000000000004, 0.00042790000000000005, 0.0008118, 0.0009130000000000001, 0.0005918000000000001, 0.000297, 0.00042790000000000005, 0.0008052000000000001, 0.0009053, 0.0006061, 0.0003036, 0.00042570000000000005, 0.0008107, 0.0009119, 0.0006149, 0.0003036, 0.000429, 0.0008041000000000001, 0.0009097, 0.0006006000000000001, 0.00029150000000000004, 0.000429, 0.0008008000000000001, 0.0009108, 0.0006050000000000001, 0.00028270000000000004, 0.00042570000000000005, 0.0008151, 0.0009141, 0.0006127, 0.0002805, 0.00043010000000000005, 0.0008206, 0.0009152, 0.0005995, 0.0002904, 0.0004334, 0.000814, 0.0009064]",-20
16,"[8.8e-05, 6.27e-05, 8.8e-06, 3.3e-06, 6.05e-05, 8.69e-05, 5.5e-05, -4.4e-06, 1.2100000000000001e-05, 6.05e-05, 9.350000000000001e-05, 5.39e-05, -5.5e-06, 6.6e-06, 5.0600000000000003e-05, 8.25e-05, 5.94e-05, 6.6e-06, -1.1e-06, 5.39e-05, 8.8e-05, 5.17e-05, 3.3e-06, 3.3e-06, 6.71e-05, 9.460000000000001e-05, 5.39e-05, -4.4e-06, 7.7e-06, 4.9500000000000004e-05, 8.03e-05, 5.17e-05, 1.2100000000000001e-05, 2.2e-06, 5.72e-05, 8.910000000000001e-05, 6.16e-05, 0.0, -4.4e-06, 5.94e-05, 8.47e-05, 5.28e-05, 1.1e-06, 2.2e-06, 6.27e-05, 9.240000000000001e-05, 5.28e-05, -1.1e-05, -2.2e-06, 6.82e-05, 7.92e-05, 5.94e-05, 1.1e-06, 7.7e-06, 5.39e-05, 9.130000000000001e-05, 5.94e-05, 7.7e-06, -4.4e-06, 6.16e-05, 8.58e-05, 5.17e-05, 1.1e-06, 1.2100000000000001e-05, 5.94e-05, 8.36e-05, 5.0600000000000003e-05, 8.8e-06, 1.54e-05, 6.05e-05, 8.36e-05, 5.61e-05, 0.0, -3.3e-06, 5.94e-05, 9.350000000000001e-05, 5.61e-05, 7.7e-06, 9.9e-06, 6.16e-05, 8.36e-05, 6.05e-05, -4.4e-06, 4.4e-06, 4.5100000000000005e-05, 7.81e-05, 6.05e-05, 9.9e-06, -4.4e-06, 6.71e-05, 8.69e-05, 6.16e-05, 5.5e-06, 6.6e-06, 6.6e-05, 9.130000000000001e-05, 5.72e-05, 3.3e-06, -1.1e-06, 5.61e-05, 8.58e-05, 5.61e-05, 7.7e-06, 9.9e-06, 5.61e-05, 9.240000000000001e-05, 5.17e-05, 1.1e-06, 7.7e-06, 6.49e-05, 7.81e-05, 5.94e-05, 1.1e-06, 2.2e-06, 5.17e-05, 9.350000000000001e-05, 5.61e-05, -4.4e-06, -6.6e-06, 6.05e-05, 9.130000000000001e-05, 6.05e-05, -1.1e-06, 8.8e-06, 5.83e-05, 7.92e-05, 5.28e-05, -1.1e-06, 0.0, 5.94e-05, 8.58e-05, 6.16e-05, 5.5e-06, 7.7e-06, 5.83e-05, 8.8e-05, 5.39e-05, -9.9e-06, 3.3e-06, 5.28e-05, 9.240000000000001e-05, 5.39e-05, 4.4e-06, 3.3e-06, 5.28e-05, 7.81e-05, 5.83e-05, 1.1e-05, 4.4e-06, 5.17e-05, 9.240000000000001e-05, 4.5100000000000005e-05, -2.2e-06, 1.2100000000000001e-05, 5.72e-05, 7.81e-05, 4.8400000000000004e-05, 3.3e-06, 2.2e-06, 4.5100000000000005e-05, 9.020000000000001e-05, 6.16e-05, 3.3e-06, 8.8e-06, 5.83e-05, 7.92e-05, 4.9500000000000004e-05, -1.32e-05, 4.4e-06, 5.72e-05, 8.8e-05, 5.17e-05, 0.0, 7.7e-06, 5.39e-05, 8.36e-05, 5.83e-05, 8.8e-06, 1.1e-05, 5.28e-05, 8.14e-05, 4.9500000000000004e-05, -2.2e-06, 5.5e-06, 5.72e-05, 8.58e-05, 5.5e-05, -4.4e-06, 0.0, 6.16e-05, 8.36e-05, 4.8400000000000004e-05, 4.4e-06, -4.4e-06, 5.17e-05, 8.910000000000001e-05, 5.72e-05, 5.5e-06, 1.1e-06, 5.61e-05, 8.03e-05, 5.83e-05, 1.1e-06, 8.8e-06, 6.6e-05, 8.8e-05, 5.17e-05, 1.1e-05, -3.3e-06, 5.17e-05, 9.350000000000001e-05, 5.72e-05, 0.0, -3.3e-06, 6.16e-05, 9.460000000000001e-05, 5.0600000000000003e-05, 5.5e-06, 3.3e-06, 5.39e-05, 8.69e-05, 5.61e-05, -8.8e-06, 4.4e-06, 5.28e-05, 8.8e-05, 5.83e-05, 2.2e-06, -1.1e-06, 5.28e-05, 8.25e-05, 5.17e-05, 6.6e-06, -4.4e-06, 5.94e-05, 9.130000000000001e-05, 4.7300000000000005e-05, 2.2e-06, -5.5e-06, 5.83e-05, 8.910000000000001e-05, 5.0600000000000003e-05, 7.7e-06, 4.4e-06, 6.71e-05, 8.69e-05, 5.61e-05, 2.2e-06, 6.6e-06, 5.94e-05, 7.37e-05, 6.38e-05, -4.4e-06, 3.3e-06, 5.28e-05, 9.130000000000001e-05, 5.39e-05, 2.2e-06, 4.4e-06, 5.72e-05, 7.81e-05, 4.8400000000000004e-05, -4.4e-06, 6.6e-06, 5.83e-05, 9.350000000000001e-05, 5.61e-05, -6.6e-06, 3.3e-06, 5.72e-05, 8.25e-05, 5.61e-05, 5.5e-06, 8.8e-06, 5.28e-05, 9.130000000000001e-05, 5.61e-05, -6.6e-06, 6.6e-06, 6.49e-05, 8.14e-05, 5.28e-05, 3.3e-06, 7.7e-06, 4.7300000000000005e-05, 7.81e-05, 5.39e-05, 8.8e-06, -8.8e-06, 6.38e-05, 8.58e-05, 5.17e-05, 0.0, 0.0, 5.39e-05, 8.25e-05, 5.83e-05, 3.3e-06, 2.2e-06, 6.16e-05, 8.910000000000001e-05, 4.7300000000000005e-05, -3.3e-06, 1.1e-05, 6.71e-05, 9.020000000000001e-05, 5.61e-05, 0.0, 1.1e-06, 6.38e-05, 9.240000000000001e-05, 6.38e-05, 6.6e-06, 5.5e-06, 6.16e-05, 8.910000000000001e-05, 5.0600000000000003e-05, 0.0, 1.32e-05, 6.05e-05, 8.36e-05, 5.94e-05, 0.0, 3.3e-06, 6.16e-05, 8.36e-05, 5.72e-05, -4.4e-06, 3.3e-06, 6.38e-05, 8.8e-05, 4.7300000000000005e-05, 7.7e-06, 8.8e-06, 5.83e-05, 8.36e-05, 6.38e-05, 6.6e-06, 1.1e-06, 5.72e-05, 9.020000000000001e-05, 5.5e-05, 2.2e-06, 4.4e-06, 6.27e-05, 8.910000000000001e-05, 5.39e-05, 2.2e-06, 2.2e-06, 5.94e-05, 7.92e-05, 6.05e-05, -3.3e-06, 1.1e-06, 5.94e-05, 9.130000000000001e-05, 5.0600000000000003e-05, 7.7e-06, 1.32e-05, 6.27e-05, 8.58e-05, 5.0600000000000003e-05, 1.2100000000000001e-05, 1.32e-05, 5.61e-05, 7.7e-05, 4.8400000000000004e-05, 2.2e-06, 8.8e-06, 5.5e-05, 9.680000000000001e-05, 4.9500000000000004e-05, -3.3e-06, 1.1e-06, 6.16e-05, 8.69e-05, 4.9500000000000004e-05, -2.2e-06, 7.7e-06, 5.83e-05, 8.8e-05, 5.94e-05, 3.3e-06, 9.9e-06, 5.83e-05, 8.69e-05, 5.61e-05, -1.1e-06, 6.6e-06, 5.72e-05, 9.130000000000001e-05, 5.28e-05, -2.2e-06, -1.1e-06, 4.6200000000000005e-05, 9.240000000000001e-05, 5.39e-05, -4.4e-06, 4.4e-06, 5.72e-05, 9.020000000000001e-05, 6.38e-05, 2.2e-06, 0.0, 6.16e-05, 8.25e-05, 5.5e-05, 6.6e-06, 1.1e-05, 5.94e-05, 8.25e-05, 5.5e-05, 0.0, -1.1e-06, 5.5e-05, 8.910000000000001e-05, 5.28e-05, 8.8e-06, -5.5e-06, 5.5e-05, 8.910000000000001e-05, 5.72e-05, 7.7e-06, 2.2e-06, 5.83e-05, 9.240000000000001e-05, 5.61e-05, -9.9e-06, 2.2e-06, 4.5100000000000005e-05, 6.93e-05, 5.72e-05, -1.1e-06, 7.7e-06, 5.94e-05, 9.460000000000001e-05, 5.72e-05, -3.3e-06, 1.65e-05, 5.5e-05, 8.03e-05, 5.61e-05, 1.2100000000000001e-05, -3.3e-06, 6.6e-05, 8.69e-05, 5.94e-05, 6.6e-06, 8.8e-06, 6.05e-05, 8.69e-05, 6.16e-05, -2.2e-06, 4.4e-06, 6.16e-05, 8.8e-05, 5.94e-05, -6.6e-06, -2.2e-06, 4.9500000000000004e-05, 8.03e-05, 5.61e-05, 0.0, 2.2e-06, 6.82e-05, 9.020000000000001e-05, 4.5100000000000005e-05, -9.9e-06, 7.7e-06, 6.38e-05, 9.460000000000001e-05, 5.83e-05, 0.0, -2.2e-06, 5.72e-05, 8.47e-05, 5.61e-05, -3.3e-06, 4.4e-06, 5.83e-05, 7.92e-05, 6.16e-05, -1.1e-06, 2.2e-06, 5.39e-05, 7.92e-05, 5.61e-05, 0.0, 6.6e-06, 6.71e-05, 9.020000000000001e-05, 5.5e-05, -1.1e-06, 4.4e-06, 5.28e-05, 9.680000000000001e-05, 6.49e-05, -1.1e-06, -1.1e-06, 4.8400000000000004e-05]","[-0.0002178, -0.00018700000000000002, -0.0001353, -0.0001474, -0.00020240000000000001, -0.0002233, -0.00019140000000000002, -0.0001386, -0.0001518, -0.00019690000000000002, -0.0002178, -0.00018040000000000002, -0.000132, -0.000143, -0.00020020000000000001, -0.00022, -0.00017710000000000002, -0.0001408, -0.0001364, -0.00020240000000000001, -0.0002255, -0.00018040000000000002, -0.0001353, -0.0001375, -0.00019800000000000002, -0.0002189, -0.00018480000000000002, -0.0001375, -0.0001507, -0.00020130000000000001, -0.0002134, -0.00018150000000000002, -0.0001408, -0.0001562, -0.0002101, -0.0002255, -0.00017710000000000002, -0.0001331, -0.0001507, -0.000209, -0.0002211, -0.00018810000000000002, -0.0001375, -0.0001551, -0.00019800000000000002, -0.0002266, -0.0001749, -0.0001375, -0.000143, -0.0002057, -0.0002266, -0.00017930000000000002, -0.0001353, -0.0001518, -0.00020020000000000001, -0.0002233, -0.00017820000000000002, -0.000132, -0.0001474, -0.00019360000000000002, -0.0002145, -0.00019140000000000002, -0.0001364, -0.0001419, -0.00018810000000000002, -0.0002266, -0.00018040000000000002, -0.0001485, -0.0001518, -0.00019470000000000002, -0.0002167, -0.000176, -0.0001441, -0.0001485, -0.0002035, -0.0002189, -0.00019030000000000002, -0.0001254, -0.000154, -0.00019910000000000001, -0.0002134, -0.00018920000000000002, -0.0001408, -0.0001595, -0.00020020000000000001, -0.0002178, -0.00018040000000000002, -0.0001342, -0.0001408, -0.00019140000000000002, -0.0002178, -0.0001727, -0.0001463, -0.0001507, -0.00019470000000000002, -0.00022, -0.00019030000000000002, -0.000143, -0.0001463, -0.0002167, -0.0002222, -0.00018590000000000002, -0.0001397, -0.0001474, -0.00019800000000000002, -0.0002178, -0.00018150000000000002, -0.0001331, -0.0001529, -0.00019910000000000001, -0.0002167, -0.00018370000000000002, -0.0001518, -0.0001463, -0.0002046, -0.0002123, -0.00017710000000000002, -0.000132, -0.0001441, -0.00020020000000000001, -0.0002189, -0.00018810000000000002, -0.0001397, -0.0001441, -0.00019910000000000001, -0.0002222, -0.00019360000000000002, -0.0001419, -0.0001551, -0.0002134, -0.0002123, -0.00018810000000000002, -0.0001353, -0.0001441, -0.0002068, -0.00022, -0.00018590000000000002, -0.0001342, -0.0001342, -0.00020240000000000001, -0.0002244, -0.000176, -0.000132, -0.0001573, -0.0002079, -0.00022, -0.00017710000000000002, -0.0001441, -0.0001441, -0.0002101, -0.0002134, -0.00018920000000000002, -0.0001375, -0.0001496, -0.00020020000000000001, -0.0002167, -0.00018040000000000002, -0.0001441, -0.0001364, -0.00019910000000000001, -0.0002156, -0.00018260000000000002, -0.0001309, -0.0001397, -0.0002057, -0.0002178, -0.00018590000000000002, -0.0001375, -0.0001507, -0.00020130000000000001, -0.0002167, -0.00018590000000000002, -0.0001463, -0.0001518, -0.00020020000000000001, -0.0002255, -0.000165, -0.0001375, -0.0001485, -0.00020020000000000001, -0.0002255, -0.00018260000000000002, -0.0001364, -0.0001452, -0.00019250000000000002, -0.0002189, -0.00017930000000000002, -0.0001452, -0.0001529, -0.00020020000000000001, -0.0002156, -0.00018370000000000002, -0.000132, -0.0001507, -0.00019910000000000001, -0.0002189, -0.00018480000000000002, -0.0001298, -0.0001496, -0.00020130000000000001, -0.0002244, -0.00018480000000000002, -0.0001441, -0.0001562, -0.00019910000000000001, -0.0002233, -0.00018370000000000002, -0.0001386, -0.0001474, -0.00019910000000000001, -0.0002123, -0.00017820000000000002, -0.0001353, -0.0001408, -0.0002046, -0.00022, -0.00018920000000000002, -0.0001397, -0.000154, -0.0002057, -0.0002167, -0.00017710000000000002, -0.0001364, -0.000154, -0.00019580000000000002, -0.00022, -0.00018040000000000002, -0.000132, -0.000154, -0.00019800000000000002, -0.0002233, -0.0001716, -0.000143, -0.0001474, -0.00019800000000000002, -0.0002101, -0.00019030000000000002, -0.0001309, -0.000143, -0.0002068, -0.0002288, -0.00018920000000000002, -0.0001474, -0.0001573, -0.00019910000000000001, -0.0002222, -0.000176, -0.000143, -0.0001529, -0.00018700000000000002, -0.0002178, -0.00018260000000000002, -0.0001408, -0.0001463, -0.000209, -0.0002101, -0.00018370000000000002, -0.0001364, -0.0001463, -0.00019910000000000001, -0.0002112, -0.00018920000000000002, -0.0001408, -0.000132, -0.00019910000000000001, -0.0002233, -0.00018590000000000002, -0.000143, -0.0001474, -0.00019140000000000002, -0.0002112, -0.00018370000000000002, -0.0001342, -0.000154, -0.00019910000000000001, -0.0002178, -0.00018260000000000002, -0.0001243, -0.0001496, -0.00020240000000000001, -0.0002222, -0.000176, -0.0001408, -0.0001474, -0.0002035, -0.0002167, -0.00018260000000000002, -0.0001364, -0.0001584, -0.00019800000000000002, -0.0002134, -0.00018810000000000002, -0.000132, -0.0001496, -0.00020020000000000001, -0.0002167, -0.00018590000000000002, -0.000143, -0.0001518, -0.00019910000000000001, -0.0002288, -0.00017930000000000002, -0.0001309, -0.000165, -0.00019030000000000002, -0.00022, -0.000176, -0.0001474, -0.000154, -0.00020240000000000001, -0.0002211, -0.00018260000000000002, -0.0001386, -0.0001474, -0.0002112, -0.0002156, -0.00019250000000000002, -0.000132, -0.0001507, -0.0002112, -0.0002266, -0.00018480000000000002, -0.000143, -0.0001551, -0.00019690000000000002, -0.0002222, -0.00018150000000000002, -0.0001408, -0.0001485, -0.0002035, -0.0002167, -0.0001738, -0.0001342, -0.0001419, -0.00020130000000000001, -0.0002277, -0.00018370000000000002, -0.0001419, -0.0001496, -0.0002057, -0.0002244, -0.00017710000000000002, -0.0001309, -0.0001331, -0.00019470000000000002, -0.0002277, -0.00018370000000000002, -0.0001408, -0.000143, -0.0002068, -0.0002233, -0.0001727, -0.0001353, -0.000154, -0.0002079, -0.0002233, -0.00019030000000000002, -0.0001342, -0.0001474, -0.00019250000000000002, -0.0002222, -0.00017930000000000002, -0.0001309, -0.0001485, -0.00019690000000000002, -0.0002211, -0.00018260000000000002, -0.0001364, -0.0001485, -0.0002046, -0.00022, -0.00017930000000000002, -0.0001386, -0.0001551, -0.00020020000000000001, -0.0002211, -0.00018810000000000002, -0.0001397, -0.0001496, -0.00020130000000000001, -0.0002156, -0.0001749, -0.0001386, -0.0001463, -0.0002112, -0.0002255, -0.00018590000000000002, -0.000132, -0.0001551, -0.00020130000000000001, -0.0002134, -0.00018150000000000002, -0.0001298, -0.0001353, -0.00019690000000000002, -0.0002167, -0.00018590000000000002, -0.0001353, -0.0001419, -0.0002046, -0.0002112, -0.00018040000000000002, -0.0001419, -0.0001408, -0.0002035, -0.0002211, -0.00018370000000000002, -0.0001375, -0.0001529, -0.0002046, -0.0002156, -0.00018370000000000002, -0.0001353, -0.0001441, -0.00019910000000000001, -0.0002123, -0.00018260000000000002, -0.0001474, -0.0001507, -0.0002046, -0.0002211, -0.00018040000000000002, -0.0001265, -0.0001463, -0.00020020000000000001, -0.0002178, -0.00018370000000000002, -0.0001397, -0.0001573, -0.0002035, -0.0002189, -0.00018590000000000002, -0.0001364, -0.0001584, -0.0002046, -0.0002211, -0.00018810000000000002, -0.0001276, -0.000154, -0.0002035, -0.0002255, -0.00017710000000000002, -0.0001298, -0.0001507, -0.0002046, -0.0002189, -0.00018150000000000002, -0.0001386, -0.0001562, -0.0002068, -0.00022, -0.00018590000000000002, -0.0001353, -0.0001507, -0.0002046, -0.0002255, -0.000176, -0.0001353, -0.0001419, -0.0002068, -0.0002299, -0.00018810000000000002, -0.0001375, -0.000154, -0.0002057, -0.0002178, -0.00018150000000000002, -0.000143, -0.0001551, -0.0002046, -0.0002079, -0.00017710000000000002, -0.0001397, -0.0001551, -0.0002079, -0.0002178, -0.00018920000000000002, -0.0001375, -0.0001408, -0.00019580000000000002, -0.0002233, -0.00018370000000000002, -0.0001386, -0.0001474, -0.0002057, -0.0002079, -0.00018920000000000002, -0.0001386, -0.0001551, -0.00020130000000000001, -0.0002178, -0.00018480000000000002, -0.0001386, -0.0001485, -0.00019470000000000002, -0.0002156, -0.00018590000000000002, -0.0001353, -0.0001485, -0.000209]","[0.0009174000000000001, 0.0005962000000000001, 0.0002926, 0.0004422, 0.000825, 0.0009075, 0.0005995, 0.000286, 0.00043010000000000005, 0.0008261000000000001, 0.000902, 0.0005918000000000001, 0.00029150000000000004, 0.00043670000000000004, 0.0008173000000000001, 0.0009042000000000001, 0.0005929, 0.0002948, 0.00043670000000000004, 0.0008228, 0.0009064, 0.0005896, 0.000297, 0.00044550000000000004, 0.0008162, 0.0009009, 0.000594, 0.0002816, 0.00043010000000000005, 0.0008217000000000001, 0.0009031, 0.0005951, 0.00028710000000000004, 0.00044330000000000004, 0.0008129000000000001, 0.0008954000000000001, 0.0005885, 0.00029810000000000004, 0.00043670000000000004, 0.0008162, 0.0009075, 0.000594, 0.0002948, 0.0004334, 0.0008162, 0.0009141, 0.0005951, 0.00028930000000000004, 0.00044, 0.0008217000000000001, 0.0009152, 0.0005929, 0.00028930000000000004, 0.000429, 0.0008173000000000001, 0.000902, 0.0006061, 0.00030030000000000004, 0.0004378, 0.0008162, 0.0009097, 0.0006039, 0.00029590000000000004, 0.0004356, 0.0008173000000000001, 0.0009009, 0.0005929, 0.0002926, 0.0004444, 0.0008206, 0.0009108, 0.0005852, 0.0002882, 0.00044550000000000004, 0.0008173000000000001, 0.000902, 0.0005929, 0.00029150000000000004, 0.00044, 0.0008206, 0.0009031, 0.0005896, 0.000286, 0.00044110000000000004, 0.0008228, 0.0009042000000000001, 0.0005896, 0.00028490000000000004, 0.000429, 0.0008228, 0.0009042000000000001, 0.0005984, 0.00028490000000000004, 0.00044, 0.0008239, 0.0009009, 0.0005951, 0.00029150000000000004, 0.00043450000000000004, 0.0008283, 0.0009097, 0.0005841, 0.0002948, 0.0004356, 0.0008173000000000001, 0.0009009, 0.0005896, 0.0002948, 0.00044770000000000004, 0.0008294, 0.0009009, 0.0005896, 0.00028710000000000004, 0.0004444, 0.0008261000000000001, 0.0008954000000000001, 0.0005896, 0.00028270000000000004, 0.0004466, 0.0008151, 0.0009086000000000001, 0.0005907, 0.00028270000000000004, 0.0004356, 0.000825, 0.0009119, 0.0005874000000000001, 0.00029150000000000004, 0.00043450000000000004, 0.0008305000000000001, 0.0009086000000000001, 0.0005841, 0.0002904, 0.0004444, 0.0008195, 0.0009075, 0.000594, 0.00029150000000000004, 0.0004378, 0.0008272, 0.0009064, 0.0005951, 0.00029590000000000004, 0.00044330000000000004, 0.0008195, 0.0009053, 0.0005874000000000001, 0.00029370000000000004, 0.00043450000000000004, 0.000825, 0.0009031, 0.0005830000000000001, 0.00030030000000000004, 0.00044550000000000004, 0.0008162, 0.0009108, 0.0005885, 0.000297, 0.0004378, 0.0008107, 0.0008976, 0.0005995, 0.00029590000000000004, 0.00044110000000000004, 0.0008162, 0.0009108, 0.0005863, 0.0002794, 0.0004422, 0.0008272, 0.0009141, 0.0005951, 0.000297, 0.0004378, 0.0008261000000000001, 0.0009075, 0.0005841, 0.0002948, 0.0004444, 0.0008217000000000001, 0.0009075, 0.0005929, 0.00028710000000000004, 0.00043450000000000004, 0.0008294, 0.0009108, 0.0005863, 0.00029590000000000004, 0.0004378, 0.0008206, 0.000902, 0.0005907, 0.0002816, 0.00044, 0.000825, 0.0009042000000000001, 0.0005918000000000001, 0.00029370000000000004, 0.0004444, 0.0008228, 0.0009009, 0.0005973, 0.000286, 0.00043450000000000004, 0.0008294, 0.0009009, 0.0005830000000000001, 0.0002882, 0.00043890000000000004, 0.0008184, 0.0009119, 0.0005874000000000001, 0.00028490000000000004, 0.00044, 0.0008228, 0.0008910000000000001, 0.0005852, 0.000286, 0.0004378, 0.0008261000000000001, 0.0009009, 0.0005929, 0.0002992, 0.0004334, 0.0008228, 0.000902, 0.0005929, 0.00028490000000000004, 0.00044550000000000004, 0.0008096000000000001, 0.0009108, 0.0005918000000000001, 0.000297, 0.00043010000000000005, 0.0008327, 0.0009031, 0.0005852, 0.00029370000000000004, 0.0004356, 0.0008173000000000001, 0.0008998000000000001, 0.000594, 0.0002816, 0.00043670000000000004, 0.0008228, 0.0009130000000000001, 0.0005973, 0.00028930000000000004, 0.00045430000000000004, 0.0008118, 0.0009119, 0.000594, 0.0002904, 0.0004422, 0.000825, 0.0009086000000000001, 0.0006039, 0.0002904, 0.00043890000000000004, 0.000825, 0.000902, 0.0005896, 0.00028930000000000004, 0.00043670000000000004, 0.0008305000000000001, 0.0009097, 0.0005984, 0.00028490000000000004, 0.00044550000000000004, 0.0008338, 0.0008998000000000001, 0.0005885, 0.00029150000000000004, 0.00044110000000000004, 0.0008206, 0.0009086000000000001, 0.0005929, 0.0002904, 0.0004554, 0.0008228, 0.0009064, 0.0005819, 0.00029370000000000004, 0.00045430000000000004, 0.0008261000000000001, 0.0009042000000000001, 0.0005918000000000001, 0.00029370000000000004, 0.00044110000000000004, 0.000825, 0.000902, 0.0005918000000000001, 0.0002948, 0.000451, 0.0008228, 0.0009031, 0.0005885, 0.00028710000000000004, 0.0004488, 0.0008239, 0.0009009, 0.0005896, 0.0002904, 0.0004378, 0.0008129000000000001, 0.0009141, 0.0005973, 0.000297, 0.0004488, 0.0008206, 0.0009174000000000001, 0.0005874000000000001, 0.00029150000000000004, 0.00044990000000000004, 0.0008239, 0.0009031, 0.0005929, 0.00028710000000000004, 0.0004378, 0.0008239, 0.0009053, 0.0005907, 0.00029150000000000004, 0.00044110000000000004, 0.000814, 0.0008998000000000001, 0.0005962000000000001, 0.0002882, 0.0004378, 0.0008349000000000001, 0.0009053, 0.0005874000000000001, 0.0002926, 0.0004356, 0.0008217000000000001, 0.0009053, 0.0005896, 0.0002772, 0.0004488, 0.0008349000000000001, 0.0009009, 0.0005995, 0.00029810000000000004, 0.00044, 0.000825, 0.0009185, 0.0005852, 0.00030030000000000004, 0.00044, 0.0008195, 0.000902, 0.0005797, 0.0002904, 0.0004356, 0.0008239, 0.0008998000000000001, 0.0005852, 0.00029590000000000004, 0.0004422, 0.0008173000000000001, 0.0008943, 0.0005819, 0.00028710000000000004, 0.0004422, 0.0008184, 0.0009108, 0.0005907, 0.0002816, 0.0004466, 0.0008239, 0.0009086000000000001, 0.0005874000000000001, 0.00029810000000000004, 0.0004444, 0.0008206, 0.0009086000000000001, 0.0005874000000000001, 0.0002816, 0.00045210000000000004, 0.0008283, 0.0008954000000000001, 0.0005852, 0.000286, 0.0004422, 0.0008261000000000001, 0.0008965, 0.0005896, 0.00029370000000000004, 0.00044110000000000004, 0.0008184, 0.0009031, 0.0005874000000000001, 0.000286, 0.0004466, 0.0008283, 0.0009042000000000001, 0.0005830000000000001, 0.00030690000000000003, 0.00043890000000000004, 0.0008173000000000001, 0.0009075, 0.0005918000000000001, 0.0002816, 0.000451, 0.0008184, 0.0009108, 0.000594, 0.00028930000000000004, 0.00044550000000000004, 0.000825, 0.0008976, 0.0005907, 0.00028710000000000004, 0.00044110000000000004, 0.0008316, 0.0009108, 0.0005962000000000001, 0.0002926, 0.0004422, 0.0008272, 0.0009042000000000001, 0.0005962000000000001, 0.00029150000000000004, 0.0004378, 0.0008217000000000001, 0.0009108, 0.0005929, 0.0002816, 0.0004466, 0.0008184, 0.0008965, 0.000594, 0.00028710000000000004, 0.000451, 0.0008305000000000001, 0.0008987, 0.0005808, 0.00029150000000000004, 0.00044770000000000004, 0.0008228, 0.0009097, 0.0005885, 0.0002904, 0.00043450000000000004, 0.0008272, 0.0009075, 0.0005841, 0.00028490000000000004, 0.00044990000000000004, 0.0008272, 0.0008954000000000001, 0.0005896, 0.00028930000000000004, 0.00045430000000000004, 0.0008261000000000001, 0.0008998000000000001, 0.0005830000000000001, 0.00030030000000000004, 0.00045210000000000004, 0.000825, 0.0009031, 0.0005962000000000001, 0.000286, 0.0004488, 0.0008349000000000001, 0.0008976, 0.0005797, 0.0002948, 0.0004532, 0.0008327, 0.0008910000000000001, 0.0005819, 0.00029150000000000004, 0.00044330000000000004, 0.0008316, 0.0009042000000000001, 0.0005984, 0.0002882, 0.0004488, 0.0008272, 0.0008932, 0.0005874000000000001, 0.0002904, 0.0004466, 0.0008184, 0.0009108, 0.0005841, 0.000286, 0.00045430000000000004, 0.0008217000000000001, 0.0008998000000000001, 0.0005874000000000001, 0.000297, 0.00044550000000000004, 0.0008294, 0.0009185, 0.0005852, 0.0002816, 0.0004488, 0.000825]",-19
17,"[6.38e-05, -5.5e-06, -3.3e-06, 5.61e-05, 8.8e-05, 5.61e-05, -6.6e-06, 4.4e-06, 4.8400000000000004e-05, 8.69e-05, 5.72e-05, 3.3e-06, -4.4e-06, 5.39e-05, 7.92e-05, 5.39e-05, -2.2e-06, 3.3e-06, 6.38e-05, 8.03e-05, 4.29e-05, -3.3e-06, -4.4e-06, 5.5e-05, 8.14e-05, 5.5e-05, 0.0, 0.0, 5.83e-05, 7.81e-05, 4.7300000000000005e-05, -4.4e-06, -6.6e-06, 4.9500000000000004e-05, 8.14e-05, 4.9500000000000004e-05, 6.6e-06, -2.2e-06, 5.28e-05, 7.59e-05, 4.9500000000000004e-05, -6.6e-06, 7.7e-06, 5.94e-05, 7.26e-05, 3.74e-05, -6.6e-06, 4.4e-06, 5.28e-05, 8.8e-05, 5.94e-05, -1.65e-05, 1.1e-06, 5.39e-05, 9.130000000000001e-05, 4.6200000000000005e-05, -1.2100000000000001e-05, 4.4e-06, 6.16e-05, 7.48e-05, 5.5e-05, -3.3e-06, -7.7e-06, 4.8400000000000004e-05, 8.47e-05, 5.5e-05, 6.6e-06, 1.1e-06, 6.05e-05, 7.92e-05, 4.8400000000000004e-05, 3.3e-06, 2.2e-06, 5.83e-05, 8.03e-05, 5.28e-05, -9.9e-06, 0.0, 5.61e-05, 8.36e-05, 3.96e-05, 3.3e-06, 1.54e-05, 5.72e-05, 7.48e-05, 5.0600000000000003e-05, -3.3e-06, 4.4e-06, 4.8400000000000004e-05, 8.25e-05, 5.5e-05, -2.2e-06, 6.6e-06, 5.83e-05, 8.03e-05, 4.8400000000000004e-05, 2.2e-06, -5.5e-06, 5.28e-05, 8.14e-05, 4.4e-05, 0.0, -5.5e-06, 5.61e-05, 7.7e-05, 5.28e-05, -5.5e-06, 4.4e-06, 5.17e-05, 8.14e-05, 5.28e-05, -1.2100000000000001e-05, -2.2e-06, 5.94e-05, 6.93e-05, 4.8400000000000004e-05, -2.2e-06, -4.4e-06, 5.5e-05, 8.14e-05, 5.17e-05, 2.2e-06, 6.6e-06, 4.6200000000000005e-05, 9.020000000000001e-05, 4.8400000000000004e-05, 1.1e-06, -1.1e-06, 4.7300000000000005e-05, 7.81e-05, 4.7300000000000005e-05, -4.4e-06, 5.5e-06, 5.0600000000000003e-05, 8.910000000000001e-05, 5.39e-05, -4.4e-06, -5.5e-06, 5.28e-05, 8.25e-05, 6.05e-05, 3.3e-06, 3.3e-06, 5.61e-05, 7.04e-05, 4.7300000000000005e-05, -5.5e-06, 1.1e-06, 4.7300000000000005e-05, 8.03e-05, 4.9500000000000004e-05, 3.3e-06, 3.3e-06, 5.5e-05, 8.910000000000001e-05, 4.6200000000000005e-05, -4.4e-06, -1.1e-06, 6.6e-05, 8.69e-05, 5.72e-05, -8.8e-06, 2.2e-06, 5.72e-05, 7.7e-05, 4.4e-05, 4.4e-06, 6.6e-06, 5.17e-05, 9.350000000000001e-05, 4.5100000000000005e-05, 6.6e-06, 8.8e-06, 5.94e-05, 8.03e-05, 4.9500000000000004e-05, -2.2e-06, 8.8e-06, 5.5e-05, 8.03e-05, 5.72e-05, -6.6e-06, 0.0, 5.72e-05, 9.350000000000001e-05, 4.8400000000000004e-05, 5.5e-06, 1.2100000000000001e-05, 5.0600000000000003e-05, 8.03e-05, 3.85e-05, 1.1e-06, 4.4e-06, 4.8400000000000004e-05, 7.81e-05, 5.72e-05, -4.4e-06, -4.4e-06, 5.61e-05, 8.58e-05, 4.5100000000000005e-05, 0.0, 6.6e-06, 6.71e-05, 0.00010010000000000001, 4.5100000000000005e-05, -8.8e-06, -4.4e-06, 5.5e-05, 8.58e-05, 5.0600000000000003e-05, 0.0, 5.5e-06, 5.83e-05, 8.8e-05, 5.0600000000000003e-05, 6.6e-06, -2.2e-06, 4.7300000000000005e-05, 7.04e-05, 4.6200000000000005e-05, 4.4e-06, 0.0, 6.05e-05, 8.47e-05, 4.4e-05, -4.4e-06, -1.1e-06, 5.83e-05, 9.350000000000001e-05, 3.85e-05, -1.1e-06, -2.2e-06, 5.17e-05, 7.92e-05, 4.8400000000000004e-05, -6.6e-06, 1.1e-05, 5.94e-05, 7.7e-05, 4.6200000000000005e-05, 0.0, 1.1e-05, 4.8400000000000004e-05, 7.15e-05, 5.0600000000000003e-05, -6.6e-06, 8.8e-06, 4.7300000000000005e-05, 7.7e-05, 4.7300000000000005e-05, 0.0, 3.3e-06, 5.61e-05, 8.69e-05, 5.5e-05, -4.4e-06, 2.2e-06, 5.39e-05, 7.48e-05, 4.6200000000000005e-05, 0.0, -1.1e-06, 4.9500000000000004e-05, 8.69e-05, 5.39e-05, 0.0, -6.6e-06, 5.17e-05, 7.15e-05, 4.8400000000000004e-05, -1.1e-06, -5.5e-06, 5.83e-05, 7.7e-05, 5.17e-05, 1.1e-06, 1.1e-06, 5.0600000000000003e-05, 8.36e-05, 5.0600000000000003e-05, 1.1e-06, -6.6e-06, 5.28e-05, 6.93e-05, 5.28e-05, -3.3e-06, -5.5e-06, 5.17e-05, 8.36e-05, 4.8400000000000004e-05, -1.1e-06, 7.7e-06, 5.39e-05, 7.37e-05, 5.5e-05, -1.1e-06, -2.2e-06, 4.4e-05, 8.58e-05, 5.17e-05, -1.65e-05, 0.0, 4.8400000000000004e-05, 7.7e-05, 5.28e-05, -9.9e-06, 1.1e-06, 6.71e-05, 8.25e-05, 4.9500000000000004e-05, -8.8e-06, 2.2e-06, 5.5e-05, 8.14e-05, 4.7300000000000005e-05, -5.5e-06, -2.2e-06, 5.39e-05, 8.03e-05, 3.96e-05, 5.5e-06, 3.3e-06, 4.8400000000000004e-05, 7.81e-05, 4.7300000000000005e-05, -2.2e-06, -1.1e-06, 5.72e-05, 8.58e-05, 5.28e-05, -5.5e-06, 4.4e-06, 5.83e-05, 8.58e-05, 4.9500000000000004e-05, -6.6e-06, -2.2e-06, 6.27e-05, 8.910000000000001e-05, 4.8400000000000004e-05, -9.9e-06, -1.2100000000000001e-05, 5.28e-05, 7.7e-05, 4.7300000000000005e-05, 1.1e-06, 5.5e-06, 5.0600000000000003e-05, 7.7e-05, 5.39e-05, -3.3e-06, 2.2e-06, 5.39e-05, 8.03e-05, 4.07e-05, -1.1e-06, 9.9e-06, 5.72e-05, 8.36e-05, 4.07e-05, 5.5e-06, -2.2e-06, 5.61e-05, 8.58e-05, 5.17e-05, -3.3e-06, -6.6e-06, 6.16e-05, 7.48e-05, 5.28e-05, -3.3e-06, 1.1e-06, 5.17e-05, 7.59e-05, 4.29e-05, -1.43e-05, 5.5e-06, 5.83e-05, 8.03e-05, 5.17e-05, -6.6e-06, 3.3e-06, 5.0600000000000003e-05, 8.58e-05, 4.29e-05, 1.1e-06, -4.4e-06, 4.8400000000000004e-05, 7.7e-05, 4.8400000000000004e-05, 0.0, 0.0, 4.29e-05, 8.03e-05, 4.9500000000000004e-05, -4.4e-06, 1.32e-05, 4.9500000000000004e-05, 8.47e-05, 4.4e-05, -2.2e-06, 9.9e-06, 6.49e-05, 8.25e-05, 4.9500000000000004e-05, -1.1e-06, 7.7e-06, 5.17e-05, 8.36e-05, 4.6200000000000005e-05, 9.9e-06, 0.0, 6.16e-05, 8.03e-05, 5.17e-05, -3.3e-06, -1.1e-06, 5.83e-05, 8.25e-05, 4.9500000000000004e-05, -5.5e-06, 0.0, 5.39e-05, 7.48e-05, 4.18e-05, -4.4e-06, -6.6e-06, 5.72e-05, 7.37e-05, 4.18e-05, 3.3e-06, -1.1e-06, 4.6200000000000005e-05, 7.81e-05, 4.8400000000000004e-05, 3.3e-06, 4.4e-06, 4.7300000000000005e-05, 7.48e-05, 5.17e-05, -6.6e-06, 1.32e-05, 5.72e-05, 8.25e-05, 5.17e-05, -5.5e-06, -3.3e-06, 4.6200000000000005e-05, 8.58e-05, 4.8400000000000004e-05, -3.3e-06, 1.1e-06, 5.94e-05, 8.47e-05, 4.29e-05, -6.6e-06, 7.7e-06, 5.72e-05, 8.58e-05, 5.5e-05, -1.1e-06, 8.8e-06, 4.9500000000000004e-05, 7.37e-05, 4.7300000000000005e-05, 2.2e-06, 3.3e-06, 5.94e-05, 9.130000000000001e-05, 3.85e-05, -2.2e-06, 1.1e-06, 5.72e-05, 7.81e-05, 4.7300000000000005e-05, 0.0, 2.2e-06, 6.49e-05, 8.47e-05, 4.6200000000000005e-05, 8.8e-06, 4.4e-06, 6.05e-05, 7.7e-05, 4.07e-05, -1.1e-06, 3.3e-06, 6.16e-05, 9.240000000000001e-05, 5.28e-05, -2.2e-06, -1.1e-06, 6.49e-05, 8.03e-05, 5.17e-05, -1.1e-06, 0.0, 5.94e-05, 8.910000000000001e-05]","[-0.00018700000000000002, -0.0001342, -0.0001573, -0.00020020000000000001, -0.0002222, -0.00017710000000000002, -0.0001419, -0.0001507, -0.00020020000000000001, -0.0002332, -0.00017930000000000002, -0.0001485, -0.0001562, -0.0002068, -0.0002222, -0.00017820000000000002, -0.0001309, -0.0001507, -0.0002101, -0.0002277, -0.00018040000000000002, -0.0001397, -0.0001419, -0.0002068, -0.0002156, -0.00018480000000000002, -0.0001331, -0.0001408, -0.00020020000000000001, -0.0002211, -0.0001749, -0.0001353, -0.000154, -0.00019910000000000001, -0.0002156, -0.00017820000000000002, -0.0001309, -0.0001485, -0.0002123, -0.0002101, -0.00018480000000000002, -0.0001408, -0.000154, -0.00019910000000000001, -0.0002156, -0.00018370000000000002, -0.0001397, -0.0001474, -0.00020020000000000001, -0.0002167, -0.00019250000000000002, -0.0001309, -0.0001529, -0.00020020000000000001, -0.0002145, -0.00018260000000000002, -0.000132, -0.0001496, -0.00020020000000000001, -0.0002244, -0.00018040000000000002, -0.000143, -0.0001529, -0.00019800000000000002, -0.0002288, -0.00018370000000000002, -0.0001375, -0.0001529, -0.00019580000000000002, -0.0002134, -0.00018480000000000002, -0.0001298, -0.0001474, -0.00019910000000000001, -0.0002145, -0.0001727, -0.0001474, -0.0001507, -0.00020020000000000001, -0.0002233, -0.00018260000000000002, -0.0001331, -0.0001441, -0.0002057, -0.0002233, -0.00018370000000000002, -0.0001364, -0.0001496, -0.0002035, -0.00022, -0.00017930000000000002, -0.0001441, -0.0001485, -0.00020130000000000001, -0.0002189, -0.00018150000000000002, -0.0001364, -0.000154, -0.00019910000000000001, -0.0002189, -0.00018810000000000002, -0.000132, -0.0001496, -0.00019470000000000002, -0.0002222, -0.00017710000000000002, -0.0001342, -0.000143, -0.0002134, -0.0002222, -0.00017930000000000002, -0.0001353, -0.000154, -0.00019690000000000002, -0.0002233, -0.00019030000000000002, -0.0001276, -0.0001573, -0.0002101, -0.0002211, -0.00018590000000000002, -0.0001364, -0.0001529, -0.00019910000000000001, -0.0002222, -0.00018920000000000002, -0.0001386, -0.0001474, -0.0002046, -0.00022, -0.00018590000000000002, -0.000143, -0.0001496, -0.0002035, -0.0002178, -0.00018480000000000002, -0.0001364, -0.0001485, -0.00020240000000000001, -0.0002233, -0.00018040000000000002, -0.0001386, -0.0001562, -0.0002057, -0.0002244, -0.00017930000000000002, -0.0001254, -0.0001463, -0.00019580000000000002, -0.0002233, -0.00018150000000000002, -0.0001375, -0.0001485, -0.00020130000000000001, -0.0002244, -0.00018700000000000002, -0.0001309, -0.0001496, -0.00018920000000000002, -0.0002123, -0.00018920000000000002, -0.0001441, -0.0001551, -0.0002046, -0.0002156, -0.00017930000000000002, -0.0001287, -0.0001518, -0.0002079, -0.0002145, -0.00018480000000000002, -0.000132, -0.0001496, -0.0002046, -0.0002211, -0.00018040000000000002, -0.0001342, -0.000154, -0.0002079, -0.0002167, -0.00017710000000000002, -0.0001386, -0.0001562, -0.000209, -0.0002244, -0.00018040000000000002, -0.000132, -0.0001529, -0.00019690000000000002, -0.0002178, -0.0001705, -0.0001364, -0.0001408, -0.0002068, -0.0002167, -0.00017930000000000002, -0.0001298, -0.000143, -0.00020130000000000001, -0.0002178, -0.0001727, -0.0001331, -0.0001551, -0.0002068, -0.0002145, -0.00017930000000000002, -0.000132, -0.0001408, -0.00020130000000000001, -0.0002167, -0.0001705, -0.0001375, -0.0001474, -0.00019910000000000001, -0.0002244, -0.00018480000000000002, -0.0001254, -0.0001419, -0.00020130000000000001, -0.0002178, -0.00018810000000000002, -0.0001375, -0.000154, -0.00019910000000000001, -0.0002233, -0.00017930000000000002, -0.0001419, -0.0001441, -0.0002079, -0.0002211, -0.0001716, -0.0001386, -0.0001441, -0.0002057, -0.0002288, -0.00017820000000000002, -0.0001265, -0.0001408, -0.0002035, -0.0002134, -0.0001749, -0.0001397, -0.0001452, -0.00019360000000000002, -0.00022, -0.00017820000000000002, -0.0001408, -0.0001452, -0.0002101, -0.0002079, -0.00018810000000000002, -0.0001386, -0.0001507, -0.0002101, -0.0002178, -0.0001705, -0.0001474, -0.0001507, -0.00019690000000000002, -0.0002244, -0.00018040000000000002, -0.000132, -0.0001463, -0.0002068, -0.00022, -0.00017930000000000002, -0.0001364, -0.0001529, -0.00018920000000000002, -0.0002211, -0.00018040000000000002, -0.0001287, -0.0001474, -0.00020020000000000001, -0.0002233, -0.00018590000000000002, -0.0001386, -0.000143, -0.0002046, -0.0002233, -0.0001727, -0.0001298, -0.0001485, -0.0002123, -0.0002211, -0.00018040000000000002, -0.0001276, -0.0001584, -0.0002046, -0.0002134, -0.00018810000000000002, -0.0001342, -0.0001474, -0.00019800000000000002, -0.0002255, -0.00018370000000000002, -0.0001386, -0.0001463, -0.00019580000000000002, -0.0002134, -0.00018480000000000002, -0.0001463, -0.0001507, -0.0002046, -0.0002233, -0.00019580000000000002, -0.0001375, -0.0001397, -0.00019910000000000001, -0.0002189, -0.00018700000000000002, -0.0001419, -0.0001496, -0.00020130000000000001, -0.0002233, -0.0001683, -0.0001408, -0.000143, -0.0002046, -0.0002123, -0.00018590000000000002, -0.0001419, -0.0001485, -0.00020130000000000001, -0.0002288, -0.00018150000000000002, -0.0001309, -0.0001518, -0.0002046, -0.00022, -0.00018590000000000002, -0.0001276, -0.0001584, -0.00020240000000000001, -0.0002167, -0.0001738, -0.0001408, -0.0001408, -0.00019800000000000002, -0.0002189, -0.00018590000000000002, -0.0001386, -0.0001485, -0.00020020000000000001, -0.00022, -0.00017930000000000002, -0.0001441, -0.0001474, -0.00019910000000000001, -0.0002321, -0.00017930000000000002, -0.0001452, -0.0001441, -0.00020240000000000001, -0.0002189, -0.00017710000000000002, -0.0001353, -0.0001529, -0.00020020000000000001, -0.0002167, -0.0001727, -0.000143, -0.000154, -0.0002057, -0.0002222, -0.00018260000000000002, -0.0001386, -0.0001529, -0.00020130000000000001, -0.0002277, -0.00018590000000000002, -0.0001364, -0.0001496, -0.0002046, -0.0002134, -0.00017710000000000002, -0.0001342, -0.0001474, -0.00019580000000000002, -0.0002178, -0.00017820000000000002, -0.0001309, -0.0001551, -0.00019800000000000002, -0.00022, -0.00018370000000000002, -0.0001375, -0.0001441, -0.0002068, -0.00022, -0.00018040000000000002, -0.0001353, -0.0001485, -0.000209, -0.0002178, -0.00018150000000000002, -0.0001375, -0.0001529, -0.00019580000000000002, -0.0002365, -0.00018590000000000002, -0.0001331, -0.0001507, -0.0002035, -0.0002167, -0.00018040000000000002, -0.000132, -0.0001485, -0.00020240000000000001, -0.0002266, -0.00018040000000000002, -0.0001342, -0.0001452, -0.00019580000000000002, -0.0002288, -0.00017930000000000002, -0.0001342, -0.0001507, -0.0002035, -0.0002244, -0.00018370000000000002, -0.0001375, -0.0001551, -0.0002046, -0.0002156, -0.00018260000000000002, -0.0001309, -0.0001397, -0.00019800000000000002, -0.0002255, -0.00018150000000000002, -0.0001342, -0.0001551, -0.00020130000000000001, -0.0002134, -0.000176, -0.0001331, -0.0001595, -0.00019800000000000002, -0.0002123, -0.00018150000000000002, -0.000132, -0.0001496, -0.0002178, -0.0002101, -0.00017930000000000002, -0.0001408, -0.000154, -0.0002057, -0.0002134, -0.00018150000000000002, -0.0001342, -0.0001606, -0.00019580000000000002, -0.0002266, -0.00017930000000000002, -0.0001309, -0.0001562, -0.00020020000000000001, -0.0002134, -0.00017710000000000002, -0.000143, -0.0001518, -0.00019800000000000002, -0.0002156, -0.00018480000000000002, -0.000132, -0.0001474, -0.0002057, -0.000209, -0.00017710000000000002, -0.0001386, -0.0001562, -0.00019470000000000002, -0.0002167, -0.0001749, -0.0001265, -0.0001397, -0.00019800000000000002, -0.0002134, -0.000176, -0.0001276, -0.0001496, -0.00019690000000000002, -0.0002277, -0.00017930000000000002, -0.0001364, -0.0001496, -0.0002046, -0.0002266, -0.00019140000000000002, -0.0001331, -0.0001529, -0.0002046, -0.00022, -0.00017710000000000002, -0.0001199, -0.0001485, -0.0002046, -0.0002123]","[0.0005753, 0.00029370000000000004, 0.00045870000000000004, 0.0008327, 0.0008910000000000001, 0.0005808, 0.000286, 0.00045430000000000004, 0.000825, 0.0009009, 0.0005775, 0.00028490000000000004, 0.0004576, 0.0008349000000000001, 0.0008987, 0.0005764, 0.00030250000000000003, 0.0004466, 0.0008305000000000001, 0.0009053, 0.0005764, 0.00029810000000000004, 0.0004576, 0.000814, 0.0008943, 0.000572, 0.0002926, 0.00046310000000000004, 0.0008338, 0.0008888, 0.0005841, 0.000286, 0.0004422, 0.0008327, 0.0008932, 0.0005676, 0.0002794, 0.00044330000000000004, 0.0008349000000000001, 0.0009053, 0.0005819, 0.0002794, 0.0004532, 0.0008283, 0.0008954000000000001, 0.0005775, 0.000297, 0.00045430000000000004, 0.0008261000000000001, 0.0008965, 0.0005731, 0.0002904, 0.0004444, 0.0008338, 0.0008965, 0.0005676, 0.00029810000000000004, 0.00044550000000000004, 0.0008283, 0.0009086000000000001, 0.0005753, 0.0002926, 0.0004554, 0.0008327, 0.0008921000000000001, 0.0005819, 0.0002838, 0.00044770000000000004, 0.0008327, 0.0008932, 0.0005742000000000001, 0.0002783, 0.00044550000000000004, 0.0008349000000000001, 0.0009009, 0.0005731, 0.0002805, 0.00046530000000000003, 0.0008316, 0.000902, 0.0005786000000000001, 0.000286, 0.00044330000000000004, 0.000836, 0.0008965, 0.0005753, 0.0002805, 0.0004554, 0.0008261000000000001, 0.0008954000000000001, 0.0005753, 0.00028490000000000004, 0.00045650000000000004, 0.0008283, 0.0009042000000000001, 0.0005665000000000001, 0.0002882, 0.00046090000000000004, 0.0008327, 0.0009031, 0.0005698000000000001, 0.00028270000000000004, 0.000451, 0.0008195, 0.0008954000000000001, 0.0005731, 0.00028930000000000004, 0.0004532, 0.0008294, 0.0008976, 0.0005742000000000001, 0.0002882, 0.00046310000000000004, 0.000836, 0.0009031, 0.0005830000000000001, 0.00029590000000000004, 0.0004598, 0.000836, 0.0008987, 0.0005764, 0.00028710000000000004, 0.00045870000000000004, 0.0008305000000000001, 0.0008877000000000001, 0.0005874000000000001, 0.00029370000000000004, 0.0004664, 0.0008261000000000001, 0.0008965, 0.000572, 0.00028270000000000004, 0.00045210000000000004, 0.0008327, 0.0008921000000000001, 0.0005676, 0.00028710000000000004, 0.0004554, 0.0008316, 0.0008855, 0.0005731, 0.00030250000000000003, 0.0004576, 0.0008316, 0.0008954000000000001, 0.0005885, 0.0002772, 0.0004576, 0.0008294, 0.0008987, 0.0005731, 0.0002882, 0.00046530000000000003, 0.0008349000000000001, 0.0009053, 0.0005676, 0.00028710000000000004, 0.000451, 0.0008371, 0.0008987, 0.0005731, 0.0002805, 0.00045650000000000004, 0.0008239, 0.0008976, 0.0005665000000000001, 0.000286, 0.00045210000000000004, 0.0008415, 0.0008833000000000001, 0.0005808, 0.00028270000000000004, 0.00045430000000000004, 0.0008272, 0.0009108, 0.0005764, 0.00028710000000000004, 0.00044770000000000004, 0.0008371, 0.0008965, 0.0005709, 0.00029150000000000004, 0.0004686, 0.0008327, 0.0008888, 0.0005775, 0.0002772, 0.0004532, 0.0008393000000000001, 0.0008932, 0.0005632, 0.000286, 0.00045870000000000004, 0.000836, 0.0008910000000000001, 0.0005786000000000001, 0.000286, 0.0004554, 0.0008294, 0.0008932, 0.0005753, 0.0002838, 0.0004598, 0.0008305000000000001, 0.0008998000000000001, 0.0005753, 0.0002783, 0.00045210000000000004, 0.0008305000000000001, 0.0008965, 0.0005753, 0.00028490000000000004, 0.0004576, 0.0008283, 0.0008932, 0.0005753, 0.0002904, 0.0004598, 0.0008294, 0.0008976, 0.0005731, 0.0002794, 0.0004554, 0.0008305000000000001, 0.0008954000000000001, 0.0005874000000000001, 0.000286, 0.0004642, 0.000836, 0.0008976, 0.0005709, 0.0002904, 0.00045430000000000004, 0.0008349000000000001, 0.0008877000000000001, 0.0005643, 0.000286, 0.00044990000000000004, 0.0008261000000000001, 0.0008910000000000001, 0.0005753, 0.00028270000000000004, 0.000462, 0.0008305000000000001, 0.0008910000000000001, 0.0005632, 0.0002882, 0.000462, 0.0008382, 0.0008877000000000001, 0.0005753, 0.0002904, 0.00045650000000000004, 0.0008404, 0.0008965, 0.000561, 0.0002882, 0.0004554, 0.000836, 0.0008877000000000001, 0.0005687, 0.00028930000000000004, 0.00045650000000000004, 0.0008459, 0.000902, 0.0005742000000000001, 0.00028710000000000004, 0.00045430000000000004, 0.000836, 0.0008921000000000001, 0.0005731, 0.00028710000000000004, 0.0004554, 0.000836, 0.0008855, 0.0005808, 0.00028490000000000004, 0.00046090000000000004, 0.0008338, 0.0008987, 0.0005687, 0.0002838, 0.00046090000000000004, 0.0008371, 0.0008965, 0.0005698000000000001, 0.00029150000000000004, 0.00044550000000000004, 0.0008404, 0.0008899, 0.000572, 0.00028930000000000004, 0.00046090000000000004, 0.0008305000000000001, 0.0009086000000000001, 0.000572, 0.0002904, 0.0004576, 0.0008327, 0.0008998000000000001, 0.0005621000000000001, 0.00028930000000000004, 0.0004598, 0.0008382, 0.0008976, 0.0005687, 0.0002783, 0.0004576, 0.0008371, 0.0008954000000000001, 0.0005654000000000001, 0.000286, 0.00046090000000000004, 0.0008404, 0.0008932, 0.0005632, 0.00029590000000000004, 0.000451, 0.0008305000000000001, 0.0008987, 0.000572, 0.0002772, 0.0004708, 0.0008349000000000001, 0.0008954000000000001, 0.0005654000000000001, 0.0002926, 0.00046090000000000004, 0.0008305000000000001, 0.0009064, 0.0005786000000000001, 0.00028710000000000004, 0.00045650000000000004, 0.0008294, 0.0008987, 0.0005643, 0.000297, 0.00044330000000000004, 0.000825, 0.0008965, 0.0005676, 0.0002948, 0.00045870000000000004, 0.000836, 0.0008943, 0.0005654000000000001, 0.000286, 0.00045650000000000004, 0.0008470000000000001, 0.0008954000000000001, 0.0005775, 0.00028930000000000004, 0.00044770000000000004, 0.0008338, 0.000902, 0.0005808, 0.00029150000000000004, 0.00045650000000000004, 0.0008415, 0.0008987, 0.0005687, 0.0002882, 0.00045650000000000004, 0.0008404, 0.0008943, 0.0005786000000000001, 0.00028270000000000004, 0.0004576, 0.0008349000000000001, 0.0008910000000000001, 0.0005665000000000001, 0.00028930000000000004, 0.00045210000000000004, 0.0008437000000000001, 0.0008943, 0.000572, 0.00029150000000000004, 0.00046310000000000004, 0.0008283, 0.0008954000000000001, 0.000572, 0.0002904, 0.0004554, 0.0008371, 0.0008954000000000001, 0.0005676, 0.0002904, 0.00045870000000000004, 0.0008382, 0.0008998000000000001, 0.000572, 0.00028270000000000004, 0.00045650000000000004, 0.0008305000000000001, 0.0009009, 0.0005676, 0.0002882, 0.00045650000000000004, 0.0008349000000000001, 0.0008987, 0.0005731, 0.00028270000000000004, 0.000462, 0.0008448, 0.0008943, 0.0005632, 0.000297, 0.0004642, 0.0008272, 0.0008987, 0.0005665000000000001, 0.0002948, 0.00045870000000000004, 0.0008294, 0.0008954000000000001, 0.0005621000000000001, 0.0002794, 0.00045870000000000004, 0.0008338, 0.0009031, 0.0005588, 0.0002838, 0.0004642, 0.0008437000000000001, 0.0008921000000000001, 0.0005687, 0.00028710000000000004, 0.00047190000000000003, 0.0008426, 0.0008954000000000001, 0.0005709, 0.00028710000000000004, 0.00044990000000000004, 0.0008338, 0.0008954000000000001, 0.0005676, 0.0002838, 0.00046310000000000004, 0.0008371, 0.0008965, 0.0005764, 0.0002816, 0.00045650000000000004, 0.0008382, 0.0008888, 0.0005786000000000001, 0.0002838, 0.00046310000000000004, 0.0008283, 0.0008987, 0.0005709, 0.0002838, 0.0004576, 0.0008371, 0.0009031, 0.0005731, 0.0002882, 0.00045650000000000004, 0.0008415, 0.0009009, 0.000572, 0.0002904, 0.00046090000000000004, 0.0008404, 0.000902, 0.0005632, 0.00028710000000000004, 0.00045870000000000004, 0.000836, 0.0008965, 0.0005621000000000001, 0.0002739, 0.00046750000000000003, 0.0008327, 0.0008943, 0.0005643, 0.0002926, 0.0004576, 0.0008305000000000001, 0.0008954000000000001, 0.0005676, 0.00028710000000000004, 0.0004708, 0.0008316, 0.0008954000000000001, 0.0005775, 0.00028710000000000004, 0.0004488, 0.0008294, 0.0008932, 0.0005676, 0.0002761, 0.0004686, 0.0008349000000000001, 0.0008965, 0.0005687, 0.0002838, 0.00046310000000000004, 0.0008283, 0.0008932]",-18
18,"[7.37e-05, 4.7300000000000005e-05, -5.5e-06, -1.1e-06, 5.28e-05, 7.81e-05, 4.18e-05, -6.6e-06, -9.9e-06, 5.72e-05, 7.7e-05, 3.63e-05, -9.9e-06, 2.2e-06, 4.6200000000000005e-05, 7.81e-05, 3.85e-05, -9.9e-06, 1.1e-06, 5.5e-05, 7.48e-05, 4.18e-05, -5.5e-06, 2.2e-06, 5.0600000000000003e-05, 7.59e-05, 3.85e-05, -1.2100000000000001e-05, -4.4e-06, 5.17e-05, 7.37e-05, 4.4e-05, -7.7e-06, -5.5e-06, 4.9500000000000004e-05, 7.48e-05, 4.6200000000000005e-05, -6.6e-06, 0.0, 4.29e-05, 7.04e-05, 3.74e-05, -1.32e-05, -7.7e-06, 4.5100000000000005e-05, 7.7e-05, 4.07e-05, -4.4e-06, 8.8e-06, 4.9500000000000004e-05, 7.59e-05, 4.29e-05, -1.2100000000000001e-05, 4.4e-06, 5.5e-05, 8.03e-05, 2.97e-05, -2.2e-06, -3.3e-06, 4.4e-05, 7.15e-05, 3.96e-05, -8.8e-06, 1.1e-06, 4.8400000000000004e-05, 7.15e-05, 4.4e-05, -1.1e-05, 1.1e-06, 4.8400000000000004e-05, 8.69e-05, 4.6200000000000005e-05, -2.2e-06, -4.4e-06, 5.0600000000000003e-05, 7.37e-05, 4.29e-05, -1.98e-05, -8.8e-06, 5.17e-05, 6.93e-05, 4.6200000000000005e-05, -1.54e-05, 1.1e-06, 4.9500000000000004e-05, 6.49e-05, 3.85e-05, 2.2e-06, -6.6e-06, 5.5e-05, 7.81e-05, 4.7300000000000005e-05, -8.8e-06, 4.4e-06, 5.28e-05, 6.93e-05, 3.85e-05, -5.5e-06, -3.3e-06, 5.72e-05, 7.59e-05, 4.29e-05, -6.6e-06, 1.1e-06, 5.28e-05, 7.81e-05, 4.18e-05, -3.3e-06, -5.5e-06, 4.9500000000000004e-05, 7.81e-05, 3.96e-05, -7.7e-06, -6.6e-06, 5.39e-05, 7.37e-05, 4.5100000000000005e-05, 2.2e-06, -1.32e-05, 5.28e-05, 6.38e-05, 3.63e-05, -1.76e-05, 3.3e-06, 5.17e-05, 6.82e-05, 3.41e-05, -6.6e-06, -2.2e-06, 5.17e-05, 6.27e-05, 4.4e-05, -4.4e-06, 0.0, 4.4e-05, 7.37e-05, 4.5100000000000005e-05, -2.09e-05, 5.5e-06, 6.05e-05, 6.82e-05, 3.85e-05, -3.3e-06, -5.5e-06, 4.8400000000000004e-05, 7.92e-05, 3.08e-05, -8.8e-06, -3.3e-06, 4.4e-05, 8.14e-05, 4.07e-05, -8.8e-06, 6.6e-06, 5.39e-05, 8.14e-05, 4.5100000000000005e-05, -6.6e-06, 4.4e-06, 5.0600000000000003e-05, 6.38e-05, 4.8400000000000004e-05, -1.32e-05, 2.2e-06, 4.5100000000000005e-05, 7.59e-05, 3.19e-05, -3.3e-06, -6.6e-06, 4.8400000000000004e-05, 7.7e-05, 3.41e-05, 0.0, 0.0, 5.39e-05, 7.59e-05, 5.17e-05, -9.9e-06, 4.4e-06, 4.8400000000000004e-05, 7.15e-05, 4.4e-05, -1.1e-06, 1.1e-06, 4.5100000000000005e-05, 7.04e-05, 3.74e-05, -1.1e-06, 2.2e-06, 5.5e-05, 7.04e-05, 4.6200000000000005e-05, -7.7e-06, -5.5e-06, 4.4e-05, 7.7e-05, 4.8400000000000004e-05, -4.4e-06, -6.6e-06, 4.9500000000000004e-05, 6.93e-05, 4.07e-05, -8.8e-06, 1.1e-06, 4.8400000000000004e-05, 7.04e-05, 2.97e-05, -2.2e-06, -2.2e-06, 3.63e-05, 7.37e-05, 4.4e-05, -8.8e-06, 2.2e-06, 4.5100000000000005e-05, 6.71e-05, 3.63e-05, -3.3e-06, 0.0, 5.39e-05, 7.26e-05, 5.61e-05, -1.1e-05, -2.2e-06, 4.6200000000000005e-05, 6.93e-05, 4.07e-05, 2.2e-06, 0.0, 5.39e-05, 6.82e-05, 4.6200000000000005e-05, -1.2100000000000001e-05, -9.9e-06, 4.18e-05, 7.48e-05, 3.52e-05, -9.9e-06, 5.5e-06, 5.17e-05, 7.81e-05, 3.96e-05, -7.7e-06, 5.5e-06, 6.05e-05, 7.92e-05, 4.18e-05, -1.87e-05, -3.3e-06, 5.28e-05, 8.25e-05, 3.96e-05, -6.6e-06, -4.4e-06, 5.0600000000000003e-05, 7.59e-05, 3.85e-05, -1.1e-05, 0.0, 5.39e-05, 7.81e-05, 4.18e-05, -1.2100000000000001e-05, -2.2e-06, 5.17e-05, 6.93e-05, 3.74e-05, 2.2e-06, -3.3e-06, 4.29e-05, 7.59e-05, 4.9500000000000004e-05, -6.6e-06, 5.5e-06, 5.17e-05, 7.81e-05, 3.96e-05, -1.1e-06, 0.0, 4.6200000000000005e-05, 7.59e-05, 4.9500000000000004e-05, -1.1e-05, -3.3e-06, 4.4e-05, 7.48e-05, 4.18e-05, -2.2e-06, 9.9e-06, 5.5e-05, 7.04e-05, 4.07e-05, -1.1e-05, -3.3e-06, 4.9500000000000004e-05, 7.81e-05, 3.85e-05, -9.9e-06, 3.3e-06, 5.17e-05, 8.58e-05, 4.18e-05, -8.8e-06, 1.1e-06, 5.39e-05, 7.7e-05, 3.96e-05, -9.9e-06, -5.5e-06, 4.4e-05, 7.37e-05, 4.18e-05, -8.8e-06, -3.3e-06, 4.5100000000000005e-05, 7.15e-05, 5.17e-05, -6.6e-06, -3.3e-06, 4.9500000000000004e-05, 8.25e-05, 3.3e-05, -9.9e-06, 1.1e-05, 4.9500000000000004e-05, 7.48e-05, 4.8400000000000004e-05, -1.1e-05, 1.1e-06, 5.39e-05, 7.04e-05, 4.29e-05, -3.3e-06, -5.5e-06, 5.72e-05, 7.48e-05, 4.07e-05, 0.0, 4.4e-06, 4.5100000000000005e-05, 7.81e-05, 4.6200000000000005e-05, -9.9e-06, 1.1e-06, 5.83e-05, 7.92e-05, 3.52e-05, -6.6e-06, 1.1e-06, 5.61e-05, 8.14e-05, 4.4e-05, -5.5e-06, 5.5e-06, 6.38e-05, 7.92e-05, 3.74e-05, -5.5e-06, 8.8e-06, 5.39e-05, 7.04e-05, 4.29e-05, -8.8e-06, 0.0, 5.28e-05, 6.6e-05, 4.9500000000000004e-05, 2.2e-06, 1.1e-06, 5.28e-05, 7.59e-05, 3.41e-05, -2.2e-06, 3.3e-06, 5.39e-05, 7.59e-05, 5.94e-05, -1.43e-05, -2.2e-06, 5.0600000000000003e-05, 8.47e-05, 4.29e-05, -8.8e-06, -4.4e-06, 5.0600000000000003e-05, 8.25e-05, 4.4e-05, -1.1e-06, 6.6e-06, 4.5100000000000005e-05, 7.59e-05, 3.85e-05, -2.2e-06, 3.3e-06, 6.05e-05, 6.38e-05, 4.4e-05, -6.6e-06, -7.7e-06, 5.61e-05, 7.26e-05, 4.5100000000000005e-05, -1.1e-05, 6.6e-06, 4.7300000000000005e-05, 7.7e-05, 4.29e-05, -3.3e-06, 4.4e-06, 4.6200000000000005e-05, 8.58e-05, 3.96e-05, -1.2100000000000001e-05, -1.1e-06, 5.28e-05, 7.15e-05, 3.63e-05, 2.2e-06, 7.7e-06, 5.28e-05, 7.92e-05, 3.63e-05, -6.6e-06, 2.2e-06, 4.8400000000000004e-05, 7.48e-05, 3.41e-05, 0.0, 9.9e-06, 5.0600000000000003e-05, 7.81e-05, 3.52e-05, -1.76e-05, -9.9e-06, 5.0600000000000003e-05, 6.49e-05, 4.5100000000000005e-05, -6.6e-06, -2.2e-06, 5.94e-05, 7.15e-05, 4.07e-05, -8.8e-06, -2.2e-06, 6.27e-05, 6.82e-05, 3.85e-05, -5.5e-06, 2.2e-06, 4.5100000000000005e-05, 7.59e-05, 4.6200000000000005e-05, -1.1e-06, 2.2e-06, 5.61e-05, 7.26e-05, 3.74e-05, -1.1e-06, 3.3e-06, 4.5100000000000005e-05, 7.48e-05, 3.52e-05, -3.3e-06, -9.9e-06, 5.28e-05, 7.48e-05, 4.18e-05, -4.4e-06, 2.2e-06, 5.17e-05, 6.16e-05, 4.6200000000000005e-05, -8.8e-06, 6.6e-06, 4.5100000000000005e-05, 7.15e-05, 3.63e-05, -6.6e-06, 1.1e-05, 5.39e-05, 6.93e-05, 3.63e-05, -1.32e-05, 5.5e-06, 5.39e-05, 7.26e-05, 2.5300000000000002e-05, -1.2100000000000001e-05, 1.1e-06, 4.8400000000000004e-05, 7.15e-05, 3.85e-05, 0.0, 3.3e-06, 5.0600000000000003e-05, 7.59e-05, 4.4e-05, -3.3e-06, -4.4e-06, 4.5100000000000005e-05]","[-0.000231, -0.0001749, -0.0001408, -0.0001573, -0.0002101, -0.0002134, -0.00017930000000000002, -0.0001386, -0.0001551, -0.0002101, -0.0002189, -0.0001727, -0.0001386, -0.0001562, -0.0002057, -0.0002222, -0.00018590000000000002, -0.0001364, -0.0001529, -0.0002112, -0.0002145, -0.0001683, -0.000143, -0.0001518, -0.0002068, -0.0002244, -0.00017930000000000002, -0.0001353, -0.0001562, -0.00020130000000000001, -0.0002266, -0.00017820000000000002, -0.0001353, -0.0001485, -0.00020020000000000001, -0.0002046, -0.00017930000000000002, -0.0001287, -0.0001672, -0.0002057, -0.0002211, -0.00018480000000000002, -0.0001331, -0.0001507, -0.0002035, -0.0002123, -0.00018150000000000002, -0.0001441, -0.0001529, -0.0002046, -0.00022, -0.00017820000000000002, -0.000143, -0.0001441, -0.0002046, -0.0002145, -0.00018590000000000002, -0.0001485, -0.0001562, -0.0002068, -0.0002134, -0.00017710000000000002, -0.0001452, -0.0001562, -0.00020130000000000001, -0.00022, -0.00018040000000000002, -0.0001441, -0.0001573, -0.0002079, -0.00022, -0.00017710000000000002, -0.000121, -0.000154, -0.0002101, -0.0002145, -0.00018370000000000002, -0.0001485, -0.0001551, -0.0002035, -0.00022, -0.000176, -0.0001386, -0.0001573, -0.0002035, -0.0002233, -0.00017820000000000002, -0.0001408, -0.0001463, -0.00019800000000000002, -0.0002134, -0.00017710000000000002, -0.0001353, -0.0001529, -0.0002123, -0.0002145, -0.00017710000000000002, -0.000143, -0.0001529, -0.0002112, -0.0002101, -0.00017820000000000002, -0.0001408, -0.0001485, -0.000209, -0.0002167, -0.00018370000000000002, -0.0001353, -0.0001496, -0.0002057, -0.00022, -0.00018150000000000002, -0.0001375, -0.0001584, -0.00020240000000000001, -0.0002123, -0.00018590000000000002, -0.0001254, -0.0001606, -0.0002068, -0.0002123, -0.00017930000000000002, -0.0001276, -0.0001562, -0.00020240000000000001, -0.0002145, -0.000176, -0.000143, -0.000143, -0.00019800000000000002, -0.00022, -0.00018260000000000002, -0.0001331, -0.0001518, -0.00020240000000000001, -0.0002222, -0.00018480000000000002, -0.0001353, -0.0001529, -0.0002112, -0.0002134, -0.00018480000000000002, -0.000132, -0.0001672, -0.00020130000000000001, -0.0002189, -0.00018480000000000002, -0.0001331, -0.0001562, -0.00020240000000000001, -0.0002266, -0.00017820000000000002, -0.000132, -0.0001595, -0.00019690000000000002, -0.0002299, -0.00018260000000000002, -0.0001364, -0.0001573, -0.0002057, -0.0002145, -0.00017820000000000002, -0.0001408, -0.0001485, -0.0002046, -0.0002123, -0.00018590000000000002, -0.0001375, -0.000154, -0.000209, -0.0002222, -0.00018370000000000002, -0.0001463, -0.000143, -0.0002068, -0.0002189, -0.00018590000000000002, -0.0001331, -0.000154, -0.00020240000000000001, -0.0002222, -0.00018260000000000002, -0.000143, -0.0001617, -0.00019800000000000002, -0.0002266, -0.00017820000000000002, -0.000132, -0.0001661, -0.0002156, -0.0002189, -0.00018040000000000002, -0.0001309, -0.0001463, -0.000209, -0.0002178, -0.00017710000000000002, -0.0001397, -0.0001573, -0.00019800000000000002, -0.0002112, -0.00018590000000000002, -0.0001342, -0.0001562, -0.00019910000000000001, -0.0002222, -0.0001705, -0.0001287, -0.0001573, -0.00020130000000000001, -0.0002167, -0.00018590000000000002, -0.0001375, -0.000154, -0.00019580000000000002, -0.0002189, -0.0001716, -0.0001309, -0.0001573, -0.0002134, -0.0002189, -0.00018260000000000002, -0.0001342, -0.0001507, -0.0002057, -0.0002112, -0.00018040000000000002, -0.0001287, -0.0001474, -0.0002046, -0.0002189, -0.0001683, -0.0001254, -0.0001562, -0.0002068, -0.0002211, -0.00017930000000000002, -0.0001331, -0.0001639, -0.00019690000000000002, -0.0002277, -0.0001705, -0.0001331, -0.0001507, -0.0002079, -0.0002101, -0.0001716, -0.0001353, -0.000154, -0.000209, -0.0002156, -0.0001727, -0.0001331, -0.0001551, -0.0002079, -0.00022, -0.00019030000000000002, -0.0001342, -0.0001518, -0.000209, -0.00022, -0.00018480000000000002, -0.0001364, -0.0001496, -0.00020020000000000001, -0.0002233, -0.00018480000000000002, -0.0001331, -0.0001562, -0.0002035, -0.0002222, -0.0001738, -0.0001276, -0.0001518, -0.0002079, -0.0002189, -0.00018040000000000002, -0.0001309, -0.0001551, -0.00020020000000000001, -0.0002145, -0.00018480000000000002, -0.0001309, -0.0001507, -0.00020020000000000001, -0.0002178, -0.00017710000000000002, -0.0001375, -0.000154, -0.0002035, -0.0002233, -0.0001705, -0.0001353, -0.0001562, -0.000209, -0.0002189, -0.00018590000000000002, -0.0001309, -0.0001661, -0.0002101, -0.0002222, -0.00017930000000000002, -0.0001309, -0.0001518, -0.00019690000000000002, -0.0002211, -0.0001716, -0.0001408, -0.0001474, -0.0002101, -0.00022, -0.00017930000000000002, -0.0001276, -0.0001551, -0.0002068, -0.0002112, -0.00019030000000000002, -0.0001298, -0.0001529, -0.0002123, -0.0002178, -0.00018810000000000002, -0.0001419, -0.000154, -0.00020240000000000001, -0.0002189, -0.00017820000000000002, -0.0001419, -0.000154, -0.00019800000000000002, -0.0002189, -0.00017710000000000002, -0.0001441, -0.0001573, -0.000209, -0.00022, -0.0001694, -0.0001419, -0.0001595, -0.0002057, -0.0002244, -0.00018590000000000002, -0.0001375, -0.0001529, -0.0002134, -0.0002189, -0.00017930000000000002, -0.0001386, -0.0001606, -0.0002156, -0.0002156, -0.0001749, -0.0001364, -0.0001606, -0.0002035, -0.0002178, -0.00018040000000000002, -0.0001397, -0.0001573, -0.0002068, -0.00022, -0.00018040000000000002, -0.0001309, -0.0001518, -0.00020240000000000001, -0.0002189, -0.00018150000000000002, -0.0001419, -0.0001551, -0.0002178, -0.0002178, -0.00018370000000000002, -0.0001331, -0.0001584, -0.00019910000000000001, -0.0002156, -0.0001705, -0.0001386, -0.0001507, -0.00019800000000000002, -0.0002211, -0.00018260000000000002, -0.0001331, -0.0001562, -0.0002134, -0.0002145, -0.00018480000000000002, -0.000143, -0.0001496, -0.00020130000000000001, -0.0002145, -0.00018700000000000002, -0.0001331, -0.0001474, -0.00019910000000000001, -0.00022, -0.0001738, -0.0001309, -0.0001562, -0.0002079, -0.0002233, -0.000176, -0.0001364, -0.0001463, -0.0002057, -0.0002266, -0.0001738, -0.0001375, -0.0001584, -0.0002123, -0.0002167, -0.00018590000000000002, -0.0001243, -0.0001518, -0.00020240000000000001, -0.0002167, -0.0001749, -0.0001441, -0.0001562, -0.00020020000000000001, -0.0002178, -0.00017820000000000002, -0.0001243, -0.0001529, -0.0002046, -0.0002156, -0.00018700000000000002, -0.0001298, -0.0001441, -0.00020130000000000001, -0.0002189, -0.000176, -0.000143, -0.0001573, -0.00020130000000000001, -0.0002134, -0.00018150000000000002, -0.0001386, -0.0001518, -0.0002046, -0.0002167, -0.00017930000000000002, -0.0001364, -0.0001573, -0.0002112, -0.0002266, -0.00018260000000000002, -0.0001331, -0.0001573, -0.0002101, -0.0002178, -0.00018260000000000002, -0.0001375, -0.0001562, -0.0002079, -0.0002145, -0.00017710000000000002, -0.0001342, -0.0001485, -0.0002035, -0.0002189, -0.00017710000000000002, -0.0001375, -0.0001617, -0.0002101, -0.0002178, -0.00017930000000000002, -0.0001375, -0.0001639, -0.0002068, -0.0002189, -0.00018480000000000002, -0.0001331, -0.0001485, -0.0002046, -0.0002222, -0.00019470000000000002, -0.0001375, -0.000154, -0.0002079, -0.0002145, -0.00018260000000000002, -0.0001364, -0.0001562, -0.0002057, -0.0002156, -0.00017820000000000002, -0.0001408, -0.0001551, -0.00020240000000000001, -0.0002123, -0.00018590000000000002, -0.0001342, -0.0001584, -0.0002079, -0.0002211, -0.00017710000000000002, -0.0001364, -0.0001474, -0.0002068]","[0.0008998000000000001, 0.0005599, 0.00028710000000000004, 0.00047190000000000003, 0.0008316, 0.0008899, 0.0005566, 0.0002904, 0.00046970000000000003, 0.0008437000000000001, 0.0008965, 0.0005643, 0.000286, 0.0004752, 0.0008415, 0.0008866000000000001, 0.0005632, 0.00028930000000000004, 0.00047630000000000003, 0.0008437000000000001, 0.0008910000000000001, 0.0005511, 0.00029150000000000004, 0.00046530000000000003, 0.0008437000000000001, 0.0008844, 0.0005489000000000001, 0.0002838, 0.000473, 0.0008382, 0.0008943, 0.0005522, 0.0002882, 0.0004686, 0.0008393000000000001, 0.0008899, 0.0005599, 0.0002838, 0.00047850000000000003, 0.0008481000000000001, 0.0008899, 0.0005599, 0.0002816, 0.0004818, 0.0008437000000000001, 0.0008921000000000001, 0.0005588, 0.00028270000000000004, 0.00047850000000000003, 0.0008437000000000001, 0.0008976, 0.0005467, 0.0002816, 0.00047190000000000003, 0.0008349000000000001, 0.0008844, 0.0005522, 0.0002882, 0.0004642, 0.0008415, 0.0008987, 0.0005423, 0.0002739, 0.0004598, 0.0008448, 0.0008811, 0.0005522, 0.0002882, 0.000462, 0.0008514000000000001, 0.000902, 0.0005566, 0.0002794, 0.0004664, 0.0008404, 0.0008921000000000001, 0.0005632, 0.00028270000000000004, 0.00047630000000000003, 0.0008448, 0.0008822000000000001, 0.0005621000000000001, 0.00029370000000000004, 0.0004686, 0.0008448, 0.0008844, 0.0005577000000000001, 0.0002926, 0.00047190000000000003, 0.0008492, 0.00088, 0.0005489000000000001, 0.0002695, 0.0004686, 0.0008415, 0.0008943, 0.000572, 0.0002904, 0.0004686, 0.000836, 0.0008877000000000001, 0.0005522, 0.00029150000000000004, 0.0004686, 0.0008404, 0.0008921000000000001, 0.0005511, 0.0002816, 0.00047190000000000003, 0.0008448, 0.0008899, 0.0005489000000000001, 0.0002794, 0.00047630000000000003, 0.0008437000000000001, 0.0008778000000000001, 0.0005511, 0.0002772, 0.0004686, 0.0008481000000000001, 0.00088, 0.0005621000000000001, 0.0002904, 0.00046970000000000003, 0.0008404, 0.0008921000000000001, 0.0005588, 0.0002783, 0.0004708, 0.0008492, 0.0008789000000000001, 0.0005577000000000001, 0.0002948, 0.0004686, 0.0008448, 0.0008943, 0.0005599, 0.000286, 0.000473, 0.0008448, 0.0008888, 0.0005643, 0.00028710000000000004, 0.00046970000000000003, 0.0008382, 0.0008756, 0.000561, 0.0002805, 0.00048070000000000003, 0.0008448, 0.0008844, 0.0005511, 0.00028710000000000004, 0.0004664, 0.0008481000000000001, 0.0008921000000000001, 0.0005522, 0.0002838, 0.0004664, 0.0008393000000000001, 0.0008910000000000001, 0.00055, 0.0002904, 0.00046310000000000004, 0.0008382, 0.0008998000000000001, 0.0005566, 0.00028270000000000004, 0.00047410000000000003, 0.0008338, 0.0008921000000000001, 0.0005445000000000001, 0.00028710000000000004, 0.0004598, 0.0008404, 0.0008921000000000001, 0.00055, 0.0002772, 0.0004752, 0.0008393000000000001, 0.0008877000000000001, 0.0005522, 0.00028710000000000004, 0.00046310000000000004, 0.0008459, 0.0008954000000000001, 0.000561, 0.000286, 0.00046530000000000003, 0.0008437000000000001, 0.0008877000000000001, 0.0005456, 0.000286, 0.0004708, 0.0008503, 0.0008866000000000001, 0.0005533000000000001, 0.00029370000000000004, 0.00046530000000000003, 0.0008459, 0.0008888, 0.0005478, 0.00028270000000000004, 0.00047410000000000003, 0.0008437000000000001, 0.0008866000000000001, 0.00055, 0.0002838, 0.0004796, 0.0008459, 0.0008899, 0.00055, 0.00028270000000000004, 0.00047630000000000003, 0.000836, 0.0008932, 0.0005577000000000001, 0.0002926, 0.00047190000000000003, 0.0008448, 0.0008998000000000001, 0.0005555, 0.0002794, 0.0004774, 0.0008426, 0.0008987, 0.0005544, 0.0002794, 0.0004708, 0.0008338, 0.0008954000000000001, 0.0005544, 0.0002816, 0.0004686, 0.0008536, 0.0008910000000000001, 0.0005489000000000001, 0.0002882, 0.00047410000000000003, 0.0008415, 0.0008943, 0.0005456, 0.0002805, 0.0004686, 0.0008470000000000001, 0.0008921000000000001, 0.0005522, 0.0002794, 0.00047410000000000003, 0.0008448, 0.0008866000000000001, 0.0005599, 0.000286, 0.00047190000000000003, 0.0008481000000000001, 0.0008844, 0.0005588, 0.0002948, 0.00047190000000000003, 0.0008448, 0.0008888, 0.0005588, 0.0002805, 0.0004774, 0.0008426, 0.0008899, 0.0005467, 0.00028710000000000004, 0.0004664, 0.0008437000000000001, 0.0008833000000000001, 0.00055, 0.000286, 0.00047410000000000003, 0.0008437000000000001, 0.0008855, 0.0005456, 0.00028930000000000004, 0.00046750000000000003, 0.0008448, 0.00088, 0.0005511, 0.00028270000000000004, 0.0004664, 0.0008382, 0.0008866000000000001, 0.00055, 0.0002838, 0.00046750000000000003, 0.0008569000000000001, 0.0008943, 0.0005489000000000001, 0.0002772, 0.0004686, 0.0008415, 0.0008965, 0.0005687, 0.00028270000000000004, 0.00047850000000000003, 0.0008459, 0.0008877000000000001, 0.0005489000000000001, 0.0002816, 0.000473, 0.0008382, 0.0008877000000000001, 0.0005566, 0.00029590000000000004, 0.00046970000000000003, 0.0008492, 0.0008877000000000001, 0.0005621000000000001, 0.0002805, 0.000473, 0.0008349000000000001, 0.0008965, 0.0005544, 0.00028270000000000004, 0.00046970000000000003, 0.0008525000000000001, 0.0008899, 0.0005588, 0.0002783, 0.000484, 0.0008624, 0.0008877000000000001, 0.0005643, 0.00028930000000000004, 0.0004686, 0.0008503, 0.0008811, 0.0005566, 0.00028710000000000004, 0.00046530000000000003, 0.0008382, 0.0008899, 0.0005566, 0.0002794, 0.0004664, 0.0008382, 0.0008932, 0.0005445000000000001, 0.00028490000000000004, 0.0004752, 0.0008547, 0.0008855, 0.0005555, 0.000286, 0.0004752, 0.0008547, 0.0008866000000000001, 0.0005555, 0.00028270000000000004, 0.00047410000000000003, 0.0008448, 0.0008855, 0.0005555, 0.0002838, 0.0004774, 0.0008404, 0.0008932, 0.0005445000000000001, 0.00028270000000000004, 0.00048290000000000003, 0.000836, 0.0008866000000000001, 0.0005533000000000001, 0.0002882, 0.00048070000000000003, 0.0008459, 0.0008833000000000001, 0.0005544, 0.0002794, 0.000473, 0.0008327, 0.0008998000000000001, 0.0005478, 0.0002706, 0.00047190000000000003, 0.0008459, 0.00088, 0.0005511, 0.00028270000000000004, 0.00046970000000000003, 0.0008481000000000001, 0.0008866000000000001, 0.0005533000000000001, 0.0002838, 0.000484, 0.0008547, 0.0008932, 0.0005599, 0.00028490000000000004, 0.00046750000000000003, 0.0008470000000000001, 0.0008822000000000001, 0.0005566, 0.00028270000000000004, 0.00046970000000000003, 0.0008558000000000001, 0.0008866000000000001, 0.0005533000000000001, 0.00028490000000000004, 0.00047630000000000003, 0.0008393000000000001, 0.0008910000000000001, 0.0005511, 0.00028490000000000004, 0.0004818, 0.0008448, 0.0008910000000000001, 0.0005566, 0.00028930000000000004, 0.00047630000000000003, 0.0008426, 0.0008822000000000001, 0.0005577000000000001, 0.00028490000000000004, 0.00047850000000000003, 0.0008459, 0.0008866000000000001, 0.0005555, 0.0002772, 0.00047850000000000003, 0.0008459, 0.00088, 0.0005511, 0.00029590000000000004, 0.00047850000000000003, 0.0008437000000000001, 0.0008954000000000001, 0.0005577000000000001, 0.0002717, 0.00047190000000000003, 0.0008514000000000001, 0.0008822000000000001, 0.0005533000000000001, 0.0002772, 0.00047850000000000003, 0.0008492, 0.0008789000000000001, 0.0005478, 0.00029370000000000004, 0.000473, 0.0008591, 0.0008932, 0.0005467, 0.00030030000000000004, 0.00047850000000000003, 0.0008459, 0.0008888, 0.0005522, 0.0002904, 0.00048070000000000003, 0.0008525000000000001, 0.0008932, 0.0005511, 0.00028710000000000004, 0.00047850000000000003, 0.0008404, 0.0008822000000000001, 0.0005489000000000001, 0.0002772, 0.000484, 0.0008448, 0.0008822000000000001, 0.0005599, 0.00029370000000000004, 0.00046970000000000003, 0.0008481000000000001, 0.0008855, 0.0005566, 0.00028490000000000004, 0.00047850000000000003, 0.0008459, 0.0008844, 0.00055, 0.0002926, 0.0004708, 0.0008338, 0.0008910000000000001, 0.0005566, 0.0002805, 0.00048290000000000003, 0.0008470000000000001, 0.0008866000000000001, 0.0005577000000000001, 0.00028270000000000004, 0.00046970000000000003, 0.0008459, 0.0008822000000000001, 0.0005533000000000001, 0.0002794, 0.0004774, 0.0008481000000000001, 0.0008767, 0.0005522, 0.0002805, 0.0004796, 0.0008492]",-17
19,"[3.74e-05, -1.54e-05, -2.2e-06, 4.7300000000000005e-05, 6.93e-05, 3.3e-05, -1.54e-05, 5.5e-06, 3.74e-05, 6.49e-05, 3.96e-05, -1.1e-05, 2.2e-06, 5.39e-05, 7.26e-05, 3.3e-05, 2.2e-06, -1.1e-06, 4.4e-05, 6.71e-05, 3.41e-05, -1.32e-05, 0.0, 4.9500000000000004e-05, 6.6e-05, 2.86e-05, -1.65e-05, -2.2e-06, 4.6200000000000005e-05, 7.04e-05, 3.52e-05, -7.7e-06, 1.1e-06, 4.18e-05, 6.71e-05, 3.85e-05, -8.8e-06, 9.9e-06, 4.6200000000000005e-05, 6.82e-05, 2.3100000000000002e-05, -9.9e-06, -2.2e-06, 4.7300000000000005e-05, 7.37e-05, 3.85e-05, -9.9e-06, -4.4e-06, 4.8400000000000004e-05, 7.37e-05, 3.41e-05, -4.4e-06, 3.3e-06, 5.39e-05, 6.71e-05, 3.3e-05, -8.8e-06, 3.3e-06, 4.9500000000000004e-05, 5.94e-05, 3.63e-05, -8.8e-06, -1.1e-06, 4.4e-05, 6.49e-05, 2.3100000000000002e-05, -6.6e-06, -1.65e-05, 5.17e-05, 7.04e-05, 3.3e-05, -4.4e-06, -1.43e-05, 3.96e-05, 6.82e-05, 3.85e-05, -1.2100000000000001e-05, 5.5e-06, 4.18e-05, 6.82e-05, 3.52e-05, -8.8e-06, -1.1e-06, 4.8400000000000004e-05, 5.61e-05, 2.97e-05, -9.9e-06, -2.2e-06, 5.39e-05, 7.59e-05, 3.3e-05, -1.32e-05, -3.3e-06, 4.5100000000000005e-05, 6.93e-05, 3.74e-05, -6.6e-06, -4.4e-06, 4.29e-05, 6.82e-05, 2.86e-05, -1.54e-05, -3.3e-06, 5.61e-05, 6.16e-05, 3.85e-05, -1.1e-05, 4.4e-06, 4.7300000000000005e-05, 7.15e-05, 3.63e-05, -1.43e-05, -3.3e-06, 5.72e-05, 6.71e-05, 3.08e-05, -1.1e-05, 6.6e-06, 4.7300000000000005e-05, 6.38e-05, 4.7300000000000005e-05, -1.32e-05, 1.1e-06, 4.8400000000000004e-05, 6.6e-05, 3.63e-05, -9.9e-06, -1.32e-05, 4.7300000000000005e-05, 6.27e-05, 3.63e-05, -1.2100000000000001e-05, 3.3e-06, 4.6200000000000005e-05, 5.5e-05, 3.41e-05, -2.2e-06, 5.5e-06, 5.5e-05, 6.6e-05, 3.63e-05, -1.32e-05, 1.1e-06, 4.4e-05, 7.04e-05, 3.19e-05, -9.9e-06, -4.4e-06, 5.72e-05, 6.38e-05, 3.63e-05, -9.9e-06, -9.9e-06, 4.8400000000000004e-05, 6.27e-05, 3.52e-05, -1.1e-05, 6.6e-06, 4.7300000000000005e-05, 6.05e-05, 3.74e-05, -1.32e-05, 1.1e-06, 3.96e-05, 7.48e-05, 3.19e-05, -1.1e-05, 2.2e-06, 5.39e-05, 6.71e-05, 2.75e-05, -5.5e-06, -5.5e-06, 4.5100000000000005e-05, 6.82e-05, 3.96e-05, -1.54e-05, 1.1e-06, 4.4e-05, 7.04e-05, 3.08e-05, -6.6e-06, -6.6e-06, 4.6200000000000005e-05, 6.71e-05, 3.63e-05, -1.1e-06, 0.0, 4.8400000000000004e-05, 6.82e-05, 3.85e-05, -3.3e-06, 4.4e-06, 5.17e-05, 6.93e-05, 2.86e-05, -1.32e-05, -2.2e-06, 4.7300000000000005e-05, 6.49e-05, 3.08e-05, -1.65e-05, -2.2e-06, 5.61e-05, 6.82e-05, 3.85e-05, -1.54e-05, -6.6e-06, 4.4e-05, 7.15e-05, 2.86e-05, -1.87e-05, 0.0, 3.85e-05, 6.93e-05, 3.3e-05, -7.7e-06, -5.5e-06, 5.61e-05, 6.49e-05, 3.74e-05, -1.43e-05, -2.2e-06, 4.5100000000000005e-05, 6.82e-05, 3.85e-05, -6.6e-06, 0.0, 4.07e-05, 7.92e-05, 2.75e-05, -6.6e-06, -7.7e-06, 4.29e-05, 6.6e-05, 2.4200000000000002e-05, -4.4e-06, -3.3e-06, 4.7300000000000005e-05, 7.15e-05, 3.85e-05, -5.5e-06, -2.2e-06, 5.39e-05, 7.7e-05, 2.3100000000000002e-05, -8.8e-06, 2.2e-06, 5.17e-05, 6.71e-05, 4.07e-05, -6.6e-06, -3.3e-06, 4.9500000000000004e-05, 6.71e-05, 2.5300000000000002e-05, -8.8e-06, -3.3e-06, 3.96e-05, 6.38e-05, 3.85e-05, -1.65e-05, -4.4e-06, 4.4e-05, 5.94e-05, 4.29e-05, -9.9e-06, 0.0, 5.28e-05, 6.82e-05, 4.07e-05, -5.5e-06, 0.0, 4.9500000000000004e-05, 6.6e-05, 3.96e-05, -1.1e-05, 0.0, 4.9500000000000004e-05, 6.27e-05, 2.86e-05, -1.54e-05, 4.4e-06, 4.07e-05, 5.94e-05, 3.08e-05, -6.6e-06, 9.9e-06, 4.7300000000000005e-05, 6.27e-05, 2.2e-05, -1.32e-05, -5.5e-06, 5.39e-05, 6.6e-05, 2.86e-05, -7.7e-06, 1.1e-06, 5.28e-05, 7.04e-05, 4.07e-05, -9.9e-06, -3.3e-06, 4.29e-05, 6.71e-05, 2.86e-05, -9.9e-06, 5.5e-06, 5.39e-05, 6.82e-05, 4.07e-05, -1.1e-06, 4.4e-06, 4.29e-05, 7.37e-05, 2.5300000000000002e-05, -7.7e-06, 4.4e-06, 5.72e-05, 7.26e-05, 2.5300000000000002e-05, -1.1e-05, -2.2e-06, 5.5e-05, 6.71e-05, 2.86e-05, -1.1e-05, -1.1e-05, 4.6200000000000005e-05, 6.82e-05, 4.18e-05, 0.0, 0.0, 4.6200000000000005e-05, 6.05e-05, 3.63e-05, -7.7e-06, -4.4e-06, 4.18e-05, 7.7e-05, 3.74e-05, -1.54e-05, 6.6e-06, 4.7300000000000005e-05, 7.59e-05, 3.85e-05, -6.6e-06, -5.5e-06, 4.8400000000000004e-05, 6.27e-05, 3.3e-05, -1.32e-05, -2.2e-06, 5.0600000000000003e-05, 6.82e-05, 4.18e-05, -1.65e-05, 0.0, 4.9500000000000004e-05, 6.49e-05, 3.52e-05, -1.43e-05, -2.2e-06, 5.0600000000000003e-05, 5.72e-05, 3.08e-05, -8.8e-06, 4.4e-06, 4.29e-05, 6.16e-05, 3.74e-05, -8.8e-06, -1.1e-06, 5.72e-05, 6.49e-05, 3.74e-05, -8.8e-06, 2.2e-06, 5.28e-05, 6.6e-05, 3.52e-05, -9.9e-06, -3.3e-06, 5.5e-05, 6.6e-05, 2.97e-05, -1.32e-05, 4.4e-06, 4.7300000000000005e-05, 6.49e-05, 4.07e-05, -8.8e-06, 5.5e-06, 4.29e-05, 5.5e-05, 3.19e-05, -1.2100000000000001e-05, -1.1e-06, 5.83e-05, 6.38e-05, 2.97e-05, -9.9e-06, 2.2e-06, 5.17e-05, 6.16e-05, 2.97e-05, -1.2100000000000001e-05, 4.4e-06, 4.9500000000000004e-05, 6.27e-05, 3.52e-05, -7.7e-06, 0.0, 4.07e-05, 7.59e-05, 3.19e-05, -3.3e-06, -7.7e-06, 5.28e-05, 7.04e-05, 2.64e-05, -6.6e-06, -7.7e-06, 4.6200000000000005e-05, 6.82e-05, 3.08e-05, -4.4e-06, 2.2e-06, 5.5e-05, 7.04e-05, 4.29e-05, -1.1e-06, -3.3e-06, 4.07e-05, 6.05e-05, 2.64e-05, -5.5e-06, -6.6e-06, 4.8400000000000004e-05, 6.93e-05, 3.3e-05, -5.5e-06, 1.1e-06, 5.0600000000000003e-05, 7.7e-05, 3.19e-05, -8.8e-06, 1.32e-05, 4.6200000000000005e-05, 6.82e-05, 3.52e-05, -1.76e-05, 5.5e-06, 5.17e-05, 6.27e-05, 4.4e-05, -2.2e-06, 0.0, 5.0600000000000003e-05, 6.27e-05, 3.96e-05, -9.9e-06, -3.3e-06, 4.6200000000000005e-05, 7.48e-05, 3.52e-05, -7.7e-06, -2.2e-06, 4.4e-05, 5.94e-05, 3.85e-05, -3.3e-06, -1.1e-06, 5.0600000000000003e-05, 6.93e-05, 3.74e-05, -5.5e-06, 1.1e-06, 5.28e-05, 7.04e-05, 4.29e-05, -8.8e-06, 1.2100000000000001e-05, 4.6200000000000005e-05, 6.27e-05, 2.75e-05, -8.8e-06, -2.2e-06, 5.17e-05, 7.15e-05, 3.41e-05, -1.2100000000000001e-05, 3.3e-06, 5.28e-05, 5.83e-05, 3.19e-05, -1.1e-05, -7.7e-06, 4.7300000000000005e-05, 6.16e-05]","[-0.0001749, -0.0001441, -0.0001595, -0.00020020000000000001, -0.0002123, -0.00017710000000000002, -0.0001353, -0.0001551, -0.00020020000000000001, -0.0002211, -0.00017710000000000002, -0.000132, -0.0001562, -0.0002079, -0.0002101, -0.0001727, -0.0001331, -0.0001573, -0.0002079, -0.0002178, -0.0001738, -0.0001364, -0.0001507, -0.0002079, -0.0002189, -0.00018590000000000002, -0.0001287, -0.000154, -0.00019800000000000002, -0.0002288, -0.00017710000000000002, -0.0001496, -0.0001518, -0.0002046, -0.000209, -0.00017930000000000002, -0.0001342, -0.0001562, -0.0002101, -0.0002233, -0.00018150000000000002, -0.0001419, -0.0001573, -0.0002057, -0.0002134, -0.0001749, -0.0001331, -0.0001551, -0.00019800000000000002, -0.0002233, -0.00018150000000000002, -0.0001386, -0.0001529, -0.0002112, -0.0002332, -0.00017820000000000002, -0.0001386, -0.0001518, -0.00019360000000000002, -0.000209, -0.00018700000000000002, -0.0001441, -0.0001573, -0.0002112, -0.0002233, -0.00017710000000000002, -0.0001331, -0.0001562, -0.00019910000000000001, -0.0002178, -0.00018480000000000002, -0.0001364, -0.0001551, -0.0002123, -0.0002266, -0.0001738, -0.0001496, -0.0001584, -0.00020130000000000001, -0.0002134, -0.00018040000000000002, -0.0001309, -0.0001573, -0.0002057, -0.0002211, -0.0001738, -0.0001375, -0.0001529, -0.0002156, -0.0002277, -0.0001716, -0.0001364, -0.0001617, -0.0002046, -0.0002156, -0.00018370000000000002, -0.0001309, -0.0001518, -0.0002112, -0.0002145, -0.0001727, -0.000143, -0.0001518, -0.00019910000000000001, -0.0002255, -0.0001683, -0.0001386, -0.0001639, -0.0002046, -0.0002189, -0.00017820000000000002, -0.0001298, -0.0001661, -0.0002068, -0.0002266, -0.0001727, -0.0001276, -0.0001496, -0.0002189, -0.0002167, -0.00017710000000000002, -0.0001342, -0.0001617, -0.0002101, -0.0002112, -0.0001716, -0.0001353, -0.0001595, -0.0002035, -0.00022, -0.0001705, -0.000132, -0.0001551, -0.00020130000000000001, -0.0002101, -0.00018370000000000002, -0.0001331, -0.0001573, -0.0002123, -0.0002211, -0.00017930000000000002, -0.0001353, -0.0001507, -0.0002068, -0.0002145, -0.0001705, -0.0001309, -0.0001595, -0.0002101, -0.0002156, -0.00018040000000000002, -0.0001353, -0.0001595, -0.0002123, -0.0002112, -0.00018480000000000002, -0.0001375, -0.000154, -0.0002123, -0.000209, -0.00017820000000000002, -0.0001441, -0.000154, -0.000209, -0.00022, -0.0001738, -0.0001397, -0.0001628, -0.0002101, -0.0002123, -0.0001705, -0.000132, -0.0001496, -0.0002046, -0.0002134, -0.0001749, -0.000143, -0.0001562, -0.0002068, -0.00022, -0.00018480000000000002, -0.0001364, -0.0001518, -0.0002123, -0.0002255, -0.00018040000000000002, -0.0001386, -0.0001551, -0.0002068, -0.0002222, -0.00018480000000000002, -0.0001265, -0.0001584, -0.0002068, -0.0002167, -0.00018150000000000002, -0.0001408, -0.0001529, -0.0002112, -0.0002189, -0.0001661, -0.0001331, -0.0001474, -0.0002134, -0.0002123, -0.00018370000000000002, -0.0001353, -0.0001507, -0.0002112, -0.0002156, -0.0001738, -0.000143, -0.0001573, -0.0002079, -0.0002277, -0.00017820000000000002, -0.0001232, -0.0001595, -0.0002123, -0.0002222, -0.0001727, -0.0001419, -0.0001584, -0.0002123, -0.00022, -0.0001749, -0.0001276, -0.0001529, -0.0002079, -0.0002112, -0.0001738, -0.000132, -0.0001529, -0.0002079, -0.0002134, -0.00017820000000000002, -0.0001353, -0.0001518, -0.0002079, -0.0002211, -0.000176, -0.0001441, -0.0001617, -0.0002035, -0.0002123, -0.0001738, -0.0001309, -0.0001628, -0.0002101, -0.0002189, -0.0001749, -0.0001331, -0.0001518, -0.0002046, -0.0002178, -0.00017710000000000002, -0.0001364, -0.0001463, -0.000209, -0.0002178, -0.00018260000000000002, -0.0001397, -0.0001507, -0.0002079, -0.0002189, -0.0001738, -0.0001496, -0.0001485, -0.0002134, -0.0002178, -0.0001727, -0.0001331, -0.000154, -0.0002046, -0.0002244, -0.00018040000000000002, -0.0001419, -0.0001573, -0.0002079, -0.0002189, -0.0001738, -0.0001408, -0.0001551, -0.0002167, -0.000209, -0.0001727, -0.0001353, -0.0001617, -0.0002145, -0.0002145, -0.00017820000000000002, -0.0001364, -0.000154, -0.000209, -0.0002101, -0.00017930000000000002, -0.0001342, -0.0001639, -0.0002167, -0.0002222, -0.00017820000000000002, -0.0001353, -0.000165, -0.0002112, -0.0002233, -0.000176, -0.0001331, -0.0001529, -0.000209, -0.0002123, -0.00017820000000000002, -0.0001364, -0.0001518, -0.0002112, -0.0002233, -0.00019360000000000002, -0.0001408, -0.0001584, -0.000209, -0.0002156, -0.0001716, -0.0001265, -0.0001496, -0.00020240000000000001, -0.0002134, -0.00018040000000000002, -0.0001342, -0.0001584, -0.0002057, -0.0002156, -0.000176, -0.0001331, -0.0001584, -0.0002123, -0.0002222, -0.00018370000000000002, -0.0001331, -0.0001485, -0.00019470000000000002, -0.0002266, -0.00017710000000000002, -0.0001452, -0.0001573, -0.000209, -0.0002156, -0.0001727, -0.0001342, -0.000154, -0.0002046, -0.0002156, -0.00018370000000000002, -0.0001397, -0.000154, -0.00020020000000000001, -0.0002266, -0.00018040000000000002, -0.0001342, -0.0001562, -0.0002079, -0.0002178, -0.0001672, -0.0001331, -0.0001584, -0.0002167, -0.0002178, -0.0001694, -0.0001375, -0.000165, -0.0002068, -0.0002244, -0.00018590000000000002, -0.0001375, -0.0001485, -0.0002101, -0.0002233, -0.00017930000000000002, -0.000132, -0.0001551, -0.0002101, -0.00022, -0.00017710000000000002, -0.000132, -0.0001617, -0.0002189, -0.0002156, -0.0001705, -0.0001331, -0.0001617, -0.0002079, -0.0002123, -0.0001749, -0.0001441, -0.0001507, -0.0002068, -0.00022, -0.00018040000000000002, -0.000143, -0.0001496, -0.0002079, -0.0002332, -0.00017930000000000002, -0.0001298, -0.0001606, -0.0002167, -0.00022, -0.000176, -0.0001287, -0.000154, -0.00019580000000000002, -0.0002101, -0.0001749, -0.0001408, -0.0001672, -0.00020240000000000001, -0.0002189, -0.0001716, -0.0001452, -0.0001507, -0.00020130000000000001, -0.0002145, -0.00017930000000000002, -0.0001386, -0.0001628, -0.0002134, -0.0002178, -0.00018150000000000002, -0.0001397, -0.0001573, -0.00020020000000000001, -0.0002244, -0.00017820000000000002, -0.000143, -0.0001551, -0.000209, -0.0002145, -0.00018260000000000002, -0.0001386, -0.0001474, -0.0002057, -0.0002189, -0.000176, -0.0001364, -0.0001606, -0.00020020000000000001, -0.0002222, -0.0001705, -0.0001298, -0.0001518, -0.0002046, -0.00022, -0.0001716, -0.000132, -0.0001595, -0.0002101, -0.0002189, -0.0001727, -0.0001419, -0.0001551, -0.00020240000000000001, -0.00022, -0.0001749, -0.0001342, -0.0001639, -0.0002156, -0.0002156, -0.00017710000000000002, -0.0001331, -0.0001529, -0.0002112, -0.0002145, -0.00018040000000000002, -0.0001353, -0.0001595, -0.0002101, -0.0002222, -0.00018260000000000002, -0.0001298, -0.0001518, -0.0002123, -0.0002189, -0.0001738, -0.0001408, -0.0001573, -0.0002057, -0.0002134, -0.00018040000000000002, -0.0001397, -0.0001529, -0.000209, -0.0002156, -0.000165, -0.0001364, -0.0001474, -0.0002189, -0.0002123, -0.0001749, -0.000132, -0.0001551, -0.0002068, -0.0002222]","[0.0005434, 0.000286, 0.0005005000000000001, 0.0008481000000000001, 0.0008855, 0.0005467, 0.0002805, 0.0004884, 0.0008613000000000001, 0.0008789000000000001, 0.0005324, 0.0002904, 0.0004796, 0.0008525000000000001, 0.00088, 0.0005467, 0.0002816, 0.00048510000000000003, 0.0008547, 0.0008844, 0.0005423, 0.0002739, 0.0004873, 0.0008514000000000001, 0.0008789000000000001, 0.0005522, 0.0002882, 0.000484, 0.0008470000000000001, 0.0008844, 0.0005445000000000001, 0.00029150000000000004, 0.0004873, 0.0008470000000000001, 0.0008745000000000001, 0.0005423, 0.0002838, 0.0004873, 0.0008492, 0.0008822000000000001, 0.0005368, 0.0002816, 0.0004818, 0.0008492, 0.0008822000000000001, 0.0005357000000000001, 0.000286, 0.00048510000000000003, 0.0008624, 0.0008789000000000001, 0.0005247, 0.0002882, 0.0004906, 0.0008514000000000001, 0.00088, 0.0005379, 0.0002794, 0.0004796, 0.0008481000000000001, 0.0008789000000000001, 0.0005379, 0.00029150000000000004, 0.0004818, 0.0008525000000000001, 0.0008789000000000001, 0.0005445000000000001, 0.000286, 0.0004873, 0.0008404, 0.00088, 0.0005401000000000001, 0.00028270000000000004, 0.000484, 0.0008635, 0.0008745000000000001, 0.0005445000000000001, 0.00028270000000000004, 0.00047190000000000003, 0.0008536, 0.0008745000000000001, 0.0005313000000000001, 0.0002783, 0.0004917, 0.0008481000000000001, 0.0008811, 0.0005313000000000001, 0.000275, 0.0004906, 0.0008459, 0.0008844, 0.0005401000000000001, 0.00028270000000000004, 0.0004884, 0.0008503, 0.0008811, 0.0005445000000000001, 0.000286, 0.00048290000000000003, 0.0008536, 0.0008789000000000001, 0.0005357000000000001, 0.00028710000000000004, 0.000484, 0.0008492, 0.0008756, 0.0005302, 0.00028490000000000004, 0.0004873, 0.0008426, 0.00088, 0.0005467, 0.0002882, 0.0004873, 0.000858, 0.0008822000000000001, 0.0005346, 0.0002838, 0.00048510000000000003, 0.0008503, 0.0008745000000000001, 0.0005423, 0.0002816, 0.0004862, 0.0008569000000000001, 0.0008855, 0.0005401000000000001, 0.0002926, 0.0004873, 0.000858, 0.0008789000000000001, 0.0005379, 0.0002794, 0.0004884, 0.0008558000000000001, 0.0008833000000000001, 0.0005368, 0.0002783, 0.0004708, 0.0008536, 0.0008822000000000001, 0.0005467, 0.00028710000000000004, 0.00048290000000000003, 0.0008492, 0.0008767, 0.00055, 0.0002739, 0.0004796, 0.0008448, 0.0008745000000000001, 0.0005368, 0.0002805, 0.0004884, 0.0008514000000000001, 0.0008910000000000001, 0.0005423, 0.0002739, 0.00048510000000000003, 0.0008591, 0.0008734000000000001, 0.0005346, 0.0002904, 0.000484, 0.0008470000000000001, 0.00088, 0.0005434, 0.0002728, 0.00048290000000000003, 0.0008591, 0.0008789000000000001, 0.0005434, 0.0002882, 0.0004873, 0.0008514000000000001, 0.0008778000000000001, 0.0005467, 0.00028270000000000004, 0.0004939, 0.0008514000000000001, 0.0008877000000000001, 0.0005368, 0.0002926, 0.0004862, 0.0008503, 0.00088, 0.0005335, 0.0002816, 0.0004917, 0.0008503, 0.00088, 0.0005445000000000001, 0.0002816, 0.0004895, 0.0008558000000000001, 0.0008811, 0.0005313000000000001, 0.0002717, 0.0004862, 0.0008547, 0.0008701000000000001, 0.0005368, 0.000286, 0.0004928, 0.0008514000000000001, 0.0008756, 0.0005511, 0.00029370000000000004, 0.0004862, 0.0008514000000000001, 0.0008679, 0.0005357000000000001, 0.0002805, 0.0004884, 0.0008404, 0.0008712, 0.0005324, 0.0002882, 0.0004873, 0.0008492, 0.00088, 0.0005357000000000001, 0.0002772, 0.0005005000000000001, 0.0008514000000000001, 0.0008712, 0.0005379, 0.000286, 0.0004906, 0.0008514000000000001, 0.0008789000000000001, 0.0005401000000000001, 0.0002794, 0.0004972, 0.0008569000000000001, 0.0008833000000000001, 0.0005401000000000001, 0.0002783, 0.0005016, 0.0008613000000000001, 0.0008833000000000001, 0.0005412, 0.00028490000000000004, 0.00048510000000000003, 0.0008624, 0.0008822000000000001, 0.0005412, 0.0002926, 0.0004972, 0.0008415, 0.0008789000000000001, 0.0005324, 0.0002904, 0.0004983, 0.0008613000000000001, 0.00088, 0.0005401000000000001, 0.0002739, 0.0004917, 0.0008558000000000001, 0.0008877000000000001, 0.0005357000000000001, 0.00029150000000000004, 0.000484, 0.0008525000000000001, 0.0008756, 0.0005258, 0.00028270000000000004, 0.0004906, 0.0008492, 0.0008899, 0.000539, 0.0002805, 0.000484, 0.0008503, 0.0008833000000000001, 0.0005357000000000001, 0.0002772, 0.00047630000000000003, 0.0008503, 0.0008778000000000001, 0.0005346, 0.00028490000000000004, 0.0004939, 0.0008536, 0.0008690000000000001, 0.0005423, 0.0002794, 0.0004862, 0.0008536, 0.00088, 0.0005302, 0.00028270000000000004, 0.0004818, 0.0008547, 0.0008734000000000001, 0.0005346, 0.0002794, 0.0004972, 0.0008525000000000001, 0.0008723, 0.0005423, 0.0002761, 0.00048510000000000003, 0.0008591, 0.00088, 0.0005379, 0.0002739, 0.0004884, 0.0008459, 0.0008855, 0.0005313000000000001, 0.0002772, 0.0004972, 0.0008492, 0.0008756, 0.0005291, 0.000275, 0.0004873, 0.0008536, 0.0008789000000000001, 0.0005335, 0.00028930000000000004, 0.0004928, 0.0008547, 0.0008844, 0.0005346, 0.0002783, 0.0004939, 0.0008591, 0.0008888, 0.0005357000000000001, 0.0002772, 0.0004906, 0.0008646000000000001, 0.0008745000000000001, 0.0005302, 0.0002904, 0.00048510000000000003, 0.0008514000000000001, 0.0008767, 0.0005401000000000001, 0.0002926, 0.0004895, 0.0008591, 0.00088, 0.0005368, 0.0002728, 0.0004884, 0.0008624, 0.0008767, 0.0005368, 0.00028270000000000004, 0.0004917, 0.0008558000000000001, 0.0008789000000000001, 0.000528, 0.00028710000000000004, 0.0004895, 0.0008536, 0.0008888, 0.0005346, 0.00028490000000000004, 0.0005005000000000001, 0.0008459, 0.0008756, 0.0005346, 0.0002717, 0.00048290000000000003, 0.0008624, 0.0008811, 0.0005258, 0.00028710000000000004, 0.0004862, 0.0008558000000000001, 0.0008734000000000001, 0.0005335, 0.0002816, 0.0004917, 0.0008525000000000001, 0.00088, 0.0005335, 0.00028490000000000004, 0.000495, 0.0008536, 0.00088, 0.000539, 0.0002739, 0.0004862, 0.0008481000000000001, 0.0008723, 0.0005401000000000001, 0.00028490000000000004, 0.0004961000000000001, 0.0008547, 0.0008877000000000001, 0.0005412, 0.00028930000000000004, 0.0004961000000000001, 0.0008569000000000001, 0.0008822000000000001, 0.0005313000000000001, 0.0002882, 0.0004873, 0.0008514000000000001, 0.0008822000000000001, 0.0005357000000000001, 0.00028490000000000004, 0.0004895, 0.0008602000000000001, 0.0008756, 0.0005302, 0.0002794, 0.0004939, 0.000858, 0.0008701000000000001, 0.0005445000000000001, 0.0002838, 0.0004961000000000001, 0.0008602000000000001, 0.0008833000000000001, 0.0005368, 0.00028270000000000004, 0.0004873, 0.0008448, 0.00088, 0.0005412, 0.0002838, 0.000484, 0.0008503, 0.0008822000000000001, 0.0005181000000000001, 0.000286, 0.00047850000000000003, 0.0008536, 0.0008833000000000001, 0.0005313000000000001, 0.0002838, 0.0004884, 0.0008569000000000001, 0.0008657000000000001, 0.0005368, 0.00028490000000000004, 0.00048510000000000003, 0.0008514000000000001, 0.0008734000000000001, 0.0005324, 0.0002794, 0.0004961000000000001, 0.0008514000000000001, 0.0008712, 0.0005346, 0.00028270000000000004, 0.0004983, 0.000858, 0.0008712, 0.0005335, 0.00028710000000000004, 0.0004917, 0.0008514000000000001, 0.0008822000000000001, 0.000539, 0.00028710000000000004, 0.0004928, 0.0008635, 0.0008833000000000001, 0.0005357000000000001, 0.0002882, 0.0004939, 0.0008591, 0.00088, 0.0005368, 0.0002882, 0.0004983, 0.0008536, 0.0008745000000000001, 0.0005291, 0.000275, 0.0004906, 0.0008525000000000001, 0.0008767, 0.0005346, 0.0002805, 0.0005027, 0.0008569000000000001, 0.0008767, 0.0005401000000000001, 0.0002794, 0.0004928, 0.0008558000000000001, 0.0008789000000000001, 0.0005258, 0.0002805, 0.0004961000000000001, 0.0008569000000000001, 0.00088, 0.000539, 0.000275, 0.0004884, 0.0008492, 0.0008778000000000001]",-16
20,"[-7.7e-06, -2.2e-06, 5.5e-05, 6.6e-05, 4.07e-05, -1.2100000000000001e-05, -1.1e-06, 4.5100000000000005e-05, 5.83e-05, 1.87e-05, -1.32e-05, 0.0, 4.5100000000000005e-05, 6.49e-05, 2.4200000000000002e-05, -1.54e-05, 0.0, 5.0600000000000003e-05, 5.83e-05, 2.75e-05, -3.3e-06, 1.1e-06, 4.4e-05, 5.28e-05, 3.63e-05, -7.7e-06, 4.4e-06, 4.4e-05, 7.04e-05, 2.97e-05, -1.65e-05, 9.9e-06, 4.07e-05, 5.83e-05, 2.3100000000000002e-05, -1.32e-05, -2.2e-06, 5.0600000000000003e-05, 6.49e-05, 3.3e-05, -1.54e-05, 0.0, 4.8400000000000004e-05, 5.94e-05, 3.08e-05, -1.43e-05, -7.7e-06, 4.6200000000000005e-05, 5.28e-05, 3.3e-05, -1.87e-05, -1.1e-06, 4.29e-05, 6.82e-05, 2.64e-05, -1.87e-05, -4.4e-06, 4.8400000000000004e-05, 6.05e-05, 3.19e-05, -7.7e-06, -5.5e-06, 4.7300000000000005e-05, 6.27e-05, 3.08e-05, -1.43e-05, -4.4e-06, 5.39e-05, 6.05e-05, 2.64e-05, -7.7e-06, -1.2100000000000001e-05, 4.18e-05, 6.6e-05, 3.52e-05, -2.09e-05, -1.43e-05, 4.29e-05, 5.61e-05, 2.4200000000000002e-05, -1.1e-05, -7.7e-06, 4.5100000000000005e-05, 6.71e-05, 1.87e-05, -1.32e-05, -4.4e-06, 4.6200000000000005e-05, 5.83e-05, 2.5300000000000002e-05, -2.4200000000000002e-05, 0.0, 4.4e-05, 5.5e-05, 2.75e-05, -1.76e-05, 2.2e-06, 4.18e-05, 6.27e-05, 2.2e-05, -1.76e-05, 8.8e-06, 5.28e-05, 7.37e-05, 2.75e-05, -1.1e-05, -4.4e-06, 3.96e-05, 4.8400000000000004e-05, 2.97e-05, -1.32e-05, 3.3e-06, 4.4e-05, 6.05e-05, 2.86e-05, -2.09e-05, -5.5e-06, 5.39e-05, 6.71e-05, 2.3100000000000002e-05, -1.43e-05, -2.2e-06, 5.28e-05, 5.28e-05, 2.3100000000000002e-05, -9.9e-06, -4.4e-06, 3.85e-05, 6.71e-05, 2.64e-05, -1.43e-05, 2.2e-06, 3.74e-05, 6.05e-05, 3.19e-05, -8.8e-06, -9.9e-06, 4.18e-05, 5.83e-05, 2.86e-05, -1.54e-05, -1.1e-06, 4.4e-05, 5.83e-05, 2.09e-05, -7.7e-06, 3.3e-06, 4.07e-05, 6.05e-05, 3.3e-05, -1.32e-05, -4.4e-06, 4.18e-05, 5.83e-05, 1.98e-05, -7.7e-06, -3.3e-06, 4.4e-05, 5.94e-05, 2.09e-05, -1.65e-05, -3.3e-06, 3.96e-05, 6.05e-05, 2.75e-05, -6.6e-06, -1.1e-06, 4.5100000000000005e-05, 6.16e-05, 3.19e-05, -1.43e-05, -1.1e-06, 3.52e-05, 6.16e-05, 2.86e-05, -3.3e-06, -6.6e-06, 3.63e-05, 5.94e-05, 2.2e-05, -9.9e-06, -3.3e-06, 3.85e-05, 6.6e-05, 3.19e-05, -9.9e-06, -5.5e-06, 3.85e-05, 4.9500000000000004e-05, 3.85e-05, -7.7e-06, -5.5e-06, 3.52e-05, 6.05e-05, 2.97e-05, -6.6e-06, -8.8e-06, 4.29e-05, 6.27e-05, 3.63e-05, -1.1e-06, 5.5e-06, 4.6200000000000005e-05, 5.72e-05, 2.86e-05, -1.2100000000000001e-05, 2.2e-06, 4.29e-05, 5.72e-05, 3.41e-05, -9.9e-06, -5.5e-06, 4.18e-05, 5.61e-05, 2.86e-05, -9.9e-06, -3.3e-06, 4.7300000000000005e-05, 5.94e-05, 2.64e-05, -1.76e-05, -4.4e-06, 4.5100000000000005e-05, 5.5e-05, 2.64e-05, -1.1e-05, 2.2e-06, 4.18e-05, 4.6200000000000005e-05, 3.41e-05, -1.65e-05, 1.1e-06, 4.5100000000000005e-05, 5.0600000000000003e-05, 2.5300000000000002e-05, -1.87e-05, -1.1e-06, 3.96e-05, 5.72e-05, 3.3e-05, -1.32e-05, -6.6e-06, 4.6200000000000005e-05, 5.5e-05, 2.97e-05, -1.32e-05, 4.4e-06, 4.8400000000000004e-05, 6.16e-05, 3.08e-05, -8.8e-06, 3.3e-06, 3.85e-05, 6.38e-05, 2.5300000000000002e-05, -5.5e-06, 0.0, 4.6200000000000005e-05, 5.94e-05, 2.75e-05, -1.98e-05, -5.5e-06, 4.07e-05, 5.39e-05, 3.63e-05, -7.7e-06, -1.1e-05, 4.5100000000000005e-05, 5.83e-05, 3.63e-05, -1.65e-05, -2.2e-06, 3.52e-05, 5.94e-05, 3.96e-05, -1.54e-05, -1.1e-06, 5.17e-05, 5.83e-05, 3.19e-05, -1.32e-05, -5.5e-06, 3.41e-05, 6.82e-05, 3.52e-05, -5.5e-06, -2.2e-06, 3.85e-05, 4.9500000000000004e-05, 1.76e-05, -3.08e-05, 8.8e-06, 4.5100000000000005e-05, 4.5100000000000005e-05, 2.2e-05, -1.87e-05, -5.5e-06, 4.07e-05, 6.49e-05, 2.64e-05, -1.1e-05, -7.7e-06, 4.7300000000000005e-05, 5.61e-05, 3.19e-05, -7.7e-06, 2.2e-06, 3.74e-05, 6.93e-05, 2.75e-05, -9.9e-06, -1.1e-06, 4.5100000000000005e-05, 5.83e-05, 2.97e-05, -1.76e-05, -3.3e-06, 3.74e-05, 6.16e-05, 1.98e-05, -1.87e-05, -4.4e-06, 4.29e-05, 6.38e-05, 2.86e-05, -2.09e-05, -3.3e-06, 4.5100000000000005e-05, 6.71e-05, 3.08e-05, -6.6e-06, -1.1e-06, 4.8400000000000004e-05, 6.6e-05, 2.4200000000000002e-05, -4.4e-06, 1.1e-06, 4.8400000000000004e-05, 5.61e-05, 3.63e-05, -8.8e-06, -5.5e-06, 4.29e-05, 5.83e-05, 1.87e-05, -1.76e-05, -7.7e-06, 3.85e-05, 6.38e-05, 3.96e-05, -1.1e-05, -2.2e-06, 3.85e-05, 6.27e-05, 2.75e-05, -1.32e-05, 2.2e-06, 4.29e-05, 6.71e-05, 2.75e-05, -7.7e-06, -7.7e-06, 4.18e-05, 6.49e-05, 3.3e-05, -1.32e-05, -3.3e-06, 4.4e-05, 5.39e-05, 2.64e-05, -1.87e-05, -6.6e-06, 5.17e-05, 5.17e-05, 3.85e-05, -1.32e-05, 1.1e-06, 3.63e-05, 6.16e-05, 3.85e-05, -2.2e-05, -5.5e-06, 4.29e-05, 5.72e-05, 3.19e-05, -6.6e-06, -8.8e-06, 4.7300000000000005e-05, 4.9500000000000004e-05, 2.2e-05, -1.32e-05, -1.43e-05, 4.6200000000000005e-05, 6.05e-05, 2.75e-05, -1.54e-05, -3.3e-06, 4.4e-05, 5.39e-05, 2.86e-05, -8.8e-06, 1.1e-05, 4.6200000000000005e-05, 5.61e-05, 1.76e-05, -5.5e-06, -8.8e-06, 3.85e-05, 6.93e-05, 3.3e-05, -1.32e-05, 1.1e-06, 4.7300000000000005e-05, 6.27e-05, 2.5300000000000002e-05, -1.65e-05, 4.4e-06, 3.52e-05, 5.61e-05, 2.09e-05, -1.54e-05, 3.3e-06, 3.96e-05, 6.93e-05, 3.41e-05, -1.54e-05, -1.2100000000000001e-05, 3.74e-05, 6.05e-05, 1.76e-05, -7.7e-06, 2.2e-06, 4.07e-05, 6.6e-05, 3.08e-05, -9.9e-06, -1.2100000000000001e-05, 4.29e-05, 5.94e-05, 2.4200000000000002e-05, -8.8e-06, 1.1e-06, 3.52e-05, 6.49e-05, 3.19e-05, -1.1e-05, -8.8e-06, 3.96e-05, 5.17e-05, 3.41e-05, -7.7e-06, 0.0, 4.5100000000000005e-05, 5.94e-05, 2.75e-05, -2.64e-05, -1.2100000000000001e-05, 4.18e-05, 5.72e-05, 3.08e-05, -6.6e-06, 5.5e-06, 3.96e-05, 5.72e-05, 2.86e-05, -8.8e-06, -1.1e-05, 5.0600000000000003e-05, 5.5e-05, 3.3e-05, -1.43e-05, -1.1e-06, 4.8400000000000004e-05, 6.27e-05, 2.09e-05, -1.54e-05, -3.3e-06, 4.5100000000000005e-05, 5.61e-05, 3.96e-05, -1.54e-05, -2.2e-06, 4.29e-05, 6.71e-05, 2.75e-05, -1.54e-05, -1.43e-05, 3.08e-05, 5.94e-05, 2.2e-05, -1.1e-05, 1.32e-05, 4.7300000000000005e-05, 4.8400000000000004e-05, 2.75e-05, -1.43e-05, -1.1e-06, 4.4e-05, 5.72e-05, 2.97e-05]","[-0.0001287, -0.0001529, -0.0002057, -0.0002134, -0.0001694, -0.0001386, -0.0001639, -0.0002068, -0.0002156, -0.00017710000000000002, -0.0001331, -0.0001496, -0.0002112, -0.0002167, -0.00017930000000000002, -0.0001342, -0.0001562, -0.0002145, -0.0002145, -0.0001694, -0.0001243, -0.0001584, -0.0002035, -0.0002178, -0.0001705, -0.0001342, -0.0001496, -0.0002167, -0.000209, -0.0001694, -0.000132, -0.0001496, -0.0002057, -0.0002167, -0.0001716, -0.0001342, -0.0001463, -0.00019580000000000002, -0.0002156, -0.0001727, -0.0001298, -0.0001507, -0.00020020000000000001, -0.0002178, -0.0001683, -0.000132, -0.0001617, -0.00020020000000000001, -0.0002178, -0.0001716, -0.0001331, -0.0001529, -0.0002035, -0.0002288, -0.0001738, -0.0001265, -0.0001551, -0.0002123, -0.0002112, -0.000165, -0.0001265, -0.0001474, -0.00020020000000000001, -0.0002134, -0.00017930000000000002, -0.0001287, -0.0001562, -0.0002101, -0.0002211, -0.0001694, -0.0001243, -0.0001628, -0.0002068, -0.0002156, -0.00018150000000000002, -0.0001353, -0.0001639, -0.0002046, -0.0002178, -0.0001749, -0.0001254, -0.0001562, -0.0002068, -0.0002156, -0.0001705, -0.0001375, -0.000154, -0.000209, -0.0002156, -0.00017820000000000002, -0.0001408, -0.000154, -0.0002079, -0.0002123, -0.00017710000000000002, -0.0001408, -0.0001606, -0.0002035, -0.0002167, -0.0001683, -0.0001386, -0.0001595, -0.00019910000000000001, -0.0002156, -0.0001705, -0.0001298, -0.0001584, -0.0002112, -0.0002145, -0.0001694, -0.0001276, -0.0001606, -0.0002112, -0.0002189, -0.0001705, -0.0001375, -0.0001639, -0.00020130000000000001, -0.0002167, -0.0001694, -0.0001331, -0.0001551, -0.0002057, -0.0002145, -0.0001727, -0.0001375, -0.0001529, -0.00019470000000000002, -0.0002156, -0.000165, -0.0001309, -0.0001584, -0.0002134, -0.0002167, -0.0001716, -0.0001375, -0.0001518, -0.0002112, -0.0002167, -0.00017820000000000002, -0.0001353, -0.0001606, -0.000209, -0.0002156, -0.0001617, -0.0001397, -0.0001562, -0.0002035, -0.0002101, -0.0001705, -0.0001342, -0.0001496, -0.0002035, -0.0002101, -0.0001639, -0.0001364, -0.0001573, -0.0002057, -0.0002167, -0.0001749, -0.0001463, -0.000154, -0.0002057, -0.0002101, -0.00018370000000000002, -0.000143, -0.0001529, -0.0002046, -0.0002167, -0.00017930000000000002, -0.0001375, -0.000154, -0.0002101, -0.0002112, -0.00017930000000000002, -0.0001342, -0.0001584, -0.00020020000000000001, -0.0002134, -0.00017710000000000002, -0.0001309, -0.0001584, -0.0002123, -0.0002255, -0.0001705, -0.0001265, -0.0001496, -0.00019690000000000002, -0.0002145, -0.0001694, -0.0001331, -0.0001551, -0.00019800000000000002, -0.0002068, -0.00018150000000000002, -0.0001375, -0.000154, -0.0002079, -0.0002123, -0.0001705, -0.0001276, -0.0001474, -0.0002123, -0.0002112, -0.000176, -0.0001309, -0.0001595, -0.0002079, -0.0002167, -0.0001738, -0.0001298, -0.0001595, -0.0002123, -0.0002211, -0.0001683, -0.0001342, -0.0001606, -0.000209, -0.0002156, -0.00017710000000000002, -0.0001298, -0.0001507, -0.0002068, -0.0002156, -0.0001639, -0.0001397, -0.0001584, -0.0002035, -0.0002112, -0.0001694, -0.0001298, -0.0001551, -0.00020130000000000001, -0.0002123, -0.0001738, -0.0001408, -0.0001661, -0.0002112, -0.0002222, -0.0001694, -0.0001375, -0.000165, -0.00019580000000000002, -0.0002134, -0.00017710000000000002, -0.0001342, -0.000165, -0.0002079, -0.0002046, -0.0001705, -0.0001364, -0.0001606, -0.00020020000000000001, -0.0002277, -0.0001749, -0.0001287, -0.0001595, -0.0002057, -0.0002255, -0.0001749, -0.0001375, -0.0001529, -0.0002156, -0.0002068, -0.0001606, -0.0001342, -0.0001573, -0.0002101, -0.0002134, -0.0001694, -0.0001309, -0.0001507, -0.0002035, -0.0002233, -0.0001694, -0.000143, -0.000154, -0.0002068, -0.0002101, -0.0001672, -0.000132, -0.000143, -0.00020020000000000001, -0.0002156, -0.00018150000000000002, -0.000132, -0.0001507, -0.00019580000000000002, -0.0002156, -0.00017820000000000002, -0.0001342, -0.0001507, -0.0002079, -0.0002112, -0.00018040000000000002, -0.0001309, -0.0001507, -0.0002112, -0.00022, -0.00017930000000000002, -0.0001309, -0.0001584, -0.00020130000000000001, -0.0002178, -0.00018150000000000002, -0.0001254, -0.000154, -0.0002046, -0.0002156, -0.0001738, -0.000143, -0.0001617, -0.0002134, -0.0002123, -0.000176, -0.0001353, -0.0001595, -0.0002057, -0.0002101, -0.0001694, -0.0001199, -0.0001573, -0.0002035, -0.0002145, -0.0001749, -0.0001309, -0.000154, -0.00019800000000000002, -0.0002167, -0.0001694, -0.0001287, -0.000154, -0.00020130000000000001, -0.0002156, -0.0001749, -0.0001386, -0.0001551, -0.00019800000000000002, -0.0002079, -0.0001672, -0.0001254, -0.0001639, -0.0002046, -0.0002112, -0.00017820000000000002, -0.0001452, -0.0001672, -0.0002035, -0.0002134, -0.0001738, -0.0001353, -0.0001518, -0.0002101, -0.0002156, -0.0001738, -0.0001276, -0.0001584, -0.0002035, -0.0002178, -0.0001705, -0.0001331, -0.0001529, -0.00020020000000000001, -0.0002189, -0.0001661, -0.0001298, -0.0001628, -0.0002123, -0.0002222, -0.0001606, -0.000132, -0.0001606, -0.000209, -0.0002134, -0.0001683, -0.0001342, -0.0001628, -0.0002046, -0.0002079, -0.0001672, -0.0001309, -0.0001551, -0.0002057, -0.0002167, -0.0001705, -0.0001276, -0.0001496, -0.0002057, -0.0002101, -0.000165, -0.0001331, -0.0001606, -0.00020240000000000001, -0.0002068, -0.0001738, -0.000132, -0.0001595, -0.0002101, -0.0002178, -0.000176, -0.0001331, -0.0001496, -0.000209, -0.0002156, -0.0001727, -0.0001276, -0.0001441, -0.0002145, -0.0002211, -0.0001639, -0.0001342, -0.0001562, -0.00019800000000000002, -0.0002167, -0.0001694, -0.0001375, -0.0001639, -0.00020240000000000001, -0.0002189, -0.0001683, -0.0001342, -0.000154, -0.00020240000000000001, -0.0002178, -0.0001694, -0.0001353, -0.0001551, -0.0002112, -0.0002211, -0.000176, -0.0001331, -0.0001628, -0.0002046, -0.0002189, -0.0001683, -0.0001386, -0.0001573, -0.00019800000000000002, -0.0002046, -0.0001672, -0.0001342, -0.000154, -0.0002134, -0.0002145, -0.00017820000000000002, -0.000132, -0.0001474, -0.0002035, -0.00022, -0.0001694, -0.000143, -0.0001584, -0.00020130000000000001, -0.0002167, -0.00017930000000000002, -0.0001353, -0.0001573, -0.0002035, -0.0002189, -0.0001694, -0.0001243, -0.0001573, -0.00019580000000000002, -0.0002167, -0.0001738, -0.0001331, -0.0001562, -0.0002101, -0.0002101, -0.0001694, -0.0001298, -0.0001562, -0.0002068, -0.0002156, -0.00018370000000000002, -0.0001309, -0.0001606, -0.0002145, -0.0002046, -0.00017710000000000002, -0.0001408, -0.0001584, -0.00020130000000000001, -0.0002057, -0.00017930000000000002, -0.0001309, -0.0001496, -0.00020240000000000001, -0.0002112, -0.0001716, -0.000132, -0.0001584, -0.00019800000000000002, -0.0002189, -0.000165, -0.0001298, -0.0001496, -0.0002057, -0.0002134, -0.000165]","[0.0002783, 0.0005159, 0.0008602000000000001, 0.0008712, 0.0005236, 0.0002882, 0.000506, 0.0008569000000000001, 0.0008833000000000001, 0.0005203, 0.000275, 0.0005027, 0.0008646000000000001, 0.0008712, 0.000528, 0.0002816, 0.0004983, 0.0008558000000000001, 0.0008734000000000001, 0.0005137000000000001, 0.00028710000000000004, 0.0005049000000000001, 0.000858, 0.0008712, 0.0005291, 0.0002794, 0.0005016, 0.0008668, 0.0008723, 0.0005192, 0.0002761, 0.000506, 0.000858, 0.0008756, 0.0005236, 0.0002838, 0.0004939, 0.0008679, 0.0008679, 0.0005203, 0.0002772, 0.0005038, 0.000858, 0.0008712, 0.000517, 0.000286, 0.0004961000000000001, 0.000858, 0.0008657000000000001, 0.0005258, 0.0002684, 0.0005126, 0.0008668, 0.0008701000000000001, 0.0005269000000000001, 0.00028270000000000004, 0.0005005000000000001, 0.0008492, 0.0008789000000000001, 0.0005225000000000001, 0.0002772, 0.0005082, 0.0008646000000000001, 0.0008690000000000001, 0.0005214, 0.0002761, 0.0005005000000000001, 0.0008536, 0.0008679, 0.0005071, 0.0002772, 0.0005016, 0.000858, 0.0008745000000000001, 0.0005236, 0.000275, 0.0004961000000000001, 0.0008591, 0.0008723, 0.000528, 0.0002805, 0.0004917, 0.0008646000000000001, 0.00088, 0.0005192, 0.00028710000000000004, 0.000506, 0.0008668, 0.000858, 0.0005181000000000001, 0.0002783, 0.0005005000000000001, 0.0008558000000000001, 0.0008657000000000001, 0.0005214, 0.00028270000000000004, 0.000506, 0.0008635, 0.0008657000000000001, 0.0005225000000000001, 0.0002783, 0.0005027, 0.0008657000000000001, 0.0008657000000000001, 0.000517, 0.00028270000000000004, 0.000506, 0.0008646000000000001, 0.0008624, 0.000517, 0.0002761, 0.0004983, 0.0008514000000000001, 0.0008767, 0.0005236, 0.00029150000000000004, 0.0005049000000000001, 0.000858, 0.0008635, 0.0005302, 0.0002816, 0.0004906, 0.0008503, 0.0008657000000000001, 0.0005269000000000001, 0.0002816, 0.0005038, 0.0008569000000000001, 0.0008723, 0.0005214, 0.000286, 0.0005071, 0.000858, 0.0008668, 0.0005247, 0.000286, 0.0005016, 0.0008668, 0.0008635, 0.0005192, 0.00028710000000000004, 0.000506, 0.0008591, 0.0008767, 0.0005192, 0.0002838, 0.0005005000000000001, 0.0008569000000000001, 0.0008591, 0.0005126, 0.0002948, 0.0004994, 0.0008679, 0.0008657000000000001, 0.0005313000000000001, 0.0002838, 0.0005071, 0.0008558000000000001, 0.0008602000000000001, 0.0005181000000000001, 0.0002761, 0.0005005000000000001, 0.0008668, 0.0008723, 0.0005225000000000001, 0.0002761, 0.000506, 0.0008657000000000001, 0.0008646000000000001, 0.0005181000000000001, 0.0002904, 0.0005049000000000001, 0.0008712, 0.0008613000000000001, 0.0005214, 0.0002794, 0.0005005000000000001, 0.0008679, 0.0008701000000000001, 0.0005192, 0.0002695, 0.0005027, 0.0008712, 0.0008723, 0.0005269000000000001, 0.0002838, 0.0005082, 0.0008613000000000001, 0.0008701000000000001, 0.0005126, 0.0002794, 0.0005038, 0.0008646000000000001, 0.0008679, 0.0005302, 0.0002926, 0.0005027, 0.0008624, 0.0008745000000000001, 0.0005269000000000001, 0.000286, 0.0005071, 0.0008547, 0.0008679, 0.0005181000000000001, 0.00029150000000000004, 0.0005005000000000001, 0.000858, 0.0008701000000000001, 0.000528, 0.0002706, 0.000495, 0.0008602000000000001, 0.0008679, 0.0005181000000000001, 0.00028270000000000004, 0.0005093000000000001, 0.000858, 0.0008668, 0.0005236, 0.00028270000000000004, 0.0005016, 0.0008569000000000001, 0.0008668, 0.0005181000000000001, 0.000286, 0.0005027, 0.0008503, 0.0008723, 0.0005115, 0.0002882, 0.0005016, 0.0008470000000000001, 0.0008679, 0.0005203, 0.000286, 0.000495, 0.0008668, 0.0008624, 0.0005137000000000001, 0.0002838, 0.0005071, 0.0008602000000000001, 0.0008679, 0.0005192, 0.000286, 0.0005115, 0.0008547, 0.0008679, 0.0005093000000000001, 0.00028490000000000004, 0.0005082, 0.0008668, 0.0008767, 0.0005335, 0.00028270000000000004, 0.000517, 0.000858, 0.0008734000000000001, 0.0005126, 0.0002805, 0.0005038, 0.0008591, 0.0008624, 0.0005093000000000001, 0.0002794, 0.0005038, 0.0008635, 0.00088, 0.0005192, 0.0002838, 0.0004983, 0.0008569000000000001, 0.0008745000000000001, 0.0005115, 0.0002805, 0.0005027, 0.0008679, 0.0008723, 0.0005159, 0.0002882, 0.0005038, 0.0008701000000000001, 0.0008624, 0.0005214, 0.000275, 0.0005104, 0.0008558000000000001, 0.0008745000000000001, 0.0005159, 0.0002816, 0.0005071, 0.0008591, 0.0008767, 0.0005159, 0.0002882, 0.0005049000000000001, 0.0008569000000000001, 0.0008712, 0.0005115, 0.00029150000000000004, 0.0005016, 0.0008646000000000001, 0.0008734000000000001, 0.0005071, 0.0002772, 0.0005005000000000001, 0.0008657000000000001, 0.0008591, 0.0005126, 0.0002794, 0.0005038, 0.0008690000000000001, 0.0008712, 0.0005192, 0.0002805, 0.0005115, 0.0008668, 0.0008767, 0.0005247, 0.000275, 0.0005027, 0.0008591, 0.0008668, 0.0005236, 0.0002805, 0.0005082, 0.0008525000000000001, 0.0008668, 0.0005214, 0.0002783, 0.000495, 0.0008657000000000001, 0.0008624, 0.0005115, 0.0002772, 0.0005071, 0.0008613000000000001, 0.0008624, 0.0005181000000000001, 0.0002783, 0.0005093000000000001, 0.0008569000000000001, 0.0008646000000000001, 0.0005203, 0.0002816, 0.0005016, 0.0008646000000000001, 0.0008745000000000001, 0.0005115, 0.0002816, 0.0005115, 0.0008745000000000001, 0.00088, 0.0005126, 0.000275, 0.0005027, 0.0008624, 0.0008789000000000001, 0.0005181000000000001, 0.0002717, 0.0005038, 0.0008690000000000001, 0.0008635, 0.0005137000000000001, 0.0002838, 0.0004983, 0.0008657000000000001, 0.0008668, 0.0005104, 0.0002761, 0.0005038, 0.0008657000000000001, 0.0008712, 0.0005137000000000001, 0.0002717, 0.0005082, 0.0008558000000000001, 0.0008635, 0.0005126, 0.0002761, 0.0005016, 0.0008481000000000001, 0.0008646000000000001, 0.000528, 0.00028490000000000004, 0.0005082, 0.0008646000000000001, 0.0008701000000000001, 0.0005192, 0.0002761, 0.000506, 0.0008646000000000001, 0.0008679, 0.0005159, 0.0002772, 0.0005038, 0.0008657000000000001, 0.0008547, 0.0005203, 0.0002728, 0.0005005000000000001, 0.0008690000000000001, 0.0008657000000000001, 0.000517, 0.0002816, 0.0005049000000000001, 0.0008668, 0.0008701000000000001, 0.000517, 0.0002761, 0.0005049000000000001, 0.000858, 0.0008624, 0.0005093000000000001, 0.0002728, 0.0005016, 0.0008470000000000001, 0.0008679, 0.0005126, 0.0002838, 0.0005082, 0.0008701000000000001, 0.0008690000000000001, 0.000517, 0.0002783, 0.0005071, 0.0008668, 0.0008514000000000001, 0.0005148, 0.0002761, 0.0005071, 0.0008602000000000001, 0.0008767, 0.0005192, 0.0002728, 0.0005016, 0.0008756, 0.0008734000000000001, 0.0005148, 0.0002838, 0.0005049000000000001, 0.0008657000000000001, 0.0008679, 0.0005214, 0.000286, 0.0005115, 0.0008547, 0.0008624, 0.000506, 0.0002816, 0.0004983, 0.0008690000000000001, 0.0008778000000000001, 0.0005071, 0.000275, 0.0005093000000000001, 0.0008712, 0.0008613000000000001, 0.0005159, 0.0002794, 0.0005093000000000001, 0.0008569000000000001, 0.0008679, 0.0005093000000000001, 0.000286, 0.0005082, 0.0008503, 0.0008723, 0.0005137000000000001, 0.0002882, 0.0005027, 0.000858, 0.0008657000000000001, 0.0005148, 0.00028270000000000004, 0.0005005000000000001, 0.0008723, 0.0008668, 0.0005148, 0.0002761, 0.0005071, 0.0008657000000000001, 0.0008624, 0.0005093000000000001, 0.0002805, 0.0005071, 0.0008602000000000001, 0.0008646000000000001, 0.0005126, 0.0002904, 0.0005192, 0.0008602000000000001, 0.0008646000000000001, 0.0005049000000000001, 0.00028490000000000004, 0.0005016, 0.0008646000000000001, 0.0008701000000000001, 0.0005082]",-15
21,"[3.3e-06, 4.6200000000000005e-05, 5.17e-05, 2.4200000000000002e-05, -6.6e-06, 2.2e-06, 3.74e-05, 6.16e-05, 1.98e-05, -2.2e-05, -1.1e-06, 3.41e-05, 6.16e-05, 2.4200000000000002e-05, -9.9e-06, -3.3e-06, 4.6200000000000005e-05, 5.39e-05, 2.4200000000000002e-05, -1.2100000000000001e-05, -4.4e-06, 3.52e-05, 6.71e-05, 1.98e-05, -1.1e-05, 2.2e-06, 3.74e-05, 6.27e-05, 2.86e-05, -5.5e-06, 4.4e-06, 4.07e-05, 5.39e-05, 1.87e-05, -1.98e-05, -7.7e-06, 4.29e-05, 6.27e-05, 1.76e-05, -1.76e-05, -2.2e-06, 3.63e-05, 5.61e-05, 2.09e-05, -1.65e-05, -1.1e-06, 4.07e-05, 6.82e-05, 2.3100000000000002e-05, -5.5e-06, 3.3e-06, 3.41e-05, 5.28e-05, 2.86e-05, -1.87e-05, -6.6e-06, 2.75e-05, 5.72e-05, 2.86e-05, -2.64e-05, -5.5e-06, 3.96e-05, 5.28e-05, 2.2e-05, -2.75e-05, -4.4e-06, 3.63e-05, 4.9500000000000004e-05, 1.76e-05, -1.2100000000000001e-05, 1.1e-06, 3.63e-05, 5.61e-05, 2.75e-05, -1.98e-05, -6.6e-06, 4.5100000000000005e-05, 6.05e-05, 2.5300000000000002e-05, -2.2e-05, 0.0, 3.85e-05, 5.0600000000000003e-05, 2.64e-05, -1.76e-05, -3.3e-06, 5.0600000000000003e-05, 5.17e-05, 1.76e-05, -1.98e-05, -3.3e-06, 4.5100000000000005e-05, 4.9500000000000004e-05, 2.09e-05, -1.54e-05, -4.4e-06, 3.74e-05, 5.72e-05, 2.64e-05, -1.43e-05, -7.7e-06, 3.96e-05, 5.5e-05, 1.87e-05, -9.9e-06, -1.1e-06, 3.96e-05, 4.7300000000000005e-05, 2.5300000000000002e-05, -2.4200000000000002e-05, 4.4e-06, 3.63e-05, 5.5e-05, 2.2e-05, -2.2e-05, -1.65e-05, 3.52e-05, 5.39e-05, 2.09e-05, -2.3100000000000002e-05, -6.6e-06, 4.18e-05, 4.5100000000000005e-05, 2.09e-05, -2.2e-05, 1.1e-06, 3.52e-05, 5.17e-05, 2.64e-05, -1.32e-05, -6.6e-06, 3.41e-05, 5.17e-05, 2.64e-05, -1.43e-05, -5.5e-06, 3.74e-05, 5.72e-05, 2.09e-05, -9.9e-06, -2.2e-06, 3.63e-05, 4.9500000000000004e-05, 1.76e-05, -2.64e-05, -6.6e-06, 4.18e-05, 5.94e-05, 2.75e-05, -1.98e-05, 3.3e-06, 3.19e-05, 5.0600000000000003e-05, 1.54e-05, -1.98e-05, -6.6e-06, 4.5100000000000005e-05, 5.39e-05, 1.98e-05, -1.43e-05, -5.5e-06, 4.07e-05, 6.6e-05, 2.75e-05, -9.9e-06, -9.9e-06, 4.6200000000000005e-05, 5.83e-05, 2.09e-05, -1.43e-05, -7.7e-06, 4.29e-05, 5.5e-05, 2.09e-05, -1.98e-05, -2.2e-06, 4.07e-05, 4.9500000000000004e-05, 1.98e-05, -9.9e-06, -8.8e-06, 4.6200000000000005e-05, 4.8400000000000004e-05, 3.52e-05, -1.98e-05, -5.5e-06, 3.19e-05, 5.39e-05, 1.98e-05, -1.2100000000000001e-05, 0.0, 3.74e-05, 5.61e-05, 2.64e-05, -1.43e-05, -1.1e-05, 4.07e-05, 5.61e-05, 1.65e-05, -1.65e-05, -1.32e-05, 3.96e-05, 5.39e-05, 2.5300000000000002e-05, -1.43e-05, -9.9e-06, 4.7300000000000005e-05, 4.8400000000000004e-05, 2.4200000000000002e-05, -2.09e-05, -2.2e-06, 3.74e-05, 4.8400000000000004e-05, 3.08e-05, -1.43e-05, -7.7e-06, 4.07e-05, 7.37e-05, 2.3100000000000002e-05, -2.4200000000000002e-05, -4.4e-06, 3.19e-05, 5.72e-05, 2.3100000000000002e-05, -1.32e-05, 3.3e-06, 4.4e-05, 5.5e-05, 1.98e-05, -1.43e-05, -7.7e-06, 2.86e-05, 4.7300000000000005e-05, 2.64e-05, -1.54e-05, 6.6e-06, 4.4e-05, 5.94e-05, 2.2e-05, -1.2100000000000001e-05, -1.2100000000000001e-05, 3.41e-05, 5.17e-05, 3.08e-05, -1.65e-05, 2.2e-06, 5.0600000000000003e-05, 5.28e-05, 2.09e-05, -2.2e-05, -7.7e-06, 4.18e-05, 5.28e-05, 2.3100000000000002e-05, -2.09e-05, 4.4e-06, 4.4e-05, 5.61e-05, 2.64e-05, -1.2100000000000001e-05, 4.4e-06, 4.29e-05, 5.39e-05, 1.98e-05, -1.43e-05, -3.3e-06, 3.63e-05, 5.17e-05, 2.3100000000000002e-05, -9.9e-06, -8.8e-06, 4.07e-05, 6.16e-05, 2.75e-05, -1.2100000000000001e-05, -1.1e-06, 4.9500000000000004e-05, 5.39e-05, 2.64e-05, -2.09e-05, -1.1e-06, 3.52e-05, 4.6200000000000005e-05, 1.65e-05, -1.65e-05, -3.3e-06, 3.85e-05, 4.7300000000000005e-05, 2.5300000000000002e-05, -1.54e-05, -6.6e-06, 3.08e-05, 5.28e-05, 3.19e-05, -2.2e-05, 2.2e-06, 4.18e-05, 5.94e-05, 2.64e-05, -3.3e-06, -1.76e-05, 3.52e-05, 5.39e-05, 2.5300000000000002e-05, -7.7e-06, 8.8e-06, 3.19e-05, 5.17e-05, 1.98e-05, -1.32e-05, -4.4e-06, 4.5100000000000005e-05, 5.17e-05, 2.2e-05, -1.32e-05, -3.3e-06, 3.96e-05, 5.83e-05, 2.2e-05, -2.09e-05, -6.6e-06, 5.0600000000000003e-05, 4.4e-05, 2.86e-05, -2.2e-05, -1.1e-06, 3.85e-05, 5.28e-05, 2.5300000000000002e-05, -9.9e-06, -7.7e-06, 3.3e-05, 5.5e-05, 3.19e-05, -1.2100000000000001e-05, 4.4e-06, 4.07e-05, 5.61e-05, 3.41e-05, -1.65e-05, -7.7e-06, 4.6200000000000005e-05, 5.39e-05, 2.09e-05, -2.09e-05, -2.2e-06, 3.96e-05, 5.61e-05, 2.4200000000000002e-05, -9.9e-06, 4.4e-06, 3.52e-05, 6.16e-05, 2.5300000000000002e-05, -1.65e-05, -6.6e-06, 4.7300000000000005e-05, 5.28e-05, 2.2e-05, -1.87e-05, -1.1e-06, 3.63e-05, 5.28e-05, 1.87e-05, -8.8e-06, -6.6e-06, 5.61e-05, 5.72e-05, 1.32e-05, -1.1e-05, -2.2e-06, 4.29e-05, 5.72e-05, 1.98e-05, -1.54e-05, -8.8e-06, 4.07e-05, 5.61e-05, 1.98e-05, -1.87e-05, -8.8e-06, 3.96e-05, 6.38e-05, 1.98e-05, -1.43e-05, -4.4e-06, 3.63e-05, 6.27e-05, 2.09e-05, -2.64e-05, -2.2e-06, 4.4e-05, 5.61e-05, 2.09e-05, -1.2100000000000001e-05, 1.1e-06, 5.0600000000000003e-05, 5.61e-05, 2.97e-05, -9.9e-06, -2.2e-06, 4.29e-05, 5.61e-05, 1.76e-05, -7.7e-06, -1.43e-05, 3.41e-05, 5.17e-05, 1.54e-05, -2.64e-05, -1.1e-05, 4.18e-05, 5.0600000000000003e-05, 1.65e-05, -1.1e-05, -5.5e-06, 3.19e-05, 5.83e-05, 2.5300000000000002e-05, -1.76e-05, 5.5e-06, 3.74e-05, 5.83e-05, 2.4200000000000002e-05, -2.4200000000000002e-05, -5.5e-06, 4.29e-05, 5.72e-05, 2.09e-05, -1.98e-05, -4.4e-06, 3.41e-05, 5.17e-05, 1.32e-05, -1.54e-05, -6.6e-06, 3.74e-05, 5.5e-05, 1.65e-05, -1.1e-05, -3.3e-06, 4.5100000000000005e-05, 4.6200000000000005e-05, 1.43e-05, -1.43e-05, -9.9e-06, 3.85e-05, 5.17e-05, 2.3100000000000002e-05, -1.65e-05, -1.2100000000000001e-05, 3.85e-05, 4.8400000000000004e-05, 1.87e-05, -1.87e-05, -5.5e-06, 4.07e-05, 4.18e-05, 2.3100000000000002e-05, -1.32e-05, 0.0, 4.5100000000000005e-05, 4.9500000000000004e-05, 1.2100000000000001e-05, -3.08e-05, -1.2100000000000001e-05, 2.86e-05, 4.8400000000000004e-05, 2.09e-05, -8.8e-06, -4.4e-06, 3.19e-05, 5.94e-05, 2.2e-05, -1.1e-05, 0.0, 3.96e-05, 6.05e-05, 2.09e-05, -2.09e-05, -9.9e-06, 4.7300000000000005e-05, 5.94e-05, 2.2e-05, -1.98e-05, -1.1e-05, 4.5100000000000005e-05, 5.39e-05, 1.98e-05, -1.32e-05, -1.1e-05, 3.74e-05, 5.83e-05, 2.4200000000000002e-05, -2.09e-05, 2.2e-06, 4.5100000000000005e-05, 5.83e-05, 2.2e-05, -6.6e-06]","[-0.0001485, -0.0002068, -0.0002134, -0.0001628, -0.0001254, -0.0001595, -0.000209, -0.0002167, -0.0001672, -0.0001254, -0.0001617, -0.00019910000000000001, -0.0002189, -0.00017710000000000002, -0.0001309, -0.0001529, -0.0002079, -0.0002178, -0.0001716, -0.0001331, -0.0001551, -0.0002068, -0.0002046, -0.0001661, -0.0001287, -0.0001617, -0.00020020000000000001, -0.0002134, -0.0001716, -0.0001331, -0.0001573, -0.0002134, -0.0002079, -0.0001716, -0.0001342, -0.0001639, -0.000209, -0.0002189, -0.00017820000000000002, -0.0001287, -0.0001518, -0.00019910000000000001, -0.0002178, -0.0001639, -0.000132, -0.0001529, -0.00020240000000000001, -0.0002101, -0.0001716, -0.0001309, -0.000165, -0.0002167, -0.0002156, -0.0001727, -0.0001353, -0.0001507, -0.00020240000000000001, -0.0002079, -0.0001661, -0.0001232, -0.0001639, -0.000209, -0.0002134, -0.0001749, -0.0001298, -0.0001562, -0.00019140000000000002, -0.0002134, -0.0001727, -0.0001243, -0.0001573, -0.0002035, -0.0002123, -0.0001661, -0.0001342, -0.000154, -0.0002156, -0.0002156, -0.0001672, -0.0001287, -0.0001606, -0.0002112, -0.0002079, -0.0001661, -0.0001353, -0.0001507, -0.0002101, -0.000209, -0.000176, -0.0001353, -0.0001584, -0.0002046, -0.00022, -0.0001683, -0.0001309, -0.0001573, -0.00020020000000000001, -0.0002101, -0.0001716, -0.0001276, -0.0001551, -0.00020130000000000001, -0.0002178, -0.000165, -0.000132, -0.0001507, -0.00020240000000000001, -0.000209, -0.0001749, -0.0001232, -0.0001573, -0.0002035, -0.0002101, -0.0001683, -0.0001342, -0.0001584, -0.00020020000000000001, -0.0002101, -0.0001727, -0.0001342, -0.0001573, -0.0002035, -0.00019910000000000001, -0.00017930000000000002, -0.000132, -0.0001551, -0.0002057, -0.000209, -0.000165, -0.0001441, -0.0001606, -0.00020240000000000001, -0.0002167, -0.0001617, -0.0001353, -0.000165, -0.0002068, -0.0002068, -0.0001727, -0.000132, -0.000154, -0.000209, -0.0002145, -0.0001639, -0.0001364, -0.0001562, -0.00020240000000000001, -0.000209, -0.0001639, -0.0001298, -0.0001551, -0.0002035, -0.0002145, -0.0001573, -0.0001287, -0.0001606, -0.0002046, -0.0002145, -0.00017930000000000002, -0.0001298, -0.0001485, -0.0002101, -0.0002178, -0.0001716, -0.0001353, -0.0001584, -0.0002079, -0.0002134, -0.0001705, -0.0001342, -0.000143, -0.000209, -0.0002134, -0.0001661, -0.0001386, -0.0001562, -0.0002068, -0.000209, -0.0001749, -0.0001397, -0.0001562, -0.000209, -0.0002123, -0.0001694, -0.000132, -0.0001485, -0.00019360000000000002, -0.0002079, -0.0001672, -0.0001254, -0.0001573, -0.0002068, -0.000209, -0.0001683, -0.0001331, -0.0001584, -0.0002112, -0.0002156, -0.000176, -0.0001375, -0.0001595, -0.0002068, -0.0002167, -0.0001738, -0.0001375, -0.0001529, -0.0002035, -0.0002068, -0.0001617, -0.0001364, -0.0001661, -0.0002178, -0.0002112, -0.0001617, -0.0001386, -0.0001496, -0.0002079, -0.00019800000000000002, -0.0001738, -0.0001408, -0.0001672, -0.00020240000000000001, -0.0002101, -0.0001672, -0.0001331, -0.0001584, -0.0002101, -0.0002112, -0.0001705, -0.000132, -0.0001639, -0.00020130000000000001, -0.0002299, -0.0001595, -0.0001331, -0.0001518, -0.0002068, -0.0002046, -0.0001694, -0.0001265, -0.000154, -0.0002068, -0.000209, -0.0001661, -0.0001331, -0.000154, -0.0002178, -0.0002123, -0.000165, -0.000121, -0.0001562, -0.00020240000000000001, -0.0002178, -0.0001672, -0.0001342, -0.0001606, -0.0002057, -0.00022, -0.0001639, -0.000132, -0.0001595, -0.0002123, -0.0002299, -0.0001738, -0.0001309, -0.0001507, -0.0002079, -0.0002145, -0.0001573, -0.0001331, -0.0001529, -0.0002035, -0.0002222, -0.0001617, -0.0001364, -0.0001617, -0.0002123, -0.0002123, -0.0001727, -0.0001375, -0.0001628, -0.0002057, -0.0002057, -0.0001716, -0.0001375, -0.0001617, -0.00019800000000000002, -0.0002189, -0.0001661, -0.0001331, -0.0001606, -0.0002101, -0.0002134, -0.000165, -0.0001364, -0.0001562, -0.0002101, -0.0002068, -0.0001738, -0.0001298, -0.0001595, -0.0002057, -0.0002079, -0.0001694, -0.000132, -0.0001628, -0.00019360000000000002, -0.0002123, -0.000165, -0.0001364, -0.0001595, -0.0002068, -0.0002156, -0.0001694, -0.0001364, -0.0001595, -0.0002112, -0.0002167, -0.0001606, -0.0001276, -0.0001518, -0.0002057, -0.0002211, -0.0001628, -0.0001144, -0.0001518, -0.0002189, -0.0002167, -0.000165, -0.000132, -0.0001606, -0.0002046, -0.0002156, -0.0001639, -0.0001331, -0.0001584, -0.00019910000000000001, -0.0002123, -0.0001584, -0.0001386, -0.0001584, -0.0002123, -0.0002079, -0.0001738, -0.0001397, -0.0001595, -0.0002057, -0.0002189, -0.0001617, -0.0001408, -0.0001496, -0.0002178, -0.0002167, -0.0001705, -0.0001243, -0.0001595, -0.000209, -0.0002123, -0.0001727, -0.0001331, -0.0001639, -0.0002046, -0.00022, -0.0001474, -0.0001298, -0.0001628, -0.0002112, -0.0002123, -0.0001694, -0.0001353, -0.0001518, -0.0002035, -0.0002134, -0.0001683, -0.000121, -0.0001573, -0.0002068, -0.000209, -0.0001683, -0.0001397, -0.0001496, -0.0002134, -0.0002134, -0.0001683, -0.0001353, -0.0001529, -0.0002079, -0.0002288, -0.00018040000000000002, -0.000132, -0.0001496, -0.0002112, -0.0002079, -0.0001595, -0.0001408, -0.0001628, -0.0002057, -0.0002079, -0.0001617, -0.0001331, -0.0001562, -0.00019360000000000002, -0.0002057, -0.0001661, -0.0001309, -0.0001518, -0.00019800000000000002, -0.0002156, -0.0001672, -0.0001397, -0.0001573, -0.0002068, -0.0002068, -0.0001661, -0.0001353, -0.0001595, -0.0002046, -0.0002156, -0.0001694, -0.0001386, -0.0001584, -0.0002123, -0.0002123, -0.0001639, -0.0001342, -0.0001573, -0.0002134, -0.0002167, -0.00018040000000000002, -0.000121, -0.0001606, -0.0002123, -0.0002112, -0.00017930000000000002, -0.0001265, -0.0001606, -0.000209, -0.0002079, -0.0001738, -0.0001287, -0.0001551, -0.0002035, -0.0002211, -0.0001617, -0.0001276, -0.0001496, -0.000209, -0.0002101, -0.0001606, -0.0001397, -0.0001573, -0.000209, -0.0002101, -0.000176, -0.000132, -0.0001694, -0.0002079, -0.0002167, -0.00017710000000000002, -0.0001243, -0.0001529, -0.0002112, -0.0002123, -0.0001661, -0.000132, -0.0001617, -0.00019580000000000002, -0.0002079, -0.0001672, -0.000132, -0.0001672, -0.0002156, -0.0002211, -0.000176, -0.0001287, -0.0001595, -0.0002112, -0.0002079, -0.0001672, -0.0001397, -0.0001551, -0.0002156, -0.0002211, -0.00018040000000000002, -0.0001309, -0.0001507, -0.00019470000000000002, -0.0002101, -0.0001639, -0.0001309, -0.0001595, -0.0002079, -0.0002167, -0.0001694, -0.0001331, -0.0001551, -0.0002123, -0.0002167, -0.0001639, -0.0001386]","[0.000517, 0.0008646000000000001, 0.0008569000000000001, 0.0005104, 0.0002772, 0.0005093000000000001, 0.0008558000000000001, 0.0008613000000000001, 0.0005027, 0.0002761, 0.0005159, 0.0008657000000000001, 0.0008525000000000001, 0.0005126, 0.0002882, 0.0005148, 0.0008657000000000001, 0.0008635, 0.0005104, 0.0002794, 0.0005236, 0.0008646000000000001, 0.0008558000000000001, 0.0005016, 0.0002772, 0.0005181000000000001, 0.0008679, 0.0008723, 0.0005049000000000001, 0.0002761, 0.0005258, 0.0008690000000000001, 0.0008536, 0.0005049000000000001, 0.000286, 0.0005159, 0.0008690000000000001, 0.0008569000000000001, 0.0005093000000000001, 0.0002794, 0.0005236, 0.0008668, 0.0008690000000000001, 0.0005016, 0.00028930000000000004, 0.0005104, 0.0008613000000000001, 0.0008591, 0.0005005000000000001, 0.0002926, 0.0005148, 0.0008646000000000001, 0.0008514000000000001, 0.0005049000000000001, 0.0002728, 0.0005214, 0.0008690000000000001, 0.0008591, 0.0004994, 0.0002805, 0.0005148, 0.0008690000000000001, 0.0008679, 0.0005071, 0.00028490000000000004, 0.0005225000000000001, 0.0008679, 0.0008657000000000001, 0.000495, 0.0002772, 0.0005159, 0.0008701000000000001, 0.0008591, 0.0005071, 0.0002805, 0.0005181000000000001, 0.0008712, 0.0008635, 0.0005049000000000001, 0.0002794, 0.0005126, 0.0008778000000000001, 0.0008481000000000001, 0.0005049000000000001, 0.0002838, 0.000517, 0.0008657000000000001, 0.0008745000000000001, 0.0004961000000000001, 0.0002761, 0.0005192, 0.0008569000000000001, 0.0008701000000000001, 0.0005104, 0.0002783, 0.0005093000000000001, 0.00088, 0.0008602000000000001, 0.0005104, 0.0002794, 0.0005159, 0.0008723, 0.0008591, 0.0005027, 0.0002772, 0.0005258, 0.0008613000000000001, 0.0008657000000000001, 0.0005005000000000001, 0.00028710000000000004, 0.0005203, 0.0008690000000000001, 0.0008569000000000001, 0.0005093000000000001, 0.0002816, 0.0005181000000000001, 0.0008712, 0.0008558000000000001, 0.0004972, 0.0002882, 0.000517, 0.0008679, 0.0008613000000000001, 0.0005093000000000001, 0.00028930000000000004, 0.0005104, 0.0008624, 0.0008448, 0.0005093000000000001, 0.0002706, 0.000517, 0.0008690000000000001, 0.000858, 0.000495, 0.0002706, 0.000517, 0.0008745000000000001, 0.0008646000000000001, 0.0005093000000000001, 0.0002761, 0.0005225000000000001, 0.0008723, 0.0008569000000000001, 0.0005005000000000001, 0.0002794, 0.0005247, 0.0008712, 0.0008668, 0.0005027, 0.0002805, 0.0005192, 0.0008701000000000001, 0.0008613000000000001, 0.0005071, 0.0002794, 0.000528, 0.0008756, 0.0008547, 0.0005016, 0.0002794, 0.0005225000000000001, 0.0008657000000000001, 0.0008635, 0.0005071, 0.0002794, 0.0005236, 0.0008767, 0.0008624, 0.0004961000000000001, 0.000286, 0.0005148, 0.0008723, 0.0008624, 0.0005005000000000001, 0.0002728, 0.0005247, 0.0008591, 0.0008635, 0.0005038, 0.0002816, 0.0005181000000000001, 0.0008569000000000001, 0.0008723, 0.000506, 0.0002838, 0.0005126, 0.0008679, 0.0008514000000000001, 0.000506, 0.0002761, 0.0005159, 0.0008591, 0.0008547, 0.0004994, 0.0002805, 0.0005159, 0.0008811, 0.0008712, 0.0004994, 0.00028490000000000004, 0.0005247, 0.0008723, 0.0008668, 0.0004961000000000001, 0.0002794, 0.0005192, 0.0008745000000000001, 0.0008536, 0.0004939, 0.00028490000000000004, 0.0005258, 0.0008734000000000001, 0.0008547, 0.0005016, 0.00028710000000000004, 0.0005313000000000001, 0.0008712, 0.0008492, 0.0004972, 0.0002772, 0.0005126, 0.0008690000000000001, 0.0008602000000000001, 0.000495, 0.0002783, 0.0005247, 0.0008712, 0.0008613000000000001, 0.0005027, 0.0002783, 0.0005225000000000001, 0.0008723, 0.0008679, 0.0005049000000000001, 0.0002783, 0.0005159, 0.0008679, 0.0008646000000000001, 0.0005038, 0.0002783, 0.0005148, 0.0008712, 0.0008712, 0.0005104, 0.0002761, 0.0005225000000000001, 0.0008624, 0.0008602000000000001, 0.0005016, 0.0002794, 0.0005181000000000001, 0.0008778000000000001, 0.0008591, 0.0005082, 0.0002772, 0.0005115, 0.0008712, 0.0008635, 0.0004983, 0.00028710000000000004, 0.0005203, 0.0008712, 0.0008635, 0.0005016, 0.0002838, 0.0005148, 0.0008712, 0.0008569000000000001, 0.0004961000000000001, 0.0002761, 0.0005225000000000001, 0.0008734000000000001, 0.0008591, 0.0005027, 0.0002772, 0.0005214, 0.0008756, 0.0008613000000000001, 0.0004994, 0.00028270000000000004, 0.000517, 0.0008690000000000001, 0.0008536, 0.0005027, 0.0002838, 0.0005236, 0.0008745000000000001, 0.0008613000000000001, 0.0005027, 0.000275, 0.0005214, 0.0008767, 0.0008635, 0.0004884, 0.00028710000000000004, 0.000528, 0.0008767, 0.0008657000000000001, 0.0004972, 0.0002838, 0.0005269000000000001, 0.0008657000000000001, 0.0008569000000000001, 0.0004961000000000001, 0.0002816, 0.0005225000000000001, 0.0008536, 0.0008657000000000001, 0.0005093000000000001, 0.00028490000000000004, 0.0005302, 0.0008745000000000001, 0.0008602000000000001, 0.0004994, 0.00028710000000000004, 0.0005203, 0.0008745000000000001, 0.0008536, 0.0004961000000000001, 0.0002838, 0.0005159, 0.0008646000000000001, 0.0008426, 0.0004917, 0.00028490000000000004, 0.000528, 0.0008701000000000001, 0.0008536, 0.000506, 0.00028710000000000004, 0.0005082, 0.0008822000000000001, 0.0008569000000000001, 0.0004873, 0.00028270000000000004, 0.000517, 0.0008690000000000001, 0.0008536, 0.0004972, 0.0002805, 0.0005335, 0.0008602000000000001, 0.0008470000000000001, 0.0004983, 0.0002805, 0.0005258, 0.0008723, 0.0008558000000000001, 0.0005082, 0.0002805, 0.0005192, 0.0008679, 0.0008492, 0.0004939, 0.0002717, 0.0005247, 0.0008657000000000001, 0.0008558000000000001, 0.0004994, 0.00028490000000000004, 0.0005159, 0.0008723, 0.0008679, 0.0004972, 0.0002838, 0.0005148, 0.0008789000000000001, 0.0008514000000000001, 0.0005071, 0.00028270000000000004, 0.0005159, 0.0008745000000000001, 0.0008547, 0.0004994, 0.00028270000000000004, 0.0005247, 0.0008701000000000001, 0.0008558000000000001, 0.0005016, 0.00028710000000000004, 0.000528, 0.0008712, 0.000858, 0.000495, 0.0002761, 0.0005335, 0.0008624, 0.0008701000000000001, 0.0004917, 0.00028490000000000004, 0.0005313000000000001, 0.0008844, 0.0008481000000000001, 0.0004928, 0.0002783, 0.0005214, 0.0008690000000000001, 0.0008602000000000001, 0.0005049000000000001, 0.0002739, 0.0005258, 0.0008624, 0.0008602000000000001, 0.0005005000000000001, 0.0002816, 0.0005236, 0.0008668, 0.0008536, 0.0004994, 0.0002805, 0.0005302, 0.0008745000000000001, 0.0008569000000000001, 0.0004972, 0.0002794, 0.0005148, 0.0008668, 0.0008657000000000001, 0.0004939, 0.00028270000000000004, 0.0005214, 0.0008712, 0.0008503, 0.0004983, 0.0002794, 0.0005137000000000001, 0.0008668, 0.0008547, 0.000495, 0.0002816, 0.000528, 0.0008679, 0.0008525000000000001, 0.0005016, 0.00028930000000000004, 0.000517, 0.0008668, 0.0008569000000000001, 0.0005005000000000001, 0.0002739, 0.0005137000000000001, 0.0008756, 0.0008613000000000001, 0.0004928, 0.0002695, 0.0005247, 0.0008734000000000001, 0.0008712, 0.0004939, 0.0002717, 0.0005269000000000001, 0.0008657000000000001, 0.0008481000000000001, 0.0005005000000000001, 0.0002904, 0.0005192, 0.0008822000000000001, 0.0008569000000000001, 0.0004917, 0.00028490000000000004, 0.0005379, 0.0008811, 0.0008514000000000001, 0.0005005000000000001, 0.0002794, 0.0005258, 0.0008657000000000001, 0.0008536, 0.0005071, 0.0002772, 0.0005269000000000001, 0.0008679, 0.0008602000000000001, 0.000506, 0.0002882, 0.0005203, 0.0008723, 0.0008536, 0.0004917, 0.0002816, 0.000528, 0.0008723, 0.0008558000000000001, 0.0004961000000000001, 0.0002739, 0.0005203, 0.0008679, 0.0008558000000000001, 0.0004939, 0.0002739, 0.0005269000000000001, 0.0008745000000000001, 0.000858, 0.0004939, 0.0002838, 0.0005313000000000001, 0.0008723, 0.0008558000000000001, 0.0005016, 0.0002882]",-14
22,"[3.63e-05, 5.83e-05, 1.98e-05, -1.32e-05, -6.6e-06, 4.07e-05, 4.7300000000000005e-05, 2.09e-05, -2.09e-05, -4.4e-06, 3.41e-05, 5.61e-05, 1.98e-05, -2.2e-05, -7.7e-06, 2.97e-05, 4.7300000000000005e-05, 2.2e-05, -1.65e-05, -1.1e-05, 3.41e-05, 4.8400000000000004e-05, 3.41e-05, -1.76e-05, -3.3e-06, 3.41e-05, 5.0600000000000003e-05, 2.3100000000000002e-05, -1.54e-05, -8.8e-06, 3.3e-05, 4.4e-05, 1.43e-05, -8.8e-06, -2.2e-06, 3.08e-05, 4.07e-05, 1.32e-05, -1.76e-05, -1.1e-06, 3.96e-05, 5.17e-05, 1.87e-05, -2.2e-05, -6.6e-06, 3.52e-05, 5.28e-05, 1.54e-05, -1.65e-05, -1.2100000000000001e-05, 2.97e-05, 4.9500000000000004e-05, 1.98e-05, -1.76e-05, 4.4e-06, 3.08e-05, 4.8400000000000004e-05, 1.76e-05, -1.87e-05, -9.9e-06, 3.3e-05, 4.8400000000000004e-05, 1.1e-05, -1.32e-05, -5.5e-06, 3.52e-05, 4.29e-05, 1.43e-05, -9.9e-06, -7.7e-06, 3.85e-05, 6.27e-05, 1.2100000000000001e-05, -2.3100000000000002e-05, 1.1e-06, 3.85e-05, 3.85e-05, 2.64e-05, -1.76e-05, -4.4e-06, 2.97e-05, 4.5100000000000005e-05, 2.4200000000000002e-05, -1.98e-05, -1.1e-06, 2.75e-05, 4.5100000000000005e-05, 1.54e-05, -1.43e-05, -2.2e-06, 3.63e-05, 4.8400000000000004e-05, 2.2e-05, -1.1e-05, -5.5e-06, 4.29e-05, 4.18e-05, 1.43e-05, -1.65e-05, -7.7e-06, 3.19e-05, 5.17e-05, 1.98e-05, -1.87e-05, 2.2e-06, 3.19e-05, 4.8400000000000004e-05, 2.2e-05, -1.87e-05, -4.4e-06, 4.07e-05, 4.9500000000000004e-05, 5.5e-06, -1.43e-05, -5.5e-06, 3.85e-05, 4.7300000000000005e-05, 1.43e-05, -1.54e-05, 1.1e-06, 3.41e-05, 4.9500000000000004e-05, 1.76e-05, -6.6e-06, -1.32e-05, 3.74e-05, 4.8400000000000004e-05, 3.3e-06, -8.8e-06, -6.6e-06, 3.85e-05, 5.17e-05, 2.09e-05, -2.3100000000000002e-05, -1.1e-05, 2.97e-05, 5.17e-05, 2.09e-05, -1.65e-05, -6.6e-06, 3.3e-05, 4.7300000000000005e-05, 1.87e-05, -2.4200000000000002e-05, -1.1e-05, 3.96e-05, 5.0600000000000003e-05, 1.65e-05, -2.4200000000000002e-05, -6.6e-06, 3.52e-05, 4.7300000000000005e-05, 2.09e-05, -2.3100000000000002e-05, -1.1e-06, 3.52e-05, 5.0600000000000003e-05, 1.32e-05, -1.87e-05, 0.0, 2.86e-05, 4.9500000000000004e-05, 1.2100000000000001e-05, -2.5300000000000002e-05, -9.9e-06, 3.85e-05, 4.7300000000000005e-05, 2.09e-05, -2.97e-05, -1.65e-05, 4.29e-05, 4.7300000000000005e-05, 1.54e-05, -2.2e-06, -1.54e-05, 3.85e-05, 4.4e-05, 2.64e-05, -1.98e-05, -4.4e-06, 3.41e-05, 5.0600000000000003e-05, 1.98e-05, -2.5300000000000002e-05, -6.6e-06, 3.52e-05, 4.5100000000000005e-05, 1.76e-05, -1.32e-05, -7.7e-06, 3.08e-05, 5.28e-05, 1.54e-05, -1.87e-05, -3.3e-06, 3.3e-05, 3.52e-05, 1.76e-05, -3.41e-05, -9.9e-06, 4.07e-05, 4.8400000000000004e-05, 8.8e-06, -1.1e-05, -6.6e-06, 3.08e-05, 4.18e-05, 2.09e-05, -1.1e-05, -3.3e-06, 3.63e-05, 4.7300000000000005e-05, 2.2e-05, -3.19e-05, -8.8e-06, 4.07e-05, 4.29e-05, 1.98e-05, -2.09e-05, -4.4e-06, 3.74e-05, 4.9500000000000004e-05, 1.65e-05, -2.2e-05, -1.2100000000000001e-05, 4.29e-05, 4.29e-05, 1.87e-05, -2.2e-05, -9.9e-06, 3.3e-05, 4.29e-05, 1.2100000000000001e-05, -1.43e-05, -2.2e-06, 2.86e-05, 5.28e-05, 1.76e-05, -1.76e-05, -1.32e-05, 4.18e-05, 4.29e-05, 2.97e-05, -9.9e-06, -8.8e-06, 3.96e-05, 4.18e-05, 1.98e-05, -1.87e-05, -9.9e-06, 3.08e-05, 5.28e-05, 8.8e-06, -2.3100000000000002e-05, -3.3e-06, 3.52e-05, 4.9500000000000004e-05, 1.76e-05, -2.3100000000000002e-05, -4.4e-06, 3.08e-05, 5.39e-05, 2.4200000000000002e-05, -1.32e-05, -9.9e-06, 3.85e-05, 4.6200000000000005e-05, 1.54e-05, -2.3100000000000002e-05, -7.7e-06, 2.75e-05, 4.9500000000000004e-05, 1.76e-05, -1.43e-05, -9.9e-06, 4.7300000000000005e-05, 4.29e-05, 1.32e-05, -2.2e-05, -6.6e-06, 3.3e-05, 4.18e-05, 1.32e-05, -2.09e-05, -1.65e-05, 4.4e-05, 4.4e-05, 2.4200000000000002e-05, -1.32e-05, -6.6e-06, 3.52e-05, 5.0600000000000003e-05, 1.65e-05, -1.32e-05, -5.5e-06, 3.74e-05, 4.4e-05, 2.3100000000000002e-05, -1.43e-05, -1.32e-05, 1.98e-05, 4.7300000000000005e-05, 2.75e-05, -1.87e-05, -9.9e-06, 2.86e-05, 4.5100000000000005e-05, 1.1e-05, -1.87e-05, -4.4e-06, 4.5100000000000005e-05, 4.8400000000000004e-05, 1.65e-05, -1.54e-05, -3.3e-06, 3.96e-05, 5.83e-05, 2.64e-05, -1.98e-05, -6.6e-06, 4.18e-05, 4.4e-05, 1.54e-05, -1.76e-05, -1.32e-05, 4.9500000000000004e-05, 5.0600000000000003e-05, 2.2e-05, -2.09e-05, -9.9e-06, 3.63e-05, 4.7300000000000005e-05, 2.3100000000000002e-05, -1.65e-05, -1.65e-05, 3.85e-05, 4.6200000000000005e-05, 1.1e-05, -2.3100000000000002e-05, -9.9e-06, 4.4e-05, 4.6200000000000005e-05, 1.43e-05, -2.75e-05, -2.2e-06, 4.07e-05, 3.85e-05, 1.2100000000000001e-05, -1.87e-05, -5.5e-06, 2.86e-05, 3.3e-05, 8.8e-06, -2.09e-05, -4.4e-06, 3.63e-05, 4.5100000000000005e-05, 1.2100000000000001e-05, -1.98e-05, -9.9e-06, 4.29e-05, 4.9500000000000004e-05, 2.4200000000000002e-05, -2.4200000000000002e-05, -6.6e-06, 2.86e-05, 3.96e-05, 1.98e-05, -1.65e-05, -4.4e-06, 3.41e-05, 4.9500000000000004e-05, 2.4200000000000002e-05, -2.75e-05, -7.7e-06, 2.75e-05, 5.61e-05, 2.3100000000000002e-05, -2.3100000000000002e-05, 0.0, 2.86e-05, 4.6200000000000005e-05, 1.43e-05, -1.87e-05, -1.2100000000000001e-05, 3.85e-05, 4.4e-05, 2.4200000000000002e-05, -2.2e-05, -2.2e-06, 3.08e-05, 4.9500000000000004e-05, 1.87e-05, -2.3100000000000002e-05, -1.1e-05, 3.19e-05, 3.85e-05, 2.09e-05, -1.76e-05, -8.8e-06, 4.4e-05, 4.5100000000000005e-05, 2.2e-05, -1.76e-05, -1.32e-05, 4.07e-05, 4.8400000000000004e-05, 2.4200000000000002e-05, -2.5300000000000002e-05, -8.8e-06, 3.52e-05, 4.7300000000000005e-05, 2.5300000000000002e-05, -1.98e-05, -9.9e-06, 3.19e-05, 5.17e-05, 6.6e-06, -1.54e-05, -4.4e-06, 4.07e-05, 4.7300000000000005e-05, 2.5300000000000002e-05, -1.98e-05, 2.2e-06, 2.2e-05, 5.28e-05, 2.09e-05, -2.4200000000000002e-05, -6.6e-06, 3.52e-05, 3.74e-05, 1.98e-05, -9.9e-06, -3.3e-06, 3.85e-05, 5.17e-05, 1.54e-05, -1.43e-05, -4.4e-06, 3.52e-05, 4.29e-05, 1.54e-05, -2.2e-05, -7.7e-06, 3.96e-05, 5.0600000000000003e-05, 1.2100000000000001e-05, -1.32e-05, -8.8e-06, 2.97e-05, 4.6200000000000005e-05, 1.76e-05, -1.1e-06, -4.4e-06, 3.08e-05, 5.0600000000000003e-05, 2.4200000000000002e-05, -1.76e-05, -8.8e-06, 3.63e-05, 4.5100000000000005e-05, 6.6e-06, -2.86e-05, -1.1e-05, 3.63e-05, 4.8400000000000004e-05, 1.76e-05, -8.8e-06, -9.9e-06, 3.52e-05, 5.17e-05, 1.32e-05, -1.54e-05, -5.5e-06, 4.07e-05, 4.5100000000000005e-05, 2.3100000000000002e-05, -2.2e-05, -5.5e-06, 3.3e-05, 5.94e-05, 2.2e-05, -1.87e-05, -1.32e-05, 3.52e-05, 4.6200000000000005e-05, 2.2e-05, -1.76e-05, -5.5e-06, 3.41e-05, 5.72e-05, 2.4200000000000002e-05, -1.54e-05, -1.76e-05, 3.96e-05, 5.5e-05, 1.2100000000000001e-05, -1.98e-05, -5.5e-06]","[-0.0002046, -0.0002233, -0.0001727, -0.0001342, -0.0001617, -0.0002178, -0.0002101, -0.0001606, -0.0001298, -0.0001573, -0.0002046, -0.0002211, -0.0001661, -0.000132, -0.000154, -0.0002145, -0.0002145, -0.0001639, -0.0001364, -0.000165, -0.0002101, -0.0002178, -0.0001617, -0.0001309, -0.0001617, -0.00020130000000000001, -0.0002123, -0.000165, -0.0001309, -0.0001496, -0.0002079, -0.0002123, -0.0001738, -0.0001298, -0.0001606, -0.0002178, -0.0002167, -0.0001716, -0.000132, -0.0001518, -0.0002079, -0.00019800000000000002, -0.0001639, -0.0001342, -0.0001551, -0.00022, -0.0002046, -0.0001727, -0.0001331, -0.0001551, -0.0002079, -0.0002057, -0.0001672, -0.0001298, -0.0001639, -0.0002112, -0.00020130000000000001, -0.0001617, -0.0001265, -0.0001606, -0.000209, -0.0002156, -0.0001617, -0.0001243, -0.0001595, -0.0002046, -0.0002112, -0.0001584, -0.0001331, -0.0001529, -0.0002123, -0.0002123, -0.000165, -0.0001276, -0.0001485, -0.00020130000000000001, -0.0002156, -0.0001573, -0.0001375, -0.0001639, -0.0002101, -0.0002112, -0.0001727, -0.0001375, -0.0001496, -0.00019580000000000002, -0.0002123, -0.0001573, -0.000132, -0.0001595, -0.00020130000000000001, -0.000209, -0.0001716, -0.0001309, -0.0001595, -0.000209, -0.0002145, -0.0001672, -0.0001243, -0.0001573, -0.0002068, -0.0002079, -0.0001661, -0.0001276, -0.0001617, -0.0002079, -0.0002112, -0.0001683, -0.0001265, -0.0001496, -0.0002101, -0.0002057, -0.0001639, -0.000143, -0.0001573, -0.000209, -0.0002211, -0.0001683, -0.0001386, -0.0001628, -0.0002079, -0.0002068, -0.0001661, -0.0001254, -0.0001628, -0.0002035, -0.0002145, -0.0001694, -0.000132, -0.0001573, -0.0002068, -0.0002156, -0.0001727, -0.0001408, -0.0001661, -0.0002101, -0.00022, -0.0001705, -0.0001331, -0.0001573, -0.0002101, -0.0002068, -0.0001584, -0.0001353, -0.0001672, -0.0002057, -0.0002167, -0.0001683, -0.0001298, -0.0001661, -0.00020240000000000001, -0.000209, -0.0001727, -0.0001397, -0.0001551, -0.0002057, -0.000209, -0.0001628, -0.0001331, -0.0001485, -0.0002079, -0.0002123, -0.0001628, -0.000132, -0.0001551, -0.00019800000000000002, -0.0002101, -0.000165, -0.0001254, -0.0001529, -0.0002068, -0.0002134, -0.0001661, -0.0001408, -0.0001584, -0.0002101, -0.0002046, -0.0001738, -0.0001419, -0.0001584, -0.00020130000000000001, -0.000209, -0.00017820000000000002, -0.0001298, -0.0001507, -0.000209, -0.0002211, -0.000165, -0.0001265, -0.0001529, -0.0002079, -0.0002156, -0.0001584, -0.0001342, -0.0001628, -0.0002112, -0.0002178, -0.0001584, -0.0001276, -0.0001584, -0.0002112, -0.0002046, -0.0001639, -0.0001419, -0.0001518, -0.000209, -0.0002145, -0.0001694, -0.0001254, -0.0001573, -0.0002046, -0.0002112, -0.0001672, -0.0001397, -0.0001595, -0.0002035, -0.0002101, -0.0001617, -0.0001364, -0.000165, -0.0002101, -0.0002167, -0.0001562, -0.0001254, -0.0001584, -0.0002123, -0.0002123, -0.0001617, -0.0001331, -0.0001529, -0.0002211, -0.000209, -0.0001639, -0.0001342, -0.000165, -0.000209, -0.000209, -0.0001738, -0.0001375, -0.0001452, -0.0002101, -0.0002123, -0.0001716, -0.0001364, -0.0001595, -0.0002101, -0.000209, -0.0001661, -0.0001342, -0.0001573, -0.00019140000000000002, -0.0002101, -0.0001683, -0.0001419, -0.0001452, -0.0002046, -0.0002057, -0.0001562, -0.0001287, -0.0001661, -0.0002068, -0.0002156, -0.0001672, -0.0001265, -0.0001595, -0.0002134, -0.0002123, -0.0001606, -0.0001309, -0.0001661, -0.00020240000000000001, -0.0002156, -0.0001672, -0.0001287, -0.0001639, -0.0002079, -0.0002156, -0.0001639, -0.000132, -0.000165, -0.0002101, -0.0002112, -0.0001683, -0.000132, -0.000154, -0.0002101, -0.000209, -0.0001727, -0.000121, -0.0001639, -0.0002101, -0.00020020000000000001, -0.00017710000000000002, -0.0001309, -0.0001507, -0.0002101, -0.0002211, -0.0001639, -0.000143, -0.0001551, -0.00020240000000000001, -0.0002233, -0.0001661, -0.000132, -0.0001518, -0.0002046, -0.0002178, -0.0001661, -0.000132, -0.0001474, -0.0002046, -0.0002101, -0.0001639, -0.0001342, -0.0001584, -0.0002101, -0.0002112, -0.000165, -0.0001331, -0.000143, -0.0002112, -0.000209, -0.0001639, -0.0001342, -0.0001628, -0.0002178, -0.000209, -0.0001628, -0.0001331, -0.000165, -0.00020130000000000001, -0.0002156, -0.0001617, -0.0001309, -0.0001595, -0.000209, -0.00022, -0.0001672, -0.0001287, -0.0001551, -0.0002057, -0.0002134, -0.0001683, -0.0001276, -0.0001595, -0.0002046, -0.000209, -0.0001606, -0.0001221, -0.0001551, -0.0002079, -0.0002079, -0.0001661, -0.0001331, -0.0001551, -0.0002079, -0.0002156, -0.000165, -0.0001386, -0.0001551, -0.000209, -0.0002156, -0.0001661, -0.0001375, -0.0001562, -0.000209, -0.0002079, -0.0001628, -0.0001375, -0.0001496, -0.0002068, -0.0002123, -0.0001749, -0.0001232, -0.0001639, -0.0002178, -0.00022, -0.0001562, -0.0001331, -0.0001639, -0.0002079, -0.0002123, -0.0001672, -0.0001331, -0.0001606, -0.0002156, -0.0002057, -0.0001705, -0.0001276, -0.0001672, -0.0002068, -0.00020020000000000001, -0.0001606, -0.0001331, -0.0001529, -0.00020020000000000001, -0.0002101, -0.0001683, -0.0001408, -0.0001639, -0.00019800000000000002, -0.0002057, -0.0001617, -0.0001265, -0.0001562, -0.00019910000000000001, -0.0002255, -0.0001683, -0.0001276, -0.0001584, -0.000209, -0.00020020000000000001, -0.0001617, -0.0001364, -0.0001639, -0.000209, -0.00022, -0.0001628, -0.0001298, -0.0001628, -0.0002112, -0.0002189, -0.000165, -0.0001309, -0.0001595, -0.00022, -0.000209, -0.000165, -0.0001408, -0.0001595, -0.00019140000000000002, -0.0002046, -0.0001562, -0.0001276, -0.0001551, -0.0002068, -0.0002068, -0.0001661, -0.0001331, -0.0001606, -0.00020130000000000001, -0.0002035, -0.000165, -0.0001342, -0.0001474, -0.00020240000000000001, -0.000209, -0.0001639, -0.0001375, -0.0001529, -0.0002046, -0.00020020000000000001, -0.0001661, -0.0001254, -0.000154, -0.0002123, -0.0002123, -0.0001694, -0.0001331, -0.0001551, -0.0002189, -0.0002134, -0.0001584, -0.000132, -0.0001551, -0.0002079, -0.0002079, -0.0001628, -0.0001309, -0.0001595, -0.000209, -0.0002112, -0.0001727, -0.0001298, -0.0001617, -0.0002112, -0.0002145, -0.0001661, -0.000132, -0.0001573, -0.0002134, -0.00020240000000000001, -0.0001716, -0.0001375, -0.0001672, -0.0002145, -0.0002112, -0.0001716, -0.0001353, -0.0001562, -0.0002035, -0.0002134, -0.0001727, -0.000132, -0.0001573, -0.0002101, -0.0002079, -0.0001595, -0.0001276, -0.000165]","[0.0008635, 0.0008448, 0.00048290000000000003, 0.00028270000000000004, 0.000528, 0.0008789000000000001, 0.0008481000000000001, 0.0004983, 0.0002783, 0.0005335, 0.0008767, 0.0008492, 0.0004873, 0.0002838, 0.0005346, 0.0008756, 0.0008547, 0.0004884, 0.000275, 0.0005335, 0.0008767, 0.0008558000000000001, 0.0004917, 0.00028930000000000004, 0.000528, 0.0008756, 0.0008569000000000001, 0.000484, 0.00028270000000000004, 0.0005401000000000001, 0.0008877000000000001, 0.0008514000000000001, 0.0004862, 0.0002816, 0.0005357000000000001, 0.0008822000000000001, 0.0008448, 0.00048070000000000003, 0.0002794, 0.0005324, 0.0008679, 0.0008470000000000001, 0.0004895, 0.000275, 0.0005269000000000001, 0.0008668, 0.0008393000000000001, 0.00047850000000000003, 0.00028270000000000004, 0.0005269000000000001, 0.0008756, 0.0008503, 0.00048290000000000003, 0.0002805, 0.0005302, 0.00088, 0.0008547, 0.000484, 0.0002794, 0.0005357000000000001, 0.0008690000000000001, 0.0008459, 0.0004906, 0.0002717, 0.0005346, 0.0008833000000000001, 0.0008481000000000001, 0.0004873, 0.0002838, 0.0005368, 0.0008701000000000001, 0.0008426, 0.00048510000000000003, 0.000286, 0.0005434, 0.0008767, 0.0008503, 0.00048070000000000003, 0.000286, 0.0005313000000000001, 0.0008657000000000001, 0.0008426, 0.0004884, 0.0002816, 0.0005335, 0.0008756, 0.0008481000000000001, 0.00048510000000000003, 0.0002838, 0.0005247, 0.0008591, 0.0008525000000000001, 0.00048290000000000003, 0.0002794, 0.0005434, 0.0008767, 0.0008492, 0.0004774, 0.0002816, 0.0005324, 0.0008668, 0.0008470000000000001, 0.000484, 0.0002772, 0.0005335, 0.0008745000000000001, 0.0008514000000000001, 0.00048070000000000003, 0.0002816, 0.0005313000000000001, 0.0008690000000000001, 0.0008448, 0.00048070000000000003, 0.0002805, 0.0005456, 0.0008734000000000001, 0.0008481000000000001, 0.0004895, 0.0002816, 0.0005269000000000001, 0.0008921000000000001, 0.0008536, 0.0004862, 0.0002838, 0.0005335, 0.0008789000000000001, 0.0008382, 0.0004818, 0.0002816, 0.0005423, 0.0008833000000000001, 0.0008437000000000001, 0.00048070000000000003, 0.0002904, 0.0005302, 0.0008701000000000001, 0.0008404, 0.0004895, 0.0002728, 0.0005236, 0.00088, 0.0008470000000000001, 0.0004862, 0.0002783, 0.0005456, 0.0008679, 0.0008547, 0.00047850000000000003, 0.0002783, 0.0005324, 0.0008877000000000001, 0.0008448, 0.0004884, 0.00028710000000000004, 0.0005456, 0.0008712, 0.0008514000000000001, 0.00048290000000000003, 0.00028490000000000004, 0.0005291, 0.0008778000000000001, 0.0008492, 0.0004862, 0.0002926, 0.0005302, 0.0008756, 0.0008470000000000001, 0.000484, 0.0002838, 0.0005368, 0.0008690000000000001, 0.000836, 0.00047850000000000003, 0.0002904, 0.0005313000000000001, 0.0008756, 0.0008448, 0.0004873, 0.00028490000000000004, 0.0005335, 0.0008811, 0.0008426, 0.0004686, 0.00028710000000000004, 0.0005368, 0.0008756, 0.0008426, 0.000473, 0.0002805, 0.0005313000000000001, 0.0008745000000000001, 0.0008514000000000001, 0.00047850000000000003, 0.00028930000000000004, 0.0005346, 0.0008811, 0.0008459, 0.00048070000000000003, 0.0002838, 0.000539, 0.0008767, 0.0008426, 0.00048070000000000003, 0.0002706, 0.0005379, 0.0008789000000000001, 0.0008525000000000001, 0.00047190000000000003, 0.0002838, 0.0005313000000000001, 0.0008778000000000001, 0.0008514000000000001, 0.0004818, 0.000286, 0.0005412, 0.0008844, 0.0008470000000000001, 0.000484, 0.0002772, 0.0005368, 0.0008844, 0.0008525000000000001, 0.00048510000000000003, 0.00028710000000000004, 0.0005456, 0.0008734000000000001, 0.0008525000000000001, 0.0004818, 0.00028710000000000004, 0.0005412, 0.0008811, 0.0008470000000000001, 0.00048290000000000003, 0.0002805, 0.0005434, 0.0008767, 0.0008492, 0.00048070000000000003, 0.0002948, 0.0005522, 0.0008833000000000001, 0.0008448, 0.00048070000000000003, 0.0002772, 0.0005357000000000001, 0.0008822000000000001, 0.0008338, 0.0004961000000000001, 0.00028490000000000004, 0.0005258, 0.0008756, 0.0008470000000000001, 0.0004862, 0.0002816, 0.0005368, 0.0008723, 0.0008470000000000001, 0.0004862, 0.0002794, 0.0005456, 0.0008822000000000001, 0.0008459, 0.0004796, 0.0002772, 0.0005291, 0.0008833000000000001, 0.0008503, 0.00048290000000000003, 0.00028710000000000004, 0.0005313000000000001, 0.0008756, 0.0008569000000000001, 0.0004884, 0.0002761, 0.0005379, 0.0008811, 0.0008536, 0.00048510000000000003, 0.000286, 0.0005302, 0.0008822000000000001, 0.0008525000000000001, 0.0004796, 0.0002805, 0.0005401000000000001, 0.0008822000000000001, 0.0008558000000000001, 0.0004873, 0.0002794, 0.0005269000000000001, 0.0008899, 0.0008481000000000001, 0.0004873, 0.00028270000000000004, 0.0005445000000000001, 0.0008822000000000001, 0.0008437000000000001, 0.0004774, 0.0002838, 0.0005368, 0.0008844, 0.0008536, 0.000484, 0.00028490000000000004, 0.000528, 0.0008811, 0.0008448, 0.0004884, 0.0002761, 0.000528, 0.0008756, 0.0008492, 0.0004796, 0.0002772, 0.0005368, 0.0008789000000000001, 0.0008448, 0.0004796, 0.0002816, 0.0005423, 0.0008745000000000001, 0.0008525000000000001, 0.00048510000000000003, 0.0002838, 0.0005313000000000001, 0.0008723, 0.0008426, 0.0004862, 0.0002794, 0.0005368, 0.0008734000000000001, 0.0008547, 0.0004906, 0.0002772, 0.0005379, 0.0008778000000000001, 0.0008426, 0.00047190000000000003, 0.0002816, 0.0005357000000000001, 0.0008789000000000001, 0.0008525000000000001, 0.0004862, 0.0002783, 0.0005324, 0.0008844, 0.0008492, 0.0004708, 0.00029150000000000004, 0.0005456, 0.0008844, 0.0008536, 0.0004774, 0.0002882, 0.0005313000000000001, 0.0008767, 0.0008371, 0.0004895, 0.00029150000000000004, 0.0005489000000000001, 0.0008811, 0.0008514000000000001, 0.00047190000000000003, 0.00028710000000000004, 0.0005401000000000001, 0.0008833000000000001, 0.0008492, 0.0004752, 0.00028490000000000004, 0.0005302, 0.0008767, 0.000858, 0.00048510000000000003, 0.0002772, 0.000528, 0.0008723, 0.0008470000000000001, 0.0004906, 0.0002904, 0.000528, 0.0008778000000000001, 0.0008503, 0.00048070000000000003, 0.0002816, 0.0005423, 0.0008822000000000001, 0.0008448, 0.00047850000000000003, 0.0002838, 0.0005368, 0.0008767, 0.0008514000000000001, 0.0004796, 0.00028490000000000004, 0.0005401000000000001, 0.0008833000000000001, 0.0008492, 0.0004917, 0.0002662, 0.0005445000000000001, 0.0008888, 0.0008437000000000001, 0.0004774, 0.0002838, 0.0005379, 0.0008822000000000001, 0.0008470000000000001, 0.00048290000000000003, 0.000286, 0.0005434, 0.0008679, 0.0008514000000000001, 0.0004818, 0.0002904, 0.0005324, 0.0008910000000000001, 0.0008448, 0.0004884, 0.0002816, 0.0005401000000000001, 0.0008789000000000001, 0.0008470000000000001, 0.00047410000000000003, 0.00028490000000000004, 0.0005368, 0.0008822000000000001, 0.0008459, 0.000473, 0.0002926, 0.000539, 0.0008778000000000001, 0.0008536, 0.0004862, 0.00028270000000000004, 0.000539, 0.0008767, 0.0008426, 0.0004796, 0.0002816, 0.0005401000000000001, 0.0008778000000000001, 0.0008525000000000001, 0.00048290000000000003, 0.0002794, 0.0005401000000000001, 0.0008789000000000001, 0.0008558000000000001, 0.0004796, 0.0002772, 0.000539, 0.0008833000000000001, 0.0008514000000000001, 0.00047850000000000003, 0.0002838, 0.000539, 0.0008855, 0.0008536, 0.00047410000000000003, 0.00028710000000000004, 0.0005511, 0.0008811, 0.0008459, 0.00048290000000000003, 0.00028270000000000004, 0.0005313000000000001, 0.0008756, 0.0008437000000000001, 0.00047410000000000003, 0.00028710000000000004, 0.0005456, 0.0008811, 0.0008459, 0.00048510000000000003, 0.0002783, 0.0005379, 0.00088, 0.0008426, 0.0004862, 0.0002794, 0.0005423, 0.0008690000000000001, 0.0008448, 0.00047630000000000003, 0.0002717, 0.0005467, 0.0008701000000000001, 0.0008371, 0.00048070000000000003, 0.00028490000000000004, 0.0005401000000000001, 0.0008734000000000001, 0.0008437000000000001, 0.00047190000000000003, 0.0002904, 0.0005346, 0.0008844, 0.0008481000000000001, 0.0004774, 0.00029150000000000004, 0.000539]",-13
23,"[5.5e-05, 1.65e-05, -1.98e-05, -9.9e-06, 3.08e-05, 3.96e-05, 1.32e-05, -2.2e-05, -1.43e-05, 3.63e-05, 4.7300000000000005e-05, 1.76e-05, -3.08e-05, -1.43e-05, 3.41e-05, 4.4e-05, 2.2e-06, -1.2100000000000001e-05, -9.9e-06, 2.97e-05, 3.63e-05, 1.76e-05, -1.76e-05, -7.7e-06, 1.98e-05, 5.17e-05, 3.3e-06, -2.4200000000000002e-05, -7.7e-06, 2.97e-05, 4.4e-05, 1.76e-05, -1.1e-05, -2.2e-06, 2.97e-05, 5.28e-05, 1.54e-05, -2.75e-05, 1.1e-06, 4.07e-05, 4.5100000000000005e-05, 1.32e-05, -1.65e-05, -6.6e-06, 2.97e-05, 5.17e-05, 7.7e-06, -2.3100000000000002e-05, -8.8e-06, 2.75e-05, 4.07e-05, 6.6e-06, -2.75e-05, -1.2100000000000001e-05, 2.64e-05, 3.85e-05, 1.76e-05, -2.75e-05, -2.2e-06, 3.08e-05, 4.4e-05, 9.9e-06, -2.4200000000000002e-05, -7.7e-06, 2.75e-05, 4.5100000000000005e-05, 1.54e-05, -1.98e-05, -9.9e-06, 3.08e-05, 4.4e-05, 1.2100000000000001e-05, -2.97e-05, -5.5e-06, 2.97e-05, 4.6200000000000005e-05, 2.2e-06, -2.75e-05, -9.9e-06, 2.97e-05, 4.8400000000000004e-05, 1.32e-05, -2.2e-05, -7.7e-06, 3.52e-05, 4.29e-05, 1.98e-05, -2.4200000000000002e-05, 4.4e-06, 2.4200000000000002e-05, 4.5100000000000005e-05, 1.32e-05, -1.87e-05, -2.3100000000000002e-05, 3.63e-05, 4.5100000000000005e-05, 2.2e-05, -1.32e-05, -8.8e-06, 2.97e-05, 4.9500000000000004e-05, 5.5e-06, -3.19e-05, -1.76e-05, 3.19e-05, 4.6200000000000005e-05, 7.7e-06, -1.54e-05, -9.9e-06, 2.75e-05, 4.18e-05, 1.65e-05, -1.43e-05, -1.1e-05, 2.2e-05, 3.96e-05, 1.1e-05, -2.09e-05, -1.2100000000000001e-05, 3.3e-05, 4.5100000000000005e-05, 1.32e-05, -2.4200000000000002e-05, 2.2e-06, 3.19e-05, 5.17e-05, 7.7e-06, -1.43e-05, -8.8e-06, 2.2e-05, 4.6200000000000005e-05, 1.98e-05, -1.54e-05, -9.9e-06, 3.96e-05, 4.4e-05, 6.6e-06, -2.3100000000000002e-05, -1.43e-05, 2.2e-05, 3.96e-05, 9.9e-06, -3.08e-05, -8.8e-06, 2.3100000000000002e-05, 4.29e-05, 9.9e-06, -3.08e-05, -1.32e-05, 2.86e-05, 4.6200000000000005e-05, 1.43e-05, -2.4200000000000002e-05, -8.8e-06, 3.41e-05, 4.6200000000000005e-05, -3.3e-06, -1.65e-05, -1.87e-05, 2.64e-05, 4.8400000000000004e-05, 8.8e-06, -1.98e-05, 2.2e-06, 2.75e-05, 3.85e-05, 9.9e-06, -3.41e-05, -8.8e-06, 2.97e-05, 4.6200000000000005e-05, 7.7e-06, -1.98e-05, -7.7e-06, 3.3e-05, 4.07e-05, 1.43e-05, -1.87e-05, -4.4e-06, 3.08e-05, 4.07e-05, 1.2100000000000001e-05, -1.43e-05, -2.2e-06, 3.08e-05, 4.5100000000000005e-05, 1.98e-05, -2.64e-05, -3.3e-06, 2.3100000000000002e-05, 4.7300000000000005e-05, 1.76e-05, -1.98e-05, -8.8e-06, 3.41e-05, 4.5100000000000005e-05, 3.3e-06, -2.3100000000000002e-05, -7.7e-06, 2.97e-05, 3.96e-05, 9.9e-06, -1.43e-05, -1.54e-05, 4.07e-05, 4.18e-05, 8.8e-06, -1.87e-05, -4.4e-06, 3.74e-05, 5.17e-05, 1.54e-05, -2.2e-05, -4.4e-06, 2.64e-05, 4.29e-05, 7.7e-06, -2.09e-05, -6.6e-06, 3.63e-05, 3.52e-05, 1.65e-05, -2.09e-05, -5.5e-06, 3.3e-05, 4.9500000000000004e-05, 8.8e-06, -2.97e-05, -1.65e-05, 2.2e-05, 4.4e-05, 7.7e-06, -1.98e-05, -9.9e-06, 2.86e-05, 4.4e-05, 1.43e-05, -1.76e-05, -1.65e-05, 2.5300000000000002e-05, 3.74e-05, 9.9e-06, -2.4200000000000002e-05, -6.6e-06, 2.97e-05, 4.18e-05, 1.32e-05, -2.5300000000000002e-05, -4.4e-06, 2.97e-05, 4.4e-05, 1.54e-05, -1.87e-05, -6.6e-06, 2.4200000000000002e-05, 4.5100000000000005e-05, 0.0, -2.09e-05, -1.32e-05, 3.52e-05, 4.7300000000000005e-05, 4.4e-06, -2.3100000000000002e-05, -4.4e-06, 3.52e-05, 3.3e-05, 1.2100000000000001e-05, -1.54e-05, -6.6e-06, 3.08e-05, 3.96e-05, 8.8e-06, -1.98e-05, -2.2e-06, 2.75e-05, 5.17e-05, 1.32e-05, -2.3100000000000002e-05, 7.7e-06, 2.97e-05, 4.07e-05, 1.98e-05, -1.87e-05, 2.2e-06, 1.98e-05, 4.8400000000000004e-05, 5.5e-06, -1.76e-05, -3.3e-06, 3.41e-05, 4.29e-05, 6.6e-06, -1.1e-05, -3.3e-06, 2.09e-05, 4.5100000000000005e-05, 9.9e-06, -2.09e-05, -1.32e-05, 3.08e-05, 4.4e-05, 1.65e-05, -2.64e-05, -1.43e-05, 2.97e-05, 4.7300000000000005e-05, 1.98e-05, -2.3100000000000002e-05, -3.3e-06, 2.4200000000000002e-05, 3.85e-05, 1.76e-05, -2.09e-05, 8.8e-06, 3.19e-05, 4.5100000000000005e-05, 1.87e-05, -2.5300000000000002e-05, -1.1e-05, 3.63e-05, 4.8400000000000004e-05, 1.43e-05, -2.09e-05, -1.65e-05, 3.08e-05, 4.29e-05, 4.4e-06, -2.5300000000000002e-05, -1.1e-05, 2.86e-05, 4.6200000000000005e-05, 9.9e-06, -1.87e-05, -1.54e-05, 2.64e-05, 3.52e-05, 6.6e-06, -1.76e-05, -1.1e-06, 1.98e-05, 4.07e-05, 1.1e-05, -1.87e-05, -8.8e-06, 3.19e-05, 3.96e-05, 1.87e-05, -2.5300000000000002e-05, -9.9e-06, 3.52e-05, 4.6200000000000005e-05, 1.1e-05, -1.65e-05, -2.2e-06, 3.3e-05, 3.3e-05, 6.6e-06, -2.64e-05, -7.7e-06, 3.52e-05, 4.5100000000000005e-05, 5.5e-06, -2.75e-05, 1.1e-06, 3.52e-05, 4.07e-05, 2.09e-05, -2.75e-05, -5.5e-06, 3.63e-05, 5.28e-05, 8.8e-06, -2.5300000000000002e-05, -1.54e-05, 3.08e-05, 3.96e-05, 1.54e-05, -1.87e-05, -4.4e-06, 2.97e-05, 3.74e-05, 1.87e-05, -1.98e-05, -1.32e-05, 3.41e-05, 3.96e-05, 3.3e-06, -1.54e-05, -6.6e-06, 3.41e-05, 4.07e-05, 1.32e-05, -2.2e-05, -6.6e-06, 3.08e-05, 4.8400000000000004e-05, 6.6e-06, -1.43e-05, -2.09e-05, 3.3e-05, 4.29e-05, 1.65e-05, -1.98e-05, -8.8e-06, 2.64e-05, 3.63e-05, 9.9e-06, -1.98e-05, -1.2100000000000001e-05, 2.64e-05, 3.85e-05, 1.32e-05, -2.2e-05, -7.7e-06, 3.74e-05, 4.07e-05, 1.1e-05, -2.5300000000000002e-05, -6.6e-06, 3.08e-05, 3.63e-05, 1.1e-05, -2.09e-05, -5.5e-06, 2.09e-05, 4.6200000000000005e-05, 6.6e-06, -1.54e-05, -1.1e-06, 3.08e-05, 3.41e-05, 1.32e-05, -2.97e-05, -1.65e-05, 2.86e-05, 4.07e-05, 1.98e-05, -1.76e-05, -8.8e-06, 3.19e-05, 3.41e-05, 2.3100000000000002e-05, -3.19e-05, -9.9e-06, 3.52e-05, 4.29e-05, 1.1e-05, -2.3100000000000002e-05, -1.2100000000000001e-05, 3.63e-05, 3.63e-05, 2.2e-06, -1.76e-05, -7.7e-06, 3.08e-05, 4.18e-05, -3.3e-06, -1.98e-05, -1.43e-05, 3.85e-05, 4.5100000000000005e-05, 1.54e-05, -1.2100000000000001e-05, -4.4e-06, 2.75e-05, 3.74e-05, 1.1e-06, -2.5300000000000002e-05, -7.7e-06, 3.41e-05, 3.74e-05, 1.1e-05, -2.75e-05, 1.1e-06, 3.52e-05, 4.07e-05, 1.32e-05, -2.5300000000000002e-05, -4.4e-06, 2.86e-05, 4.4e-05, 7.7e-06, -1.98e-05, -2.2e-06, 2.86e-05, 4.9500000000000004e-05, 8.8e-06, -2.5300000000000002e-05, -1.54e-05, 2.97e-05, 3.3e-05, 1.2100000000000001e-05, -1.87e-05, -1.1e-05, 3.52e-05, 4.8400000000000004e-05, 1.76e-05, -1.87e-05, -1.2100000000000001e-05, 3.08e-05]","[-0.000209, -0.0001628, -0.0001364, -0.000154, -0.0002046, -0.0002145, -0.0001683, -0.0001375, -0.000154, -0.0002068, -0.0002101, -0.0001727, -0.0001298, -0.0001573, -0.0002057, -0.00020130000000000001, -0.0001573, -0.0001276, -0.0001661, -0.0002189, -0.00022, -0.0001606, -0.000132, -0.0001595, -0.0002167, -0.0002167, -0.0001716, -0.0001375, -0.0001628, -0.0002101, -0.0002123, -0.000165, -0.0001276, -0.0001606, -0.0002046, -0.0002123, -0.0001694, -0.0001353, -0.0001639, -0.0002134, -0.0002057, -0.0001595, -0.0001309, -0.0001606, -0.0002211, -0.00020240000000000001, -0.0001606, -0.0001287, -0.0001628, -0.0002123, -0.0002112, -0.0001573, -0.0001309, -0.0001694, -0.00020020000000000001, -0.0002035, -0.0001683, -0.0001287, -0.0001672, -0.00019360000000000002, -0.0002156, -0.0001661, -0.000132, -0.0001661, -0.0002156, -0.000209, -0.0001628, -0.0001353, -0.0001606, -0.0002057, -0.0002156, -0.0001606, -0.0001276, -0.0001562, -0.0002145, -0.00020240000000000001, -0.0001639, -0.0001331, -0.000154, -0.00020020000000000001, -0.0002101, -0.000165, -0.0001375, -0.0001573, -0.00020240000000000001, -0.0002156, -0.0001617, -0.0001342, -0.0001606, -0.0002112, -0.0002046, -0.0001628, -0.0001342, -0.0001617, -0.0002112, -0.0002101, -0.0001738, -0.0001364, -0.0001606, -0.0002057, -0.0002244, -0.0001694, -0.0001375, -0.0001628, -0.0002277, -0.000209, -0.0001606, -0.0001375, -0.0001573, -0.0002079, -0.0002134, -0.0001595, -0.0001265, -0.000165, -0.000209, -0.0002145, -0.0001639, -0.0001364, -0.0001584, -0.0002079, -0.0002134, -0.0001551, -0.0001243, -0.0001617, -0.00020020000000000001, -0.000209, -0.0001683, -0.0001232, -0.0001628, -0.0002068, -0.0002112, -0.0001672, -0.0001309, -0.0001584, -0.0002145, -0.0002101, -0.0001749, -0.0001364, -0.0001672, -0.0002068, -0.00022, -0.0001628, -0.0001265, -0.0001617, -0.00019910000000000001, -0.0002101, -0.0001628, -0.0001331, -0.0001584, -0.0002156, -0.0002112, -0.0001639, -0.0001386, -0.0001529, -0.0002134, -0.0002057, -0.0001639, -0.0001342, -0.0001683, -0.0002068, -0.0002057, -0.0001672, -0.000132, -0.0001529, -0.000209, -0.0002101, -0.0001562, -0.0001419, -0.0001683, -0.0002123, -0.0002167, -0.0001694, -0.0001353, -0.0001639, -0.0002167, -0.0002101, -0.000165, -0.0001353, -0.0001584, -0.0002057, -0.0002134, -0.0001727, -0.0001309, -0.0001529, -0.0002134, -0.0002068, -0.000165, -0.0001331, -0.0001551, -0.00020130000000000001, -0.0002145, -0.0001639, -0.0001276, -0.0001573, -0.0002068, -0.0002156, -0.0001683, -0.0001254, -0.0001551, -0.0002046, -0.0002068, -0.0001727, -0.0001309, -0.0001496, -0.00019800000000000002, -0.0002167, -0.0001639, -0.0001254, -0.0001639, -0.0002123, -0.0002178, -0.0001639, -0.0001342, -0.0001639, -0.0002068, -0.0002057, -0.0001661, -0.0001309, -0.0001595, -0.0002112, -0.000209, -0.0001573, -0.0001243, -0.0001529, -0.0002079, -0.0002145, -0.0001584, -0.0001276, -0.0001573, -0.0002178, -0.0002079, -0.0001705, -0.0001342, -0.0001584, -0.0002057, -0.00020130000000000001, -0.0001595, -0.0001199, -0.0001661, -0.00020240000000000001, -0.000209, -0.0001628, -0.000121, -0.0001562, -0.00019470000000000002, -0.00020020000000000001, -0.0001595, -0.0001364, -0.0001595, -0.0002112, -0.0002112, -0.000165, -0.0001298, -0.0001562, -0.0002112, -0.0002101, -0.0001595, -0.0001265, -0.0001694, -0.0002079, -0.0002123, -0.0001694, -0.0001364, -0.0001672, -0.0002046, -0.0002079, -0.0001694, -0.0001199, -0.0001617, -0.0002145, -0.0002101, -0.0001551, -0.0001298, -0.0001639, -0.000209, -0.0002068, -0.0001749, -0.0001309, -0.0001551, -0.0002057, -0.0002046, -0.0001639, -0.0001364, -0.0001617, -0.0002123, -0.0002079, -0.0001738, -0.0001298, -0.0001672, -0.0002123, -0.0002057, -0.0001628, -0.0001386, -0.0001584, -0.0002101, -0.00020130000000000001, -0.0001683, -0.0001276, -0.0001628, -0.0002035, -0.0002068, -0.0001672, -0.0001309, -0.0001606, -0.0002068, -0.0002211, -0.0001617, -0.0001298, -0.0001595, -0.0002134, -0.000209, -0.0001639, -0.0001309, -0.0001562, -0.00020130000000000001, -0.0002101, -0.0001628, -0.000132, -0.000165, -0.0002145, -0.0002035, -0.0001639, -0.0001309, -0.0001606, -0.0002134, -0.0002145, -0.0001584, -0.0001364, -0.0001639, -0.0002079, -0.000209, -0.0001628, -0.0001298, -0.0001661, -0.0002244, -0.0002101, -0.0001683, -0.0001375, -0.0001683, -0.0002189, -0.000209, -0.0001628, -0.000132, -0.000154, -0.000209, -0.000209, -0.00017710000000000002, -0.0001452, -0.0001628, -0.0002178, -0.0002112, -0.0001628, -0.0001265, -0.0001672, -0.00020130000000000001, -0.0002156, -0.0001716, -0.0001298, -0.0001496, -0.0002156, -0.0002167, -0.0001639, -0.0001331, -0.0001628, -0.0002112, -0.0002145, -0.0001694, -0.0001331, -0.0001584, -0.0002101, -0.0002123, -0.0001628, -0.0001276, -0.0001628, -0.0002046, -0.0002068, -0.0001672, -0.0001276, -0.0001705, -0.0002134, -0.0002156, -0.000165, -0.0001342, -0.0001606, -0.0002134, -0.0002134, -0.0001595, -0.0001386, -0.0001672, -0.0002101, -0.0002211, -0.0001595, -0.0001309, -0.0001694, -0.0002178, -0.00020240000000000001, -0.0001606, -0.0001386, -0.0001628, -0.0002101, -0.0002057, -0.0001661, -0.0001364, -0.0001595, -0.0002057, -0.0002145, -0.0001617, -0.0001298, -0.0001606, -0.0002178, -0.0002134, -0.0001705, -0.0001254, -0.0001661, -0.0002123, -0.0002112, -0.0001705, -0.0001298, -0.0001595, -0.0002112, -0.0002123, -0.0001727, -0.0001276, -0.000154, -0.0002145, -0.00019250000000000002, -0.0001595, -0.0001309, -0.0001617, -0.00020130000000000001, -0.0002145, -0.0001661, -0.0001331, -0.0001584, -0.0002079, -0.0002178, -0.0001628, -0.0001397, -0.0001573, -0.000209, -0.0002112, -0.0001661, -0.0001342, -0.0001606, -0.0002046, -0.0002079, -0.0001595, -0.0001331, -0.0001639, -0.0002123, -0.0002046, -0.0001639, -0.0001298, -0.0001573, -0.0002134, -0.0002178, -0.0001683, -0.0001375, -0.0001606, -0.0002112, -0.0002167, -0.0001716, -0.0001298, -0.0001617, -0.000209, -0.0002112, -0.0001562, -0.0001441, -0.0001595, -0.0002046, -0.0002244, -0.0001705, -0.0001276, -0.0001606, -0.0002035, -0.0002123, -0.0001672, -0.0001386, -0.0001474, -0.0002145, -0.0002035, -0.0001694, -0.0001452, -0.0001584, -0.000209, -0.0002167, -0.0001518, -0.0001298, -0.0001595, -0.0002189, -0.000209, -0.0001617, -0.0001331, -0.0001683, -0.0002134, -0.00020020000000000001, -0.000165, -0.0001331, -0.0001661, -0.0002079]","[0.0008371, 0.00046090000000000004, 0.000275, 0.0005489000000000001, 0.0008833000000000001, 0.0008459, 0.0004752, 0.0002926, 0.0005588, 0.0008811, 0.0008415, 0.000473, 0.0002794, 0.0005555, 0.0008778000000000001, 0.0008393000000000001, 0.00046970000000000003, 0.000286, 0.0005467, 0.0008745000000000001, 0.0008426, 0.00046310000000000004, 0.00029150000000000004, 0.00055, 0.0008899, 0.0008327, 0.0004642, 0.0002882, 0.0005445000000000001, 0.0008833000000000001, 0.0008415, 0.00047190000000000003, 0.00028270000000000004, 0.0005599, 0.0008734000000000001, 0.0008459, 0.00046970000000000003, 0.00028710000000000004, 0.0005489000000000001, 0.0008877000000000001, 0.0008393000000000001, 0.0004752, 0.00028930000000000004, 0.0005555, 0.0008910000000000001, 0.0008448, 0.00047630000000000003, 0.0002816, 0.0005533000000000001, 0.0008822000000000001, 0.0008294, 0.000473, 0.0002838, 0.0005423, 0.0008635, 0.0008349000000000001, 0.0004642, 0.0002772, 0.0005522, 0.0008921000000000001, 0.0008349000000000001, 0.00047410000000000003, 0.00029150000000000004, 0.0005511, 0.0008778000000000001, 0.000836, 0.00047410000000000003, 0.0002816, 0.0005467, 0.0008899, 0.0008393000000000001, 0.0004686, 0.00029150000000000004, 0.0005522, 0.0008866000000000001, 0.0008371, 0.00046310000000000004, 0.0002805, 0.0005489000000000001, 0.0008943, 0.000836, 0.00046750000000000003, 0.0002904, 0.00055, 0.0008767, 0.0008415, 0.0004598, 0.0002816, 0.0005412, 0.0008899, 0.0008503, 0.00046530000000000003, 0.0002926, 0.0005621000000000001, 0.0008767, 0.0008382, 0.0004752, 0.00028490000000000004, 0.0005533000000000001, 0.0008745000000000001, 0.0008382, 0.0004752, 0.0002783, 0.00055, 0.0008910000000000001, 0.0008415, 0.00048070000000000003, 0.0002761, 0.0005533000000000001, 0.0008899, 0.0008415, 0.0004664, 0.0002926, 0.0005566, 0.0008833000000000001, 0.0008415, 0.0004708, 0.00028490000000000004, 0.000561, 0.0008877000000000001, 0.0008327, 0.00046970000000000003, 0.00028930000000000004, 0.0005599, 0.0008855, 0.0008448, 0.00046750000000000003, 0.0002816, 0.0005456, 0.0008866000000000001, 0.0008327, 0.00047410000000000003, 0.0002794, 0.0005489000000000001, 0.0008866000000000001, 0.0008382, 0.00047190000000000003, 0.00028710000000000004, 0.0005511, 0.0008833000000000001, 0.0008305000000000001, 0.00048070000000000003, 0.0002783, 0.0005533000000000001, 0.0008756, 0.0008415, 0.0004686, 0.000275, 0.0005467, 0.0008866000000000001, 0.0008327, 0.00046970000000000003, 0.0002882, 0.0005533000000000001, 0.0008866000000000001, 0.0008503, 0.0004598, 0.0002783, 0.0005533000000000001, 0.0008833000000000001, 0.0008382, 0.00046970000000000003, 0.0002926, 0.0005555, 0.0008866000000000001, 0.0008459, 0.0004642, 0.00028270000000000004, 0.0005511, 0.0008811, 0.000836, 0.0004708, 0.00028490000000000004, 0.0005544, 0.0008899, 0.0008371, 0.00046750000000000003, 0.00028270000000000004, 0.0005533000000000001, 0.0008899, 0.0008371, 0.0004664, 0.0002805, 0.0005511, 0.00088, 0.0008382, 0.00047190000000000003, 0.000275, 0.0005489000000000001, 0.00088, 0.0008415, 0.00046750000000000003, 0.0002904, 0.0005511, 0.00088, 0.0008459, 0.00046530000000000003, 0.00028270000000000004, 0.0005544, 0.0008965, 0.0008294, 0.0004664, 0.0002838, 0.0005522, 0.0008811, 0.0008382, 0.0004642, 0.0002948, 0.0005522, 0.0008844, 0.000836, 0.00046970000000000003, 0.0002772, 0.0005456, 0.0008877000000000001, 0.0008305000000000001, 0.00046970000000000003, 0.00028710000000000004, 0.0005478, 0.0008866000000000001, 0.000836, 0.00046970000000000003, 0.0002772, 0.0005511, 0.0008877000000000001, 0.0008404, 0.00046750000000000003, 0.0002794, 0.0005533000000000001, 0.0008756, 0.0008404, 0.0004752, 0.0002904, 0.0005489000000000001, 0.0008855, 0.0008470000000000001, 0.0004664, 0.00029150000000000004, 0.0005478, 0.0008822000000000001, 0.0008261000000000001, 0.00046970000000000003, 0.0002816, 0.0005522, 0.0008866000000000001, 0.0008338, 0.0004686, 0.00028930000000000004, 0.0005522, 0.0008866000000000001, 0.0008294, 0.00046970000000000003, 0.0002838, 0.0005555, 0.0008888, 0.0008327, 0.00047190000000000003, 0.000286, 0.00055, 0.0008811, 0.0008371, 0.00046310000000000004, 0.0002739, 0.0005467, 0.0008789000000000001, 0.0008272, 0.0004598, 0.0002838, 0.0005577000000000001, 0.0008789000000000001, 0.0008371, 0.0004686, 0.000286, 0.0005511, 0.0008899, 0.0008327, 0.00046970000000000003, 0.00028930000000000004, 0.0005544, 0.0008855, 0.0008371, 0.00046750000000000003, 0.0002926, 0.0005577000000000001, 0.0008899, 0.0008393000000000001, 0.000462, 0.0002948, 0.0005566, 0.0008877000000000001, 0.0008327, 0.00046090000000000004, 0.0002838, 0.0005599, 0.0008877000000000001, 0.0008426, 0.00046310000000000004, 0.0002926, 0.0005533000000000001, 0.0008888, 0.0008338, 0.00046530000000000003, 0.0002816, 0.0005544, 0.0008888, 0.0008294, 0.00046310000000000004, 0.00028270000000000004, 0.0005621000000000001, 0.0008910000000000001, 0.0008349000000000001, 0.0004598, 0.0002882, 0.0005588, 0.0008866000000000001, 0.0008382, 0.0004686, 0.0002816, 0.0005566, 0.0008745000000000001, 0.0008415, 0.00046750000000000003, 0.0002838, 0.00055, 0.0008756, 0.0008393000000000001, 0.0004576, 0.0002761, 0.0005577000000000001, 0.0008899, 0.000836, 0.0004642, 0.00029150000000000004, 0.0005533000000000001, 0.0008877000000000001, 0.0008349000000000001, 0.0004576, 0.00028490000000000004, 0.0005577000000000001, 0.0008943, 0.0008195, 0.0004708, 0.00028710000000000004, 0.0005599, 0.0008910000000000001, 0.0008415, 0.00046970000000000003, 0.0002948, 0.0005544, 0.0008767, 0.0008415, 0.0004642, 0.0002838, 0.0005544, 0.0008943, 0.0008459, 0.0004642, 0.00028930000000000004, 0.0005588, 0.0008932, 0.000836, 0.00046090000000000004, 0.00028930000000000004, 0.0005511, 0.0008811, 0.000836, 0.0004576, 0.00030030000000000004, 0.0005687, 0.0008866000000000001, 0.0008382, 0.00046530000000000003, 0.0002783, 0.0005555, 0.0008767, 0.0008371, 0.00047190000000000003, 0.00028270000000000004, 0.0005555, 0.0008811, 0.0008327, 0.00045430000000000004, 0.0002772, 0.000561, 0.0008932, 0.0008349000000000001, 0.0004686, 0.0002948, 0.0005533000000000001, 0.0008811, 0.0008382, 0.000462, 0.00028490000000000004, 0.0005478, 0.0008833000000000001, 0.000836, 0.0004642, 0.00028270000000000004, 0.0005544, 0.0008866000000000001, 0.0008327, 0.00046530000000000003, 0.0002904, 0.0005577000000000001, 0.0008855, 0.0008305000000000001, 0.00046310000000000004, 0.00028930000000000004, 0.0005566, 0.0008910000000000001, 0.0008371, 0.000462, 0.0002882, 0.0005588, 0.0008822000000000001, 0.000836, 0.0004664, 0.0002882, 0.0005533000000000001, 0.0008844, 0.0008459, 0.0004576, 0.0002904, 0.0005654000000000001, 0.0008811, 0.0008327, 0.0004598, 0.0002805, 0.0005533000000000001, 0.0008899, 0.0008393000000000001, 0.0004554, 0.00028930000000000004, 0.0005566, 0.0008822000000000001, 0.0008316, 0.0004576, 0.0002882, 0.0005533000000000001, 0.0008932, 0.0008338, 0.000462, 0.00028270000000000004, 0.0005577000000000001, 0.0008855, 0.0008371, 0.0004642, 0.0002838, 0.0005632, 0.0008932, 0.0008327, 0.00046970000000000003, 0.000286, 0.0005577000000000001, 0.00088, 0.0008404, 0.00047190000000000003, 0.0002794, 0.0005632, 0.0008877000000000001, 0.0008316, 0.0004664, 0.0002816, 0.0005643, 0.0008855, 0.0008349000000000001, 0.0004576, 0.0002904, 0.0005665000000000001, 0.0008877000000000001, 0.0008371, 0.00047190000000000003, 0.0002904, 0.0005588, 0.0008921000000000001, 0.0008382, 0.000462, 0.0002838, 0.0005621000000000001, 0.0008833000000000001, 0.000836, 0.00046750000000000003, 0.0002783, 0.0005599, 0.0008822000000000001, 0.0008426, 0.0004642, 0.00028710000000000004, 0.00055, 0.0008844, 0.0008415, 0.0004686, 0.00028270000000000004, 0.0005533000000000001, 0.0008877000000000001, 0.0008371, 0.00045650000000000004, 0.00028490000000000004, 0.0005698000000000001, 0.0008987]",-12
24,"[-2.64e-05, -9.9e-06, 2.75e-05, 3.52e-05, 9.9e-06, -2.3100000000000002e-05, -1.76e-05, 4.4e-05, 3.63e-05, 4.4e-06, -2.97e-05, -7.7e-06, 4.29e-05, 3.96e-05, 6.6e-06, -2.2e-05, -1.65e-05, 1.87e-05, 3.85e-05, 1.54e-05, -1.65e-05, -1.2100000000000001e-05, 2.4200000000000002e-05, 3.41e-05, -1.1e-06, -1.1e-05, -1.65e-05, 3.08e-05, 2.97e-05, 2.2e-06, -2.09e-05, -4.4e-06, 2.97e-05, 3.96e-05, 3.3e-06, -2.5300000000000002e-05, -1.43e-05, 1.87e-05, 2.3100000000000002e-05, 1.1e-05, -2.4200000000000002e-05, -1.2100000000000001e-05, 2.3100000000000002e-05, 4.07e-05, 8.8e-06, -2.64e-05, -1.65e-05, 2.09e-05, 3.63e-05, 7.7e-06, -3.08e-05, -1.1e-05, 3.08e-05, 3.41e-05, 1.1e-05, -2.2e-05, -1.1e-05, 3.52e-05, 3.52e-05, 1.32e-05, -2.86e-05, -1.2100000000000001e-05, 2.2e-05, 3.41e-05, 8.8e-06, -2.09e-05, -2.5300000000000002e-05, 2.86e-05, 3.63e-05, -1.1e-06, -2.5300000000000002e-05, -5.5e-06, 3.52e-05, 3.41e-05, 1.32e-05, -1.98e-05, -3.3e-06, 3.52e-05, 3.74e-05, 5.5e-06, -2.75e-05, -8.8e-06, 3.41e-05, 2.86e-05, 2.2e-06, -3.19e-05, -2.09e-05, 2.5300000000000002e-05, 3.08e-05, -1.1e-06, -2.86e-05, -6.6e-06, 1.98e-05, 4.07e-05, 3.3e-06, -2.64e-05, -1.54e-05, 2.4200000000000002e-05, 3.52e-05, 7.7e-06, -2.97e-05, -1.54e-05, 2.2e-05, 3.52e-05, 1.1e-05, -2.64e-05, -1.1e-05, 2.4200000000000002e-05, 3.41e-05, 4.4e-06, -2.5300000000000002e-05, -7.7e-06, 2.86e-05, 3.74e-05, 1.43e-05, -2.3100000000000002e-05, 1.1e-06, 1.65e-05, 2.64e-05, 3.3e-06, -2.3100000000000002e-05, -8.8e-06, 2.3100000000000002e-05, 3.41e-05, 6.6e-06, -2.3100000000000002e-05, -6.6e-06, 2.64e-05, 3.52e-05, 1.1e-05, -1.87e-05, -1.2100000000000001e-05, 3.63e-05, 3.96e-05, 6.6e-06, -2.3100000000000002e-05, -1.43e-05, 2.4200000000000002e-05, 2.4200000000000002e-05, 4.4e-06, -2.64e-05, -6.6e-06, 3.08e-05, 2.97e-05, 7.7e-06, -2.64e-05, -2.2e-05, 2.2e-05, 2.86e-05, 9.9e-06, -1.76e-05, -1.43e-05, 3.08e-05, 3.19e-05, 9.9e-06, -2.4200000000000002e-05, -6.6e-06, 1.76e-05, 3.08e-05, 1.32e-05, -8.8e-06, -6.6e-06, 3.19e-05, 3.3e-05, 2.2e-06, -3.19e-05, -9.9e-06, 1.87e-05, 3.85e-05, 1.2100000000000001e-05, -1.32e-05, -6.6e-06, 3.19e-05, 3.19e-05, 3.3e-06, -2.64e-05, -1.87e-05, 3.08e-05, 3.3e-05, 6.6e-06, -2.5300000000000002e-05, -5.5e-06, 2.09e-05, 3.85e-05, 0.0, -2.86e-05, -7.7e-06, 1.65e-05, 3.19e-05, 4.4e-06, -1.98e-05, -1.76e-05, 1.2100000000000001e-05, 3.41e-05, 1.2100000000000001e-05, -2.5300000000000002e-05, -1.54e-05, 2.64e-05, 4.29e-05, 1.1e-06, -2.5300000000000002e-05, -1.65e-05, 2.64e-05, 3.52e-05, -6.6e-06, -1.87e-05, -1.87e-05, 2.4200000000000002e-05, 4.18e-05, 9.9e-06, -2.2e-05, -9.9e-06, 2.5300000000000002e-05, 3.85e-05, 6.6e-06, -2.75e-05, -6.6e-06, 3.3e-05, 2.97e-05, 4.4e-06, -3.19e-05, -1.1e-05, 2.2e-05, 3.3e-05, 9.9e-06, -2.3100000000000002e-05, -4.4e-06, 2.09e-05, 3.74e-05, 2.2e-06, -3.08e-05, -1.98e-05, 2.5300000000000002e-05, 3.3e-05, 1.1e-06, -2.4200000000000002e-05, -9.9e-06, 2.09e-05, 3.08e-05, 3.3e-06, -2.97e-05, -6.6e-06, 1.87e-05, 3.85e-05, 7.7e-06, -2.4200000000000002e-05, -1.2100000000000001e-05, 2.75e-05, 4.18e-05, 4.4e-06, -2.5300000000000002e-05, -9.9e-06, 2.75e-05, 2.86e-05, 1.2100000000000001e-05, -3.3e-05, -9.9e-06, 3.19e-05, 3.52e-05, -2.2e-06, -2.86e-05, -8.8e-06, 2.3100000000000002e-05, 3.41e-05, 1.1e-05, -2.4200000000000002e-05, -6.6e-06, 3.19e-05, 3.63e-05, 5.5e-06, -2.3100000000000002e-05, -6.6e-06, 3.3e-05, 3.08e-05, 4.4e-06, -2.3100000000000002e-05, -6.6e-06, 2.2e-05, 2.97e-05, 9.9e-06, -2.2e-05, -1.87e-05, 2.3100000000000002e-05, 2.5300000000000002e-05, 5.5e-06, -2.09e-05, -1.2100000000000001e-05, 2.64e-05, 4.8400000000000004e-05, 1.2100000000000001e-05, -1.98e-05, -1.43e-05, 2.5300000000000002e-05, 3.52e-05, -2.2e-06, -2.86e-05, -1.54e-05, 2.2e-05, 3.85e-05, 3.3e-06, -3.08e-05, -5.5e-06, 2.64e-05, 3.52e-05, 2.2e-06, -2.64e-05, -8.8e-06, 3.19e-05, 3.96e-05, 1.1e-06, -2.4200000000000002e-05, -1.76e-05, 3.41e-05, 3.3e-05, 1.54e-05, -3.08e-05, -1.2100000000000001e-05, 2.64e-05, 3.19e-05, 8.8e-06, -2.4200000000000002e-05, -9.9e-06, 3.63e-05, 2.86e-05, 2.2e-06, -2.64e-05, -1.1e-05, 1.76e-05, 3.52e-05, 3.3e-06, -3.85e-05, -6.6e-06, 2.4200000000000002e-05, 3.3e-05, 9.9e-06, -2.2e-05, -1.76e-05, 3.52e-05, 4.07e-05, 1.1e-05, -2.3100000000000002e-05, -1.1e-05, 2.5300000000000002e-05, 3.63e-05, 2.2e-06, -2.2e-05, -1.87e-05, 2.2e-05, 2.64e-05, 1.2100000000000001e-05, -2.86e-05, 1.1e-06, 3.52e-05, 4.18e-05, -2.2e-06, -2.5300000000000002e-05, -1.43e-05, 2.75e-05, 3.63e-05, 1.2100000000000001e-05, -2.64e-05, -4.4e-06, 2.2e-05, 3.85e-05, -1.1e-06, -2.97e-05, -4.4e-06, 2.5300000000000002e-05, 3.08e-05, -7.7e-06, -2.5300000000000002e-05, -9.9e-06, 3.41e-05, 3.3e-05, 2.2e-06, -2.4200000000000002e-05, -1.87e-05, 2.75e-05, 3.52e-05, 2.2e-06, -2.5300000000000002e-05, -1.1e-05, 2.4200000000000002e-05, 3.74e-05, 8.8e-06, -1.87e-05, -1.2100000000000001e-05, 2.97e-05, 4.5100000000000005e-05, 3.3e-06, -2.3100000000000002e-05, -9.9e-06, 2.86e-05, 3.96e-05, 8.8e-06, -3.19e-05, -1.2100000000000001e-05, 2.5300000000000002e-05, 3.63e-05, 3.3e-06, -2.97e-05, -1.87e-05, 1.32e-05, 5.17e-05, 5.5e-06, -3.19e-05, -7.7e-06, 2.4200000000000002e-05, 3.08e-05, 3.3e-06, -1.32e-05, -1.65e-05, 2.64e-05, 2.64e-05, 7.7e-06, -2.86e-05, -1.98e-05, 2.3100000000000002e-05, 3.52e-05, 4.4e-06, -2.09e-05, -6.6e-06, 2.75e-05, 3.41e-05, 2.2e-06, -2.75e-05, -9.9e-06, 2.5300000000000002e-05, 3.08e-05, 9.9e-06, -1.32e-05, -1.2100000000000001e-05, 2.97e-05, 3.63e-05, 1.32e-05, -2.4200000000000002e-05, -1.87e-05, 2.4200000000000002e-05, 4.18e-05, 1.1e-05, -2.64e-05, -1.54e-05, 2.75e-05, 2.64e-05, 1.43e-05, -2.86e-05, -7.7e-06, 2.64e-05, 3.3e-05, 4.4e-06, -2.97e-05, -1.32e-05, 2.09e-05, 3.41e-05, 1.43e-05, -1.87e-05, -5.5e-06, 2.2e-05, 2.86e-05, 1.87e-05, -1.98e-05, -1.32e-05, 1.98e-05, 2.75e-05, 7.7e-06, -1.32e-05, -1.98e-05, 1.76e-05, 3.41e-05, 6.6e-06, -2.4200000000000002e-05, -1.43e-05, 1.54e-05, 3.85e-05, 9.9e-06, -1.98e-05, -5.5e-06, 3.3e-05, 3.08e-05, 3.3e-06, -3.19e-05, -7.7e-06, 2.09e-05, 4.6200000000000005e-05, 5.5e-06, -2.09e-05, -2.09e-05, 2.86e-05, 2.97e-05, 7.7e-06, -3.74e-05, -1.54e-05, 2.97e-05, 4.18e-05, 7.7e-06, -2.75e-05, -9.9e-06, 2.64e-05, 3.96e-05, 2.2e-06]","[-0.000132, -0.0001705, -0.000209, -0.0002035, -0.0001639, -0.0001375, -0.0001628, -0.0002233, -0.0002145, -0.0001617, -0.0001419, -0.0001727, -0.0002101, -0.0002145, -0.0001606, -0.0001309, -0.0001672, -0.00020020000000000001, -0.0002079, -0.0001672, -0.0001342, -0.0001617, -0.000209, -0.0002112, -0.000154, -0.0001342, -0.0001705, -0.0002211, -0.0002178, -0.0001672, -0.0001397, -0.0001694, -0.0002101, -0.0002068, -0.0001705, -0.0001342, -0.0001639, -0.0002068, -0.0002112, -0.000165, -0.0001342, -0.0001639, -0.0002079, -0.0002178, -0.0001639, -0.0001265, -0.0001672, -0.0002156, -0.000209, -0.0001518, -0.0001408, -0.0001628, -0.0002057, -0.00019910000000000001, -0.0001595, -0.0001397, -0.000165, -0.0002079, -0.0002123, -0.0001584, -0.0001364, -0.0001617, -0.0002145, -0.00019910000000000001, -0.0001595, -0.000143, -0.0001705, -0.0002156, -0.0002101, -0.0001617, -0.000121, -0.0001639, -0.0002112, -0.0002134, -0.0001694, -0.000132, -0.0001672, -0.0002068, -0.0002145, -0.0001584, -0.0001397, -0.0001529, -0.0002112, -0.0002068, -0.0001672, -0.0001331, -0.0001716, -0.0002134, -0.0002222, -0.000165, -0.0001199, -0.0001727, -0.0002156, -0.0002057, -0.0001573, -0.000132, -0.0001661, -0.0002079, -0.0002189, -0.0001573, -0.0001265, -0.0001617, -0.00022, -0.0002112, -0.0001705, -0.000132, -0.0001595, -0.00020240000000000001, -0.0002145, -0.000165, -0.0001397, -0.0001573, -0.0002101, -0.0002068, -0.0001595, -0.0001364, -0.0001727, -0.0002178, -0.0002189, -0.0001639, -0.0001375, -0.0001551, -0.0002112, -0.0002068, -0.0001683, -0.0001342, -0.0001595, -0.0002079, -0.0002112, -0.0001617, -0.0001265, -0.0001705, -0.0002101, -0.0002178, -0.0001628, -0.0001265, -0.0001661, -0.0002068, -0.0002068, -0.0001628, -0.0001309, -0.0001617, -0.0002112, -0.00019800000000000002, -0.0001694, -0.0001287, -0.0001551, -0.0002156, -0.0002222, -0.0001694, -0.0001353, -0.0001716, -0.0002233, -0.0002134, -0.0001661, -0.0001353, -0.0001628, -0.0002112, -0.0002189, -0.0001672, -0.0001309, -0.0001617, -0.00020240000000000001, -0.0002046, -0.0001562, -0.0001419, -0.0001595, -0.0002101, -0.000209, -0.0001628, -0.000132, -0.000165, -0.000209, -0.00020020000000000001, -0.0001606, -0.0001408, -0.0001672, -0.000209, -0.0002068, -0.0001705, -0.000132, -0.0001683, -0.0002057, -0.0002079, -0.0001683, -0.0001353, -0.0001595, -0.0002134, -0.0002156, -0.0001694, -0.0001364, -0.0001694, -0.0002068, -0.00019800000000000002, -0.0001661, -0.0001386, -0.0001639, -0.0002134, -0.0002079, -0.0001573, -0.0001287, -0.0001749, -0.0002079, -0.0002068, -0.0001639, -0.0001353, -0.0001672, -0.0002057, -0.0002123, -0.0001628, -0.0001419, -0.0001683, -0.0002079, -0.0002057, -0.0001705, -0.0001287, -0.0001683, -0.0002079, -0.0002112, -0.0001705, -0.0001364, -0.0001727, -0.0002101, -0.0002112, -0.0001573, -0.0001298, -0.0001661, -0.0002156, -0.0002145, -0.0001705, -0.0001397, -0.0001628, -0.0002068, -0.0002046, -0.0001584, -0.0001298, -0.0001694, -0.0002068, -0.0002156, -0.000154, -0.000132, -0.000165, -0.000209, -0.0002112, -0.0001672, -0.0001342, -0.0001705, -0.0002145, -0.0002145, -0.0001661, -0.0001452, -0.0001683, -0.0002068, -0.0002112, -0.0001606, -0.0001243, -0.0001661, -0.0002156, -0.0002101, -0.0001584, -0.0001287, -0.0001727, -0.0002167, -0.00020240000000000001, -0.000176, -0.0001265, -0.0001661, -0.0002068, -0.00020240000000000001, -0.0001716, -0.0001353, -0.0001628, -0.0002035, -0.0002046, -0.0001672, -0.0001309, -0.0001683, -0.0002068, -0.0002178, -0.0001617, -0.0001375, -0.0001683, -0.0002068, -0.0002134, -0.0001705, -0.0001342, -0.0001639, -0.0002156, -0.0002079, -0.0001661, -0.0001397, -0.0001595, -0.0002112, -0.00020130000000000001, -0.000165, -0.0001364, -0.0001606, -0.0002211, -0.0002057, -0.0001628, -0.0001342, -0.0001738, -0.0002123, -0.0002145, -0.0001661, -0.0001441, -0.00017820000000000002, -0.0002156, -0.00020240000000000001, -0.0001694, -0.0001287, -0.000165, -0.0002035, -0.0002057, -0.0001595, -0.000132, -0.0001639, -0.0002145, -0.0002101, -0.0001551, -0.0001397, -0.0001738, -0.0002145, -0.0002211, -0.0001683, -0.0001309, -0.0001628, -0.0002123, -0.0002112, -0.0001628, -0.0001452, -0.0001518, -0.0002101, -0.000209, -0.0001628, -0.0001364, -0.0001738, -0.0002079, -0.0002079, -0.0001639, -0.0001375, -0.0001628, -0.00020240000000000001, -0.0002046, -0.0001617, -0.0001452, -0.0001705, -0.0002167, -0.0002112, -0.0001628, -0.0001309, -0.0001595, -0.0002079, -0.0002112, -0.0001606, -0.0001397, -0.0001551, -0.00022, -0.00020240000000000001, -0.0001683, -0.0001353, -0.0001639, -0.0002057, -0.0002211, -0.0001705, -0.0001364, -0.0001683, -0.0002145, -0.0002134, -0.0001639, -0.0001375, -0.0001639, -0.0002189, -0.0002145, -0.000165, -0.0001342, -0.0001683, -0.0002233, -0.0002101, -0.0001694, -0.0001386, -0.0001639, -0.0002112, -0.0002101, -0.0001628, -0.0001342, -0.0001694, -0.0002112, -0.0002079, -0.0001694, -0.0001298, -0.0001672, -0.0002046, -0.00020240000000000001, -0.0001661, -0.0001331, -0.000165, -0.0002134, -0.0002057, -0.0001661, -0.0001397, -0.0001562, -0.0002079, -0.0002123, -0.0001683, -0.0001364, -0.0001672, -0.0002134, -0.0002112, -0.0001606, -0.0001353, -0.0001639, -0.0002134, -0.0002145, -0.0001562, -0.0001276, -0.0001672, -0.0002266, -0.0002123, -0.0001716, -0.0001309, -0.0001738, -0.00020240000000000001, -0.00022, -0.0001617, -0.0001331, -0.0001727, -0.0002035, -0.0002211, -0.0001738, -0.0001342, -0.0001628, -0.0002057, -0.0002156, -0.0001606, -0.0001375, -0.00017930000000000002, -0.0002101, -0.0002134, -0.0001595, -0.0001221, -0.0001738, -0.0002156, -0.00022, -0.0001694, -0.0001309, -0.0001639, -0.0002145, -0.0002101, -0.0001639, -0.0001474, -0.0001617, -0.0002123, -0.00020240000000000001, -0.0001595, -0.0001408, -0.0001661, -0.0002123, -0.000209, -0.0001683, -0.0001364, -0.0001617, -0.0002101, -0.0002035, -0.0001628, -0.0001287, -0.000165, -0.0002156, -0.0002079, -0.0001705, -0.0001331, -0.0001661, -0.00020130000000000001, -0.0002156, -0.0001573, -0.0001364, -0.0001529, -0.0002233, -0.0002178, -0.0001672, -0.0001276, -0.0001595, -0.00022, -0.00020020000000000001, -0.0001749, -0.0001276, -0.0001639, -0.0002112, -0.00020240000000000001, -0.0001584, -0.0001386, -0.0001661, -0.0002167, -0.0002057, -0.0001705, -0.0001298, -0.0001661, -0.0002167, -0.0002189, -0.0001683]","[0.00028270000000000004, 0.0005643, 0.0008921000000000001, 0.0008195, 0.0004554, 0.0002805, 0.0005665000000000001, 0.0008866000000000001, 0.0008261000000000001, 0.00045650000000000004, 0.0002838, 0.0005742000000000001, 0.000902, 0.0008261000000000001, 0.00045870000000000004, 0.0002794, 0.000572, 0.0008899, 0.0008327, 0.00045210000000000004, 0.0002948, 0.0005753, 0.0008987, 0.0008272, 0.00046750000000000003, 0.0002794, 0.0005830000000000001, 0.0008954000000000001, 0.0008206, 0.00045870000000000004, 0.00029150000000000004, 0.0005709, 0.0008866000000000001, 0.0008283, 0.00045430000000000004, 0.00028490000000000004, 0.0005687, 0.0008954000000000001, 0.0008371, 0.00045650000000000004, 0.0002948, 0.0005808, 0.0008833000000000001, 0.0008283, 0.000451, 0.000286, 0.0005786000000000001, 0.0008910000000000001, 0.0008272, 0.0004532, 0.0002882, 0.0005709, 0.0008932, 0.000825, 0.0004532, 0.0002816, 0.000572, 0.0008855, 0.0008305000000000001, 0.00046090000000000004, 0.00029370000000000004, 0.0005764, 0.0008910000000000001, 0.0008316, 0.0004576, 0.0002882, 0.0005709, 0.0008943, 0.0008272, 0.000451, 0.0002794, 0.0005698000000000001, 0.0008888, 0.0008261000000000001, 0.0004576, 0.0002882, 0.0005676, 0.0008921000000000001, 0.0008371, 0.000462, 0.0002816, 0.0005753, 0.0008888, 0.0008327, 0.000451, 0.00029150000000000004, 0.0005742000000000001, 0.0008910000000000001, 0.0008217000000000001, 0.0004576, 0.000286, 0.0005808, 0.0008943, 0.0008382, 0.000451, 0.00028270000000000004, 0.0005753, 0.0008921000000000001, 0.0008327, 0.000451, 0.0002772, 0.0005786000000000001, 0.0009009, 0.0008338, 0.000451, 0.0002805, 0.0005632, 0.0008921000000000001, 0.0008294, 0.000451, 0.0002926, 0.0005764, 0.0008910000000000001, 0.0008393000000000001, 0.00044550000000000004, 0.0002904, 0.0005797, 0.0008855, 0.0008272, 0.0004598, 0.00028710000000000004, 0.000572, 0.0008998000000000001, 0.0008349000000000001, 0.00044770000000000004, 0.00029370000000000004, 0.000572, 0.0008899, 0.0008349000000000001, 0.00045210000000000004, 0.00028270000000000004, 0.0005775, 0.0008932, 0.0008239, 0.00045650000000000004, 0.00029150000000000004, 0.0005775, 0.0008888, 0.0008195, 0.0004532, 0.00028930000000000004, 0.0005665000000000001, 0.0008899, 0.0008129000000000001, 0.00045210000000000004, 0.00028710000000000004, 0.000572, 0.0008921000000000001, 0.0008338, 0.0004554, 0.00029370000000000004, 0.0005698000000000001, 0.0008921000000000001, 0.0008272, 0.0004532, 0.00028270000000000004, 0.000572, 0.0008954000000000001, 0.0008173000000000001, 0.0004488, 0.00029150000000000004, 0.0005709, 0.0008899, 0.0008261000000000001, 0.00044990000000000004, 0.0002948, 0.0005830000000000001, 0.0008976, 0.000836, 0.0004466, 0.00028710000000000004, 0.0005709, 0.0008877000000000001, 0.0008239, 0.0004488, 0.00028710000000000004, 0.0005797, 0.0008976, 0.000825, 0.0004576, 0.00029590000000000004, 0.0005775, 0.0008943, 0.0008338, 0.0004576, 0.0002904, 0.0005698000000000001, 0.0008855, 0.0008283, 0.00044550000000000004, 0.0002948, 0.0005808, 0.0008921000000000001, 0.0008272, 0.00046310000000000004, 0.0002904, 0.0005742000000000001, 0.0008877000000000001, 0.0008239, 0.0004554, 0.00028710000000000004, 0.000561, 0.0008866000000000001, 0.0008437000000000001, 0.00046090000000000004, 0.0002948, 0.0005819, 0.0008932, 0.0008316, 0.000451, 0.00028270000000000004, 0.0005731, 0.0008921000000000001, 0.0008206, 0.0004466, 0.00029590000000000004, 0.0005654000000000001, 0.0008888, 0.0008327, 0.00044550000000000004, 0.0003014, 0.0005709, 0.0008888, 0.000825, 0.0004554, 0.00029370000000000004, 0.0005742000000000001, 0.0009031, 0.0008239, 0.00044990000000000004, 0.00030030000000000004, 0.0005830000000000001, 0.0008965, 0.0008294, 0.0004532, 0.00028930000000000004, 0.0005775, 0.0008976, 0.0008184, 0.00044330000000000004, 0.0002926, 0.0005742000000000001, 0.0008987, 0.0008206, 0.0004576, 0.00029150000000000004, 0.0005742000000000001, 0.0008888, 0.0008261000000000001, 0.00044990000000000004, 0.0002882, 0.0005731, 0.0009009, 0.0008294, 0.0004488, 0.0002948, 0.0005687, 0.0008987, 0.0008305000000000001, 0.00046090000000000004, 0.00029150000000000004, 0.0005654000000000001, 0.0008954000000000001, 0.0008338, 0.00045650000000000004, 0.0002926, 0.0005676, 0.0008965, 0.0008294, 0.000451, 0.0002882, 0.0005731, 0.0008932, 0.0008316, 0.0004532, 0.0002992, 0.0005819, 0.0008899, 0.0008272, 0.0004532, 0.0002948, 0.0005742000000000001, 0.0008965, 0.0008272, 0.000451, 0.0002948, 0.0005709, 0.0008943, 0.0008404, 0.0004554, 0.0002948, 0.0005808, 0.0008921000000000001, 0.0008217000000000001, 0.000462, 0.0002926, 0.0005731, 0.0008910000000000001, 0.0008316, 0.000451, 0.00028270000000000004, 0.0005709, 0.0008965, 0.0008228, 0.00044990000000000004, 0.0002926, 0.0005709, 0.0008943, 0.0008239, 0.00045650000000000004, 0.000286, 0.0005797, 0.0008965, 0.0008239, 0.00045210000000000004, 0.0002926, 0.0005665000000000001, 0.0008976, 0.0008239, 0.0004554, 0.0002926, 0.0005742000000000001, 0.0008910000000000001, 0.0008371, 0.00045870000000000004, 0.00028490000000000004, 0.0005786000000000001, 0.00088, 0.0008327, 0.0004532, 0.0002882, 0.0005830000000000001, 0.0009009, 0.000825, 0.00046090000000000004, 0.0002926, 0.0005665000000000001, 0.0008954000000000001, 0.0008327, 0.00044770000000000004, 0.0002838, 0.000572, 0.0008965, 0.000825, 0.0004532, 0.00029590000000000004, 0.0005753, 0.0008899, 0.0008272, 0.0004554, 0.00029810000000000004, 0.0005786000000000001, 0.0008976, 0.0008316, 0.0004554, 0.0002926, 0.0005654000000000001, 0.0008921000000000001, 0.0008239, 0.00045210000000000004, 0.0002992, 0.0005731, 0.0008965, 0.0008272, 0.000451, 0.0002948, 0.0005731, 0.0008943, 0.0008382, 0.0004488, 0.00029370000000000004, 0.000572, 0.0008998000000000001, 0.0008228, 0.0004576, 0.00028930000000000004, 0.0005797, 0.0008932, 0.0008228, 0.00045210000000000004, 0.0002948, 0.0005775, 0.0008943, 0.0008195, 0.0004532, 0.0002816, 0.0005874000000000001, 0.0008888, 0.000825, 0.00044770000000000004, 0.0002926, 0.0005797, 0.0008954000000000001, 0.0008206, 0.000451, 0.0002926, 0.0005775, 0.0008954000000000001, 0.0008206, 0.00044330000000000004, 0.0002882, 0.0005698000000000001, 0.0008954000000000001, 0.0008228, 0.0004532, 0.00029590000000000004, 0.0005709, 0.0008987, 0.0008162, 0.0004466, 0.00028270000000000004, 0.0005709, 0.0008965, 0.0008294, 0.00045430000000000004, 0.00029590000000000004, 0.0005753, 0.0008866000000000001, 0.0008206, 0.00045650000000000004, 0.00028710000000000004, 0.000572, 0.0008932, 0.0008206, 0.00045210000000000004, 0.0002794, 0.0005775, 0.000902, 0.0008228, 0.00044, 0.000297, 0.000572, 0.0008943, 0.0008217000000000001, 0.0004576, 0.0002882, 0.0005731, 0.0008987, 0.000825, 0.0004466, 0.00028710000000000004, 0.0005742000000000001, 0.0008943, 0.0008184, 0.0004532, 0.0002904, 0.0005753, 0.0008877000000000001, 0.0008272, 0.0004576, 0.00029370000000000004, 0.0005709, 0.0009009, 0.0008239, 0.0004576, 0.00029590000000000004, 0.0005808, 0.000902, 0.0008338, 0.00043450000000000004, 0.0002904, 0.000572, 0.0009009, 0.0008272, 0.0004554, 0.0002882, 0.0005786000000000001, 0.0008877000000000001, 0.0008272, 0.00045870000000000004, 0.00028930000000000004, 0.000572, 0.0008998000000000001, 0.0008173000000000001, 0.00045210000000000004, 0.0002838, 0.0005731, 0.0008954000000000001, 0.0008261000000000001, 0.0004488, 0.0002882, 0.0005775, 0.0008965, 0.0008294, 0.00045210000000000004, 0.0002783, 0.0005775, 0.0008877000000000001, 0.0008283, 0.0004532, 0.00028930000000000004, 0.0005929, 0.0008943, 0.0008151, 0.00044770000000000004, 0.0002992, 0.0005742000000000001, 0.0009009, 0.0008261000000000001, 0.00045210000000000004]",-11
25,"[4.4e-06, -3.08e-05, -1.1e-05, 2.3100000000000002e-05, 3.74e-05, 0.0, -3.08e-05, -1.1e-06, 1.2100000000000001e-05, 3.19e-05, 9.9e-06, -2.3100000000000002e-05, -1.54e-05, 2.09e-05, 3.41e-05, -1.1e-06, -3.08e-05, -1.43e-05, 2.64e-05, 3.3e-05, 1.1e-06, -3.3e-05, -2.3100000000000002e-05, 1.1e-05, 3.19e-05, 8.8e-06, -3.52e-05, -1.43e-05, 1.98e-05, 2.2e-05, 1.1e-06, -3.41e-05, -1.1e-05, 1.65e-05, 3.19e-05, -4.4e-06, -1.98e-05, -1.32e-05, 1.32e-05, 2.5300000000000002e-05, -3.3e-06, -2.5300000000000002e-05, -1.65e-05, 1.65e-05, 3.3e-05, -4.4e-06, -2.75e-05, -9.9e-06, 1.87e-05, 2.86e-05, 9.9e-06, -2.3100000000000002e-05, -8.8e-06, 2.86e-05, 2.2e-05, -4.4e-06, -2.86e-05, -1.87e-05, 2.97e-05, 3.63e-05, -4.4e-06, -2.97e-05, -6.6e-06, 2.2e-05, 2.64e-05, 2.2e-06, -3.3e-05, -1.2100000000000001e-05, 1.32e-05, 3.3e-05, 7.7e-06, -2.5300000000000002e-05, -1.65e-05, 2.86e-05, 2.75e-05, -2.2e-06, -2.64e-05, -8.8e-06, 2.09e-05, 2.64e-05, 4.4e-06, -3.3e-05, -1.32e-05, 1.87e-05, 2.09e-05, 2.2e-06, -2.75e-05, -9.9e-06, 2.2e-05, 2.3100000000000002e-05, 5.5e-06, -3.08e-05, -6.6e-06, 2.4200000000000002e-05, 2.97e-05, 4.4e-06, -2.64e-05, -1.2100000000000001e-05, 2.4200000000000002e-05, 1.76e-05, -3.3e-06, -1.54e-05, -1.32e-05, 2.09e-05, 1.54e-05, 0.0, -1.98e-05, -1.98e-05, 1.65e-05, 2.64e-05, -1.1e-06, -2.5300000000000002e-05, -1.43e-05, 1.87e-05, 2.2e-05, -3.3e-06, -2.64e-05, -2.2e-05, 1.1e-05, 2.86e-05, -4.4e-06, -2.75e-05, -1.2100000000000001e-05, 2.09e-05, 2.86e-05, 6.6e-06, -2.97e-05, -1.2100000000000001e-05, 1.54e-05, 2.2e-05, -3.3e-06, -2.86e-05, -1.32e-05, 1.87e-05, 2.97e-05, 1.54e-05, -2.97e-05, -2.4200000000000002e-05, 9.9e-06, 2.86e-05, 1.1e-06, -3.08e-05, -1.76e-05, 1.32e-05, 2.64e-05, -3.3e-06, -2.4200000000000002e-05, -1.43e-05, 2.5300000000000002e-05, 2.5300000000000002e-05, 1.1e-06, -2.4200000000000002e-05, -1.32e-05, 2.2e-05, 2.09e-05, 1.2100000000000001e-05, -2.97e-05, -8.8e-06, 1.76e-05, 2.3100000000000002e-05, 3.3e-06, -2.64e-05, -2.09e-05, 1.87e-05, 3.3e-05, 1.1e-06, -2.64e-05, -4.4e-06, 1.98e-05, 3.08e-05, -4.4e-06, -1.54e-05, -1.32e-05, 1.87e-05, 3.19e-05, 2.2e-06, -2.64e-05, -5.5e-06, 2.2e-05, 2.86e-05, 6.6e-06, -4.18e-05, -1.32e-05, 6.6e-06, 3.08e-05, 7.7e-06, -2.5300000000000002e-05, -1.54e-05, 1.87e-05, 2.2e-05, -3.3e-06, -3.52e-05, -1.87e-05, 2.5300000000000002e-05, 2.64e-05, -6.6e-06, -1.76e-05, -1.43e-05, 1.87e-05, 3.3e-05, 2.2e-06, -2.3100000000000002e-05, -2.2e-06, 1.98e-05, 2.5300000000000002e-05, 8.8e-06, -2.75e-05, -2.5300000000000002e-05, 2.64e-05, 2.75e-05, 5.5e-06, -3.08e-05, -1.32e-05, 1.2100000000000001e-05, 2.97e-05, -4.4e-06, -2.97e-05, -1.1e-05, 2.2e-05, 2.64e-05, -1.1e-06, -2.64e-05, -1.2100000000000001e-05, 3.3e-05, 3.3e-05, 2.2e-06, -3.52e-05, -1.1e-05, 1.87e-05, 2.75e-05, -1.1e-06, -2.86e-05, -2.86e-05, 2.09e-05, 2.86e-05, 0.0, -1.32e-05, -1.54e-05, 1.1e-05, 2.4200000000000002e-05, -2.2e-06, -2.64e-05, -1.32e-05, 1.32e-05, 2.64e-05, -6.6e-06, -1.54e-05, -6.6e-06, 1.43e-05, 2.09e-05, 6.6e-06, -2.75e-05, -1.1e-05, 1.76e-05, 3.3e-05, 1.1e-06, -2.64e-05, -8.8e-06, 1.98e-05, 2.2e-05, -1.1e-06, -3.08e-05, -9.9e-06, 2.5300000000000002e-05, 3.63e-05, -5.5e-06, -2.4200000000000002e-05, -1.54e-05, 1.32e-05, 3.08e-05, -2.2e-06, -2.4200000000000002e-05, -1.1e-05, 1.76e-05, 2.5300000000000002e-05, -8.8e-06, -2.5300000000000002e-05, -1.54e-05, 1.87e-05, 2.97e-05, 4.4e-06, -3.3e-05, -2.75e-05, 1.87e-05, 3.08e-05, 0.0, -2.64e-05, -1.2100000000000001e-05, 2.3100000000000002e-05, 2.86e-05, -4.4e-06, -2.86e-05, -1.65e-05, 1.87e-05, 1.76e-05, 3.3e-06, -3.08e-05, -7.7e-06, 2.2e-05, 2.5300000000000002e-05, -5.5e-06, -1.76e-05, -1.43e-05, 3.08e-05, 1.87e-05, 0.0, -2.75e-05, -1.98e-05, 2.4200000000000002e-05, 3.19e-05, -2.2e-06, -2.4200000000000002e-05, -1.98e-05, 1.65e-05, 2.5300000000000002e-05, 1.1e-06, -1.98e-05, -7.7e-06, 1.32e-05, 3.19e-05, -1.1e-06, -2.09e-05, -3.3e-06, 2.09e-05, 1.98e-05, -3.3e-06, -1.76e-05, -1.98e-05, 1.98e-05, 2.64e-05, -4.4e-06, -2.4200000000000002e-05, -1.65e-05, 1.43e-05, 2.64e-05, 3.3e-06, -1.65e-05, -1.54e-05, 2.3100000000000002e-05, 2.4200000000000002e-05, 2.2e-06, -2.5300000000000002e-05, -1.54e-05, 1.87e-05, 2.5300000000000002e-05, 4.4e-06, -2.3100000000000002e-05, -8.8e-06, 1.65e-05, 2.4200000000000002e-05, 5.5e-06, -2.75e-05, -1.43e-05, 1.43e-05, 1.98e-05, 2.2e-06, -2.75e-05, -1.54e-05, 1.87e-05, 2.64e-05, -1.1e-06, -2.4200000000000002e-05, -8.8e-06, 2.09e-05, 2.64e-05, -7.7e-06, -2.64e-05, -1.54e-05, 1.76e-05, 1.98e-05, -2.2e-06, -2.2e-05, -1.76e-05, 9.9e-06, 2.97e-05, 7.7e-06, -3.08e-05, -2.2e-05, 9.9e-06, 2.64e-05, 4.4e-06, -1.54e-05, -2.2e-05, 2.09e-05, 3.3e-05, 2.2e-06, -2.5300000000000002e-05, -2.4200000000000002e-05, 2.4200000000000002e-05, 2.5300000000000002e-05, -3.3e-06, -3.3e-05, -1.1e-05, 6.6e-06, 2.75e-05, 0.0, -1.98e-05, -6.6e-06, 1.1e-05, 1.87e-05, 2.2e-06, -2.75e-05, -8.8e-06, 1.87e-05, 2.2e-05, 1.1e-06, -1.43e-05, -1.98e-05, 1.43e-05, 2.86e-05, 6.6e-06, -2.64e-05, -1.76e-05, 1.43e-05, 3.41e-05, -1.43e-05, -3.3e-05, -1.98e-05, 2.64e-05, 3.19e-05, 1.1e-06, -1.87e-05, -1.54e-05, 2.64e-05, 2.09e-05, 2.2e-06, -3.19e-05, -1.76e-05, 2.2e-05, 2.2e-05, 0.0, -2.5300000000000002e-05, -1.32e-05, 2.5300000000000002e-05, 2.2e-05, 8.8e-06, -2.2e-05, -7.7e-06, 9.9e-06, 3.08e-05, -3.3e-06, -3.3e-05, -1.32e-05, 2.64e-05, 2.5300000000000002e-05, 1.1e-06, -1.98e-05, -1.43e-05, 1.98e-05, 2.09e-05, 3.3e-06, -2.2e-05, -1.76e-05, 1.1e-05, 2.64e-05, 0.0, -2.4200000000000002e-05, -1.87e-05, 2.09e-05, 2.64e-05, 5.5e-06, -2.97e-05, -1.65e-05, 1.98e-05, 2.2e-05, 8.8e-06, -1.87e-05, -1.43e-05, 4.4e-06, 3.08e-05, -2.2e-06, -2.4200000000000002e-05, -1.54e-05, 2.2e-05, 2.86e-05, 1.1e-06, -2.3100000000000002e-05, -1.1e-05, 1.32e-05, 2.86e-05, 9.9e-06, -1.87e-05, -1.43e-05, 1.65e-05, 1.87e-05, 2.2e-06, -2.5300000000000002e-05, -1.32e-05, 2.2e-05, 3.08e-05, -2.2e-06, -2.97e-05, -2.86e-05, 2.3100000000000002e-05, 2.3100000000000002e-05, -2.2e-06, -3.96e-05, -2.86e-05, 2.64e-05, 3.41e-05]","[-0.0001617, -0.0001287, -0.0001683, -0.0002156, -0.0002068, -0.0001661, -0.0001298, -0.0001738, -0.0002068, -0.0002035, -0.0001639, -0.0001375, -0.0001661, -0.0002068, -0.00020240000000000001, -0.0001683, -0.0001353, -0.0001705, -0.0002057, -0.0002112, -0.0001672, -0.0001287, -0.0001683, -0.0002079, -0.0002101, -0.0001595, -0.0001265, -0.0001705, -0.0002156, -0.0002134, -0.0001551, -0.0001386, -0.0001584, -0.0002178, -0.0002145, -0.0001529, -0.000132, -0.0001683, -0.0002035, -0.0002035, -0.0001683, -0.0001298, -0.0001661, -0.00020240000000000001, -0.00022, -0.0001595, -0.0001342, -0.00017710000000000002, -0.0002057, -0.0002068, -0.0001573, -0.0001408, -0.0001694, -0.0002123, -0.0002079, -0.0001606, -0.0001386, -0.0001617, -0.000209, -0.0002112, -0.0001518, -0.0001397, -0.0001694, -0.0002123, -0.0002101, -0.0001595, -0.0001265, -0.0001617, -0.0002167, -0.0002057, -0.0001507, -0.0001276, -0.0001705, -0.0002134, -0.0002145, -0.0001727, -0.000132, -0.0001672, -0.0002167, -0.00020130000000000001, -0.0001661, -0.0001397, -0.0001738, -0.0002112, -0.000209, -0.000165, -0.0001375, -0.0001727, -0.0002178, -0.0002046, -0.000154, -0.0001386, -0.0001661, -0.0002057, -0.0002167, -0.0001518, -0.0001375, -0.0001694, -0.0002156, -0.0002068, -0.0001606, -0.0001287, -0.0001738, -0.0002068, -0.000209, -0.0001639, -0.0001353, -0.0001617, -0.0002123, -0.00020130000000000001, -0.0001639, -0.0001309, -0.0001595, -0.0002156, -0.0002035, -0.0001694, -0.0001386, -0.0001606, -0.0002112, -0.0002145, -0.0001595, -0.0001353, -0.0001617, -0.0002145, -0.0002145, -0.0001694, -0.0001265, -0.0001639, -0.00020130000000000001, -0.0002035, -0.0001595, -0.0001353, -0.00017820000000000002, -0.0002134, -0.0002134, -0.0001617, -0.000132, -0.0001529, -0.0002123, -0.00019690000000000002, -0.000154, -0.0001364, -0.0001694, -0.0002134, -0.000209, -0.0001661, -0.0001331, -0.0001617, -0.0002156, -0.000209, -0.0001551, -0.000132, -0.0001738, -0.0002057, -0.0002134, -0.0001617, -0.0001353, -0.0001694, -0.0002134, -0.0002112, -0.0001584, -0.0001397, -0.000165, -0.0002145, -0.0002222, -0.0001628, -0.0001331, -0.0001716, -0.00020130000000000001, -0.0002068, -0.0001584, -0.0001386, -0.0001672, -0.000209, -0.00020130000000000001, -0.0001584, -0.0001309, -0.0001683, -0.0002068, -0.0002057, -0.0001716, -0.0001298, -0.000176, -0.0002134, -0.0002145, -0.0001584, -0.0001342, -0.0001595, -0.0002101, -0.0002068, -0.0001573, -0.0001232, -0.0001683, -0.0002134, -0.0002068, -0.0001573, -0.000132, -0.0001617, -0.0002211, -0.0002101, -0.0001661, -0.0001243, -0.000165, -0.000209, -0.0002101, -0.0001595, -0.0001419, -0.0001606, -0.0002178, -0.000209, -0.0001672, -0.000121, -0.0001727, -0.0002035, -0.0002057, -0.0001617, -0.0001331, -0.0001683, -0.0002167, -0.0002079, -0.0001562, -0.0001364, -0.0001639, -0.0002079, -0.0002068, -0.0001562, -0.0001331, -0.000165, -0.0002079, -0.0002145, -0.0001518, -0.0001364, -0.0001661, -0.0002156, -0.0002079, -0.0001529, -0.0001331, -0.0001716, -0.0002112, -0.0002046, -0.0001639, -0.0001375, -0.0001672, -0.0002101, -0.0002057, -0.000165, -0.0001342, -0.0001639, -0.0002134, -0.0002046, -0.0001639, -0.000132, -0.0001716, -0.0002211, -0.0002057, -0.0001518, -0.0001287, -0.000154, -0.0002112, -0.0002079, -0.0001573, -0.000132, -0.0001606, -0.0002134, -0.0002211, -0.0001573, -0.0001309, -0.0001606, -0.0002057, -0.0002101, -0.0001595, -0.0001397, -0.0001661, -0.0002156, -0.0002145, -0.0001639, -0.0001353, -0.0001716, -0.0002211, -0.0002123, -0.0001551, -0.0001221, -0.0001716, -0.0002068, -0.00020130000000000001, -0.0001672, -0.000132, -0.0001738, -0.0002123, -0.0002068, -0.0001573, -0.0001386, -0.0001683, -0.0002134, -0.00019800000000000002, -0.0001672, -0.000132, -0.0001716, -0.0002156, -0.00020240000000000001, -0.000165, -0.0001452, -0.0001584, -0.0002079, -0.0002112, -0.0001727, -0.0001298, -0.00017930000000000002, -0.000209, -0.0002057, -0.0001595, -0.0001408, -0.000165, -0.0002035, -0.0002079, -0.0001639, -0.0001298, -0.0001672, -0.0002068, -0.0002046, -0.0001551, -0.0001342, -0.0001694, -0.0002068, -0.0002178, -0.0001628, -0.0001298, -0.0001595, -0.000209, -0.0002046, -0.0001529, -0.0001375, -0.0001694, -0.000209, -0.0002145, -0.0001573, -0.0001364, -0.000165, -0.0002046, -0.0002068, -0.0001617, -0.0001364, -0.0001672, -0.0002123, -0.00020020000000000001, -0.0001562, -0.0001441, -0.000165, -0.0002057, -0.0002123, -0.0001617, -0.0001298, -0.0001595, -0.0002134, -0.0002046, -0.0001584, -0.0001397, -0.0001617, -0.0002068, -0.0002145, -0.0001595, -0.0001331, -0.0001617, -0.0002222, -0.0002134, -0.0001606, -0.0001265, -0.0001661, -0.000209, -0.00020240000000000001, -0.0001639, -0.0001243, -0.0001683, -0.0002079, -0.0002101, -0.0001595, -0.0001309, -0.0001694, -0.0002101, -0.00019250000000000002, -0.0001518, -0.0001265, -0.0001672, -0.0002134, -0.0002101, -0.0001617, -0.0001243, -0.0001628, -0.0002112, -0.0002123, -0.0001595, -0.0001331, -0.0001705, -0.0002167, -0.0002057, -0.0001573, -0.0001331, -0.0001628, -0.0002145, -0.0002101, -0.0001584, -0.0001408, -0.0001672, -0.0002068, -0.0002068, -0.0001606, -0.000143, -0.0001573, -0.0002123, -0.0002079, -0.0001518, -0.0001419, -0.0001694, -0.0002112, -0.0002101, -0.0001584, -0.0001342, -0.0001617, -0.0002167, -0.0002068, -0.0001683, -0.0001298, -0.0001639, -0.00020020000000000001, -0.000209, -0.0001529, -0.0001342, -0.0001639, -0.00020240000000000001, -0.0002079, -0.0001562, -0.000132, -0.0001716, -0.0002123, -0.0002145, -0.0001518, -0.0001342, -0.0001584, -0.0002046, -0.0002057, -0.0001562, -0.0001276, -0.000154, -0.0002046, -0.00020020000000000001, -0.000165, -0.0001298, -0.0001727, -0.0002123, -0.0002035, -0.0001452, -0.0001298, -0.0001683, -0.0002156, -0.0002123, -0.0001639, -0.0001232, -0.0001716, -0.0002079, -0.0002145, -0.0001606, -0.0001298, -0.0001694, -0.0002079, -0.0002112, -0.0001573, -0.0001353, -0.0001661, -0.0002079, -0.0002167, -0.0001617, -0.0001364, -0.000165, -0.0002145, -0.0002112, -0.0001573, -0.0001331, -0.0001705, -0.0002057, -0.0002101, -0.0001584, -0.0001298, -0.0001573, -0.0002101, -0.0002189, -0.0001661, -0.0001309, -0.0001683, -0.0002079, -0.0002068, -0.0001551, -0.0001375, -0.0001639, -0.0002167, -0.0002101, -0.0001639, -0.000143, -0.0001749, -0.00019800000000000002, -0.0002068]","[0.0004334, 0.00029150000000000004, 0.0005929, 0.0008943, 0.0008184, 0.00043670000000000004, 0.000297, 0.0005841, 0.0009009, 0.0008096000000000001, 0.0004422, 0.00028930000000000004, 0.0005786000000000001, 0.0008976, 0.0008261000000000001, 0.00044550000000000004, 0.00029370000000000004, 0.0005841, 0.0008965, 0.0008173000000000001, 0.00043890000000000004, 0.0002904, 0.0005929, 0.000902, 0.000825, 0.0004466, 0.00029370000000000004, 0.0005863, 0.0008943, 0.0008217000000000001, 0.00043890000000000004, 0.0002926, 0.0005929, 0.000902, 0.0008294, 0.00043890000000000004, 0.000308, 0.0005984, 0.0008932, 0.0008195, 0.000451, 0.00030030000000000004, 0.000594, 0.0009009, 0.0008118, 0.00044330000000000004, 0.00028270000000000004, 0.0005929, 0.0008954000000000001, 0.000814, 0.00044110000000000004, 0.00029810000000000004, 0.0005874000000000001, 0.0009064, 0.0008118, 0.0004356, 0.00030030000000000004, 0.0005841, 0.0008932, 0.0008129000000000001, 0.00044, 0.00029150000000000004, 0.0005896, 0.0009031, 0.0008162, 0.000451, 0.00028710000000000004, 0.0005819, 0.0008921000000000001, 0.0008151, 0.0004444, 0.00029810000000000004, 0.000594, 0.0008965, 0.0008206, 0.00044770000000000004, 0.00029590000000000004, 0.0005973, 0.0009075, 0.0008173000000000001, 0.00044330000000000004, 0.0002904, 0.0005885, 0.0008965, 0.0008206, 0.0004356, 0.000286, 0.0005907, 0.0008998000000000001, 0.0008107, 0.0004422, 0.000286, 0.0005874000000000001, 0.0009042000000000001, 0.0008272, 0.0004378, 0.00029590000000000004, 0.0005797, 0.0009064, 0.0008228, 0.0004422, 0.00028710000000000004, 0.0005874000000000001, 0.0008998000000000001, 0.0008261000000000001, 0.00044110000000000004, 0.00029370000000000004, 0.0005907, 0.0009009, 0.0008162, 0.00043890000000000004, 0.00029590000000000004, 0.0005973, 0.0008987, 0.0008195, 0.000451, 0.0003036, 0.0005896, 0.0009064, 0.0008217000000000001, 0.00044110000000000004, 0.00029370000000000004, 0.0006017, 0.000902, 0.0008129000000000001, 0.00043890000000000004, 0.00030470000000000003, 0.0005753, 0.0009053, 0.0008107, 0.00044330000000000004, 0.00029590000000000004, 0.0005819, 0.0009053, 0.0008162, 0.0004334, 0.00029150000000000004, 0.0005874000000000001, 0.0008998000000000001, 0.0008129000000000001, 0.00044330000000000004, 0.00029590000000000004, 0.0005874000000000001, 0.0008899, 0.0008173000000000001, 0.00043670000000000004, 0.000297, 0.0005962000000000001, 0.0009031, 0.0008107, 0.00044110000000000004, 0.00029590000000000004, 0.0005885, 0.0009009, 0.000814, 0.00044110000000000004, 0.00028930000000000004, 0.000594, 0.0008932, 0.0008184, 0.00044, 0.0002948, 0.0005918000000000001, 0.0009031, 0.0008228, 0.00044770000000000004, 0.0002904, 0.0005852, 0.0008910000000000001, 0.0008162, 0.00044, 0.0002794, 0.000594, 0.0009064, 0.0008184, 0.0004356, 0.0002904, 0.0005863, 0.0008998000000000001, 0.0008019, 0.0004378, 0.00029370000000000004, 0.0005885, 0.0008954000000000001, 0.0008206, 0.0004488, 0.0002948, 0.0005885, 0.0008976, 0.0008173000000000001, 0.00044990000000000004, 0.0002838, 0.0005962000000000001, 0.0008888, 0.0008118, 0.00043670000000000004, 0.00029590000000000004, 0.0005918000000000001, 0.000902, 0.0008118, 0.0004378, 0.00029150000000000004, 0.0005841, 0.0009009, 0.0008096000000000001, 0.00044, 0.0002948, 0.0005863, 0.0008844, 0.0008041000000000001, 0.0004378, 0.0002904, 0.0005951, 0.0008954000000000001, 0.0008184, 0.0004422, 0.00029370000000000004, 0.0005841, 0.0008954000000000001, 0.0008173000000000001, 0.00043890000000000004, 0.00029810000000000004, 0.0005896, 0.0008921000000000001, 0.0008162, 0.00043890000000000004, 0.00029810000000000004, 0.0005907, 0.0009009, 0.0008107, 0.0004422, 0.00029150000000000004, 0.0005874000000000001, 0.0008965, 0.0008217000000000001, 0.00042570000000000005, 0.00029590000000000004, 0.000594, 0.0009009, 0.0008063, 0.00043670000000000004, 0.00028710000000000004, 0.0005962000000000001, 0.0009108, 0.0008129000000000001, 0.0004356, 0.00029370000000000004, 0.0005874000000000001, 0.0008976, 0.0008184, 0.0004312, 0.00029590000000000004, 0.0005863, 0.0009042000000000001, 0.0008195, 0.0004356, 0.00029590000000000004, 0.0005929, 0.0009009, 0.0008173000000000001, 0.0004378, 0.0003036, 0.0005907, 0.0008954000000000001, 0.0008217000000000001, 0.0004378, 0.00030030000000000004, 0.0005951, 0.0009196, 0.0008184, 0.00044, 0.0002948, 0.0005918000000000001, 0.0009053, 0.0008129000000000001, 0.00045210000000000004, 0.00029150000000000004, 0.000594, 0.0008965, 0.0008239, 0.0004378, 0.00030250000000000003, 0.0005852, 0.0009042000000000001, 0.0008206, 0.00044110000000000004, 0.0002838, 0.0005918000000000001, 0.0009053, 0.0008184, 0.0004444, 0.0002926, 0.0005841, 0.0009031, 0.0008195, 0.00044330000000000004, 0.0003014, 0.0005918000000000001, 0.0008987, 0.0008228, 0.00044, 0.000297, 0.0005973, 0.0008877000000000001, 0.0008228, 0.0004444, 0.00029590000000000004, 0.0005995, 0.000902, 0.0008096000000000001, 0.00043890000000000004, 0.0002926, 0.0005907, 0.0008954000000000001, 0.0008129000000000001, 0.00044110000000000004, 0.000286, 0.0005984, 0.0009042000000000001, 0.0008162, 0.00042350000000000005, 0.00028930000000000004, 0.000594, 0.000902, 0.0008173000000000001, 0.00043670000000000004, 0.0002992, 0.0005885, 0.0008976, 0.0008184, 0.00043010000000000005, 0.0002926, 0.0006028, 0.0008976, 0.0008107, 0.00043890000000000004, 0.00029810000000000004, 0.0005962000000000001, 0.0009064, 0.0008272, 0.0004334, 0.0002948, 0.0005962000000000001, 0.0008998000000000001, 0.0008162, 0.00043670000000000004, 0.00029590000000000004, 0.0005896, 0.0008932, 0.0008206, 0.00043670000000000004, 0.00029370000000000004, 0.0005984, 0.0008899, 0.0008195, 0.00043890000000000004, 0.00030030000000000004, 0.000594, 0.000902, 0.0008085000000000001, 0.0004356, 0.00029370000000000004, 0.0005808, 0.0009075, 0.0008162, 0.0004378, 0.0002838, 0.0005896, 0.0008998000000000001, 0.0008118, 0.0004378, 0.0003058, 0.0005896, 0.0008932, 0.000814, 0.0004312, 0.00029370000000000004, 0.0006028, 0.0008954000000000001, 0.0008096000000000001, 0.00043230000000000005, 0.00028710000000000004, 0.0005929, 0.0008976, 0.0008151, 0.00043450000000000004, 0.00029370000000000004, 0.000594, 0.0009009, 0.0008173000000000001, 0.0004334, 0.0002904, 0.0005984, 0.0008954000000000001, 0.0008129000000000001, 0.00043670000000000004, 0.00029590000000000004, 0.0005929, 0.0008998000000000001, 0.0008052000000000001, 0.00044, 0.0002882, 0.0005973, 0.0008866000000000001, 0.000814, 0.00043010000000000005, 0.00028270000000000004, 0.0005973, 0.0008921000000000001, 0.0008019, 0.0004268, 0.0002904, 0.0005885, 0.000902, 0.0008052000000000001, 0.00043010000000000005, 0.0002992, 0.000594, 0.0008943, 0.0008074, 0.00044110000000000004, 0.00030250000000000003, 0.0005797, 0.0009042000000000001, 0.0008118, 0.000429, 0.0002992, 0.0005984, 0.0008965, 0.0008096000000000001, 0.00043670000000000004, 0.0002948, 0.0005874000000000001, 0.0008987, 0.0008173000000000001, 0.0004356, 0.00030030000000000004, 0.0005863, 0.0009108, 0.0008107, 0.0004334, 0.000297, 0.0005918000000000001, 0.0008965, 0.0008074, 0.0004334, 0.00030030000000000004, 0.0005863, 0.000902, 0.0008217000000000001, 0.00043890000000000004, 0.0002926, 0.0005896, 0.0008932, 0.0008052000000000001, 0.00044330000000000004, 0.00030030000000000004, 0.0005896, 0.0008932, 0.0008195, 0.00044, 0.0003058, 0.0005984, 0.0008987, 0.0008129000000000001, 0.0004334, 0.00029150000000000004, 0.0005962000000000001, 0.0008976, 0.0008041000000000001, 0.0004356, 0.000286, 0.0006028, 0.0009075, 0.0008151, 0.00044, 0.00029370000000000004, 0.0005962000000000001, 0.0008932, 0.0008129000000000001, 0.00043670000000000004, 0.0002882, 0.0005929, 0.0009031, 0.0008052000000000001, 0.00043890000000000004, 0.000286, 0.0005885, 0.0008987, 0.0008151, 0.00043890000000000004, 0.00029810000000000004, 0.0005951, 0.0008943, 0.0008173000000000001, 0.00043230000000000005, 0.00029370000000000004, 0.0005984, 0.0009009, 0.0008151]",-10
26,"[2.64e-05, 7.7e-06, -2.09e-05, -1.87e-05, 2.09e-05, 2.75e-05, -3.3e-06, -3.3e-05, -7.7e-06, 1.54e-05, 2.09e-05, -2.2e-06, -2.86e-05, -9.9e-06, 1.2100000000000001e-05, 2.2e-05, -2.2e-06, -3.85e-05, -2.4200000000000002e-05, 6.6e-06, 1.54e-05, -7.7e-06, -3.41e-05, -1.43e-05, 3.3e-06, 1.54e-05, 1.1e-06, -3.19e-05, -2.09e-05, 1.43e-05, 2.5300000000000002e-05, 4.4e-06, -3.85e-05, -1.32e-05, 1.32e-05, 1.76e-05, 3.3e-06, -2.75e-05, -2.09e-05, 2.4200000000000002e-05, 1.76e-05, -2.2e-06, -3.08e-05, -1.2100000000000001e-05, 1.76e-05, 2.75e-05, -6.6e-06, -2.75e-05, -2.3100000000000002e-05, 1.32e-05, 2.3100000000000002e-05, -3.3e-06, -2.86e-05, -1.76e-05, 7.7e-06, 2.4200000000000002e-05, 0.0, -2.3100000000000002e-05, -2.3100000000000002e-05, 1.76e-05, 1.87e-05, -6.6e-06, -3.3e-05, -1.76e-05, 1.2100000000000001e-05, 1.1e-05, -3.3e-06, -2.5300000000000002e-05, -1.76e-05, 1.1e-05, 1.87e-05, -1.2100000000000001e-05, -2.75e-05, -1.54e-05, 1.2100000000000001e-05, 1.54e-05, -2.2e-06, -3.96e-05, -1.54e-05, 1.87e-05, 2.2e-05, -6.6e-06, -3.19e-05, -1.76e-05, 1.98e-05, 1.76e-05, -6.6e-06, -3.08e-05, -2.3100000000000002e-05, 1.54e-05, 1.87e-05, -3.3e-06, -2.75e-05, -2.09e-05, 8.8e-06, 2.4200000000000002e-05, -1.1e-06, -4.07e-05, -2.2e-05, 5.5e-06, 1.32e-05, -7.7e-06, -3.41e-05, -1.65e-05, 1.1e-05, 2.75e-05, 1.1e-06, -2.5300000000000002e-05, -2.09e-05, 7.7e-06, 2.3100000000000002e-05, 1.1e-06, -3.19e-05, -2.64e-05, 1.65e-05, 2.5300000000000002e-05, -2.2e-06, -2.97e-05, -1.1e-05, 1.54e-05, 1.76e-05, -4.4e-06, -3.19e-05, -2.2e-05, 1.98e-05, 1.54e-05, -7.7e-06, -3.19e-05, -2.5300000000000002e-05, 5.5e-06, 2.3100000000000002e-05, -1.65e-05, -1.76e-05, -2.09e-05, 8.8e-06, 3.08e-05, -8.8e-06, -3.52e-05, -2.4200000000000002e-05, 1.1e-05, 2.3100000000000002e-05, -9.9e-06, -3.19e-05, -2.4200000000000002e-05, 1.2100000000000001e-05, 1.65e-05, -2.2e-06, -3.52e-05, -2.09e-05, 1.32e-05, 2.4200000000000002e-05, -1.54e-05, -1.87e-05, -2.4200000000000002e-05, 8.8e-06, 2.2e-05, -9.9e-06, -3.96e-05, -2.86e-05, 1.32e-05, 2.2e-05, -5.5e-06, -3.41e-05, -1.32e-05, 1.1e-05, 1.65e-05, -2.2e-06, -2.75e-05, -1.87e-05, 2.4200000000000002e-05, 1.43e-05, -2.2e-06, -3.74e-05, -1.43e-05, 1.2100000000000001e-05, 1.87e-05, -9.9e-06, -2.86e-05, -1.76e-05, 1.43e-05, 2.3100000000000002e-05, -8.8e-06, -3.41e-05, -1.65e-05, 1.1e-05, 2.09e-05, -5.5e-06, -3.08e-05, -2.86e-05, 1.32e-05, 1.43e-05, 0.0, -3.74e-05, -2.5300000000000002e-05, 1.1e-05, 2.3100000000000002e-05, -3.3e-06, -3.63e-05, -1.65e-05, 8.8e-06, 7.7e-06, 0.0, -2.86e-05, -2.09e-05, 1.1e-05, 1.54e-05, -3.3e-06, -2.75e-05, -2.2e-05, 1.65e-05, 1.65e-05, 6.6e-06, -3.85e-05, -2.4200000000000002e-05, 8.8e-06, 2.4200000000000002e-05, -1.1e-05, -2.4200000000000002e-05, -2.64e-05, 6.6e-06, 1.32e-05, -6.6e-06, -1.65e-05, -9.9e-06, 6.6e-06, 1.65e-05, -1.54e-05, -4.29e-05, -1.43e-05, 1.1e-06, 1.43e-05, -8.8e-06, -2.2e-05, -1.54e-05, 1.43e-05, 2.75e-05, -1.1e-05, -3.08e-05, -2.09e-05, 1.1e-05, 1.54e-05, -8.8e-06, -3.41e-05, -1.54e-05, 8.8e-06, 1.98e-05, -6.6e-06, -2.3100000000000002e-05, -1.76e-05, 2.2e-05, 3.19e-05, -1.2100000000000001e-05, -2.4200000000000002e-05, -2.2e-05, 1.2100000000000001e-05, 1.43e-05, -4.4e-06, -3.19e-05, -2.2e-05, 2.3100000000000002e-05, 1.32e-05, -2.2e-06, -2.97e-05, -2.09e-05, 2.2e-06, 1.2100000000000001e-05, -3.3e-06, -4.18e-05, -9.9e-06, 1.2100000000000001e-05, 1.87e-05, 2.2e-06, -2.64e-05, -1.2100000000000001e-05, 1.65e-05, 1.1e-05, -4.4e-06, -2.75e-05, -1.76e-05, 1.1e-05, 1.76e-05, -6.6e-06, -3.52e-05, -1.65e-05, 1.1e-05, 1.54e-05, -4.4e-06, -3.3e-05, -1.76e-05, 7.7e-06, 1.43e-05, -3.3e-06, -3.41e-05, -1.76e-05, 3.3e-06, 1.43e-05, -6.6e-06, -3.96e-05, -1.65e-05, 1.1e-05, 1.43e-05, -1.32e-05, -3.96e-05, -1.87e-05, 7.7e-06, 1.2100000000000001e-05, -3.3e-06, -2.97e-05, -1.87e-05, 8.8e-06, 2.75e-05, -5.5e-06, -3.41e-05, -2.4200000000000002e-05, 6.6e-06, 2.97e-05, -8.8e-06, -3.41e-05, -1.65e-05, 5.5e-06, 2.09e-05, -2.2e-06, -2.97e-05, -9.9e-06, 7.7e-06, 1.98e-05, -7.7e-06, -2.86e-05, -1.98e-05, 1.2100000000000001e-05, 2.09e-05, -2.2e-06, -2.97e-05, -1.87e-05, 1.32e-05, 1.76e-05, -4.4e-06, -2.97e-05, -2.2e-05, 1.98e-05, 1.32e-05, -9.9e-06, -3.52e-05, -1.65e-05, 1.76e-05, 1.32e-05, 5.5e-06, -3.3e-05, -1.98e-05, 7.7e-06, 1.65e-05, -1.2100000000000001e-05, -4.07e-05, -1.87e-05, 1.43e-05, 1.1e-05, -6.6e-06, -2.86e-05, -2.4200000000000002e-05, 1.32e-05, 2.5300000000000002e-05, -5.5e-06, -3.19e-05, -2.4200000000000002e-05, 1.43e-05, 1.98e-05, -1.1e-06, -2.5300000000000002e-05, -2.09e-05, 1.2100000000000001e-05, 1.43e-05, -1.1e-05, -1.76e-05, -1.65e-05, 1.65e-05, 2.5300000000000002e-05, -8.8e-06, -3.41e-05, -1.87e-05, 6.6e-06, 2.5300000000000002e-05, -1.2100000000000001e-05, -3.41e-05, -1.87e-05, 1.32e-05, 2.2e-05, -7.7e-06, -3.3e-05, -1.65e-05, 1.54e-05, 1.43e-05, -2.2e-06, -2.4200000000000002e-05, -1.1e-05, 9.9e-06, 1.32e-05, 2.2e-06, -3.96e-05, -1.98e-05, 1.98e-05, 2.64e-05, -8.8e-06, -3.41e-05, -2.2e-05, 8.8e-06, 1.2100000000000001e-05, -8.8e-06, -2.86e-05, -1.65e-05, 1.43e-05, 1.76e-05, 0.0, -2.97e-05, -2.2e-05, 2.2e-06, 8.8e-06, -1.32e-05, -3.19e-05, -1.65e-05, 1.32e-05, 1.65e-05, -4.4e-06, -2.3100000000000002e-05, -2.2e-05, 4.4e-06, 1.98e-05, -4.4e-06, -2.4200000000000002e-05, -2.64e-05, 8.8e-06, 2.4200000000000002e-05, -3.3e-06, -4.6200000000000005e-05, -2.4200000000000002e-05, 6.6e-06, 2.09e-05, -6.6e-06, -2.3100000000000002e-05, -1.98e-05, 1.32e-05, 2.2e-05, -5.5e-06, -3.63e-05, -1.54e-05, -1.1e-06, 2.09e-05, 4.4e-06, -2.97e-05, -2.64e-05, 1.2100000000000001e-05, 1.54e-05, -1.65e-05, -2.86e-05, -1.87e-05, 9.9e-06, 1.98e-05, -7.7e-06, -3.63e-05, -2.3100000000000002e-05, 1.87e-05, 3.19e-05, -8.8e-06, -2.5300000000000002e-05, -2.09e-05, 6.6e-06, 1.1e-05, -3.3e-06, -2.86e-05, -1.32e-05, 1.1e-05, 1.32e-05, -4.4e-06, -2.2e-05, -2.09e-05, 2.2e-05, 2.4200000000000002e-05, 5.5e-06, -2.5300000000000002e-05, -1.54e-05, 1.65e-05, 2.09e-05, -6.6e-06, -3.74e-05, -1.87e-05, 5.5e-06, 1.54e-05, -7.7e-06, -3.85e-05, -1.87e-05, 2.09e-05, 2.09e-05, -2.2e-06, -2.86e-05, -1.2100000000000001e-05, 8.8e-06, 8.8e-06, 4.4e-06, -3.74e-05, -2.3100000000000002e-05]","[-0.0002057, -0.0001606, -0.0001265, -0.000165, -0.0002068, -0.0002068, -0.0001639, -0.0001331, -0.0001694, -0.0002134, -0.0002068, -0.0001672, -0.0001309, -0.0001672, -0.0002123, -0.0002134, -0.0001606, -0.0001452, -0.0001716, -0.0002079, -0.00020020000000000001, -0.0001595, -0.0001342, -0.0001683, -0.0002167, -0.0002233, -0.0001639, -0.0001408, -0.0001672, -0.0002145, -0.0002145, -0.0001573, -0.000132, -0.0001727, -0.00019910000000000001, -0.0002079, -0.0001595, -0.0001397, -0.0001661, -0.0002079, -0.00019910000000000001, -0.0001562, -0.000132, -0.0001683, -0.0002178, -0.0002211, -0.0001606, -0.0001419, -0.0001694, -0.000209, -0.0002046, -0.0001474, -0.0001397, -0.0001727, -0.0002134, -0.000209, -0.0001705, -0.0001375, -0.0001661, -0.0002079, -0.0002079, -0.000154, -0.0001463, -0.0001727, -0.0002046, -0.0002079, -0.0001617, -0.0001331, -0.0001694, -0.0002035, -0.000209, -0.0001595, -0.000132, -0.0001683, -0.0002189, -0.0002057, -0.000165, -0.0001298, -0.0001628, -0.000209, -0.0002068, -0.000154, -0.0001386, -0.0001694, -0.0002145, -0.00020240000000000001, -0.0001606, -0.0001265, -0.0001705, -0.0002068, -0.0002123, -0.0001617, -0.0001298, -0.0001727, -0.0002134, -0.00019910000000000001, -0.0001584, -0.0001342, -0.000165, -0.0002189, -0.0002156, -0.0001496, -0.0001265, -0.0001683, -0.0002101, -0.00020130000000000001, -0.000154, -0.000143, -0.000176, -0.0002178, -0.0002035, -0.0001551, -0.0001386, -0.00017820000000000002, -0.0002178, -0.00020240000000000001, -0.0001573, -0.0001342, -0.0001694, -0.0002068, -0.00019690000000000002, -0.0001529, -0.0001298, -0.0001672, -0.0002112, -0.00020130000000000001, -0.0001639, -0.0001386, -0.00017710000000000002, -0.0002156, -0.0002057, -0.0001584, -0.0001441, -0.0001683, -0.0002112, -0.00020020000000000001, -0.0001639, -0.0001342, -0.0001716, -0.0002145, -0.0002167, -0.0001573, -0.0001375, -0.0001694, -0.0002101, -0.0002112, -0.0001551, -0.0001265, -0.0001683, -0.0002123, -0.0002046, -0.0001485, -0.0001331, -0.0001738, -0.0002167, -0.0002145, -0.0001617, -0.000132, -0.0001716, -0.0002068, -0.00019580000000000002, -0.0001529, -0.0001342, -0.0001661, -0.0002211, -0.0002112, -0.0001628, -0.0001375, -0.0001639, -0.0002112, -0.00020240000000000001, -0.0001595, -0.0001342, -0.00018040000000000002, -0.0002101, -0.0002057, -0.0001562, -0.0001375, -0.0001716, -0.0002211, -0.0002068, -0.0001628, -0.0001342, -0.0001683, -0.0002222, -0.0002035, -0.0001606, -0.0001331, -0.0001595, -0.0002134, -0.0002123, -0.0001595, -0.0001375, -0.00017820000000000002, -0.0002079, -0.0002035, -0.0001584, -0.0001254, -0.0001694, -0.0002112, -0.0002112, -0.000154, -0.0001221, -0.0001683, -0.0002079, -0.00020240000000000001, -0.0001584, -0.0001408, -0.000176, -0.0002112, -0.00020240000000000001, -0.000154, -0.0001342, -0.0001705, -0.0002068, -0.0002079, -0.0001584, -0.0001342, -0.000165, -0.0002112, -0.0002057, -0.0001617, -0.0001452, -0.0001716, -0.0002145, -0.00020240000000000001, -0.0001529, -0.000132, -0.0001617, -0.0002156, -0.0002046, -0.0001639, -0.0001353, -0.0001573, -0.0002266, -0.0002057, -0.0001584, -0.0001331, -0.0001694, -0.0002134, -0.0002046, -0.000154, -0.0001386, -0.0001628, -0.0002145, -0.0002145, -0.0001694, -0.0001353, -0.0001661, -0.0002145, -0.0002035, -0.0001507, -0.0001243, -0.0001749, -0.000209, -0.0002156, -0.0001606, -0.0001408, -0.0001749, -0.0002101, -0.00019690000000000002, -0.000165, -0.0001298, -0.0001749, -0.0002134, -0.0002145, -0.0001573, -0.0001298, -0.0001705, -0.0002145, -0.0002156, -0.0001551, -0.0001331, -0.0001738, -0.0002068, -0.0002112, -0.0001617, -0.000132, -0.0001716, -0.00020240000000000001, -0.00020240000000000001, -0.0001606, -0.0001342, -0.0001727, -0.00022, -0.0002068, -0.000154, -0.0001254, -0.0001639, -0.0002112, -0.0002046, -0.0001573, -0.0001331, -0.0001672, -0.0002189, -0.000209, -0.0001573, -0.0001342, -0.0001683, -0.0002046, -0.00019580000000000002, -0.000154, -0.0001287, -0.0001617, -0.0002178, -0.000209, -0.0001551, -0.0001364, -0.00017710000000000002, -0.0002145, -0.0002112, -0.0001496, -0.0001265, -0.0001705, -0.0002156, -0.000209, -0.0001606, -0.0001254, -0.0001672, -0.0002123, -0.0002068, -0.0001661, -0.0001397, -0.0001705, -0.0002189, -0.0002123, -0.0001617, -0.0001353, -0.0001628, -0.0002156, -0.00019690000000000002, -0.0001672, -0.0001353, -0.0001716, -0.0002145, -0.00019910000000000001, -0.0001573, -0.000132, -0.0001672, -0.0002156, -0.00020240000000000001, -0.0001617, -0.0001364, -0.0001716, -0.0002134, -0.0002123, -0.0001551, -0.0001441, -0.0001661, -0.0002145, -0.0002123, -0.0001562, -0.0001309, -0.00017820000000000002, -0.0002134, -0.00020240000000000001, -0.0001628, -0.000132, -0.0001694, -0.0002112, -0.0002068, -0.0001617, -0.0001309, -0.0001705, -0.0002156, -0.00019910000000000001, -0.0001507, -0.0001331, -0.000165, -0.000209, -0.00020130000000000001, -0.0001628, -0.0001287, -0.00017820000000000002, -0.0002046, -0.00019250000000000002, -0.0001639, -0.0001441, -0.0001749, -0.0002222, -0.00019580000000000002, -0.0001551, -0.0001309, -0.00018040000000000002, -0.0002145, -0.0002101, -0.0001683, -0.0001309, -0.0001606, -0.0002079, -0.0002145, -0.0001672, -0.0001331, -0.0001738, -0.0002057, -0.0002035, -0.0001562, -0.0001331, -0.0001727, -0.0002134, -0.0002134, -0.0001529, -0.0001331, -0.0001716, -0.0002244, -0.0002057, -0.0001617, -0.0001353, -0.0001628, -0.0002134, -0.00022, -0.0001551, -0.0001353, -0.0001705, -0.0002134, -0.0002134, -0.0001617, -0.0001342, -0.0001617, -0.0002079, -0.00020130000000000001, -0.0001617, -0.0001364, -0.0001628, -0.0002156, -0.00020240000000000001, -0.0001661, -0.0001342, -0.0001617, -0.00022, -0.0002101, -0.0001639, -0.0001309, -0.0001661, -0.0002134, -0.0002079, -0.0001595, -0.0001331, -0.0001683, -0.0002178, -0.0002068, -0.0001562, -0.0001419, -0.0001639, -0.0002112, -0.000209, -0.0001573, -0.0001331, -0.0001683, -0.00022, -0.0002068, -0.0001507, -0.0001287, -0.0001628, -0.0002068, -0.0002079, -0.0001705, -0.000132, -0.0001716, -0.0002068, -0.0002057, -0.0001518, -0.0001298, -0.0001639, -0.000209, -0.00019690000000000002, -0.0001606, -0.0001331, -0.0001617, -0.0002101, -0.000209, -0.0001518, -0.0001331, -0.0001683, -0.0002057, -0.0002035, -0.0001606, -0.0001375, -0.0001683, -0.0002112, -0.0002035, -0.0001573, -0.0001353, -0.0001749, -0.0002145, -0.0002057, -0.0001628, -0.0001353, -0.0001683, -0.0002068, -0.0002079, -0.0001617, -0.0001298, -0.0001683, -0.0002112, -0.0002112, -0.0001496, -0.0001397, -0.0001683]","[0.0008052000000000001, 0.00043450000000000004, 0.000308, 0.0006028, 0.0008987, 0.0008041000000000001, 0.00043010000000000005, 0.0002948, 0.0006050000000000001, 0.0009009, 0.0008019, 0.0004268, 0.00030250000000000003, 0.0005984, 0.0009086000000000001, 0.0008085000000000001, 0.0004268, 0.00028930000000000004, 0.0005973, 0.0009075, 0.0008052000000000001, 0.0004356, 0.0003036, 0.0006193, 0.0009064, 0.0008008000000000001, 0.00042790000000000005, 0.0002926, 0.0006116, 0.000902, 0.0008052000000000001, 0.0004312, 0.00029810000000000004, 0.0006039, 0.0009009, 0.0008118, 0.00043670000000000004, 0.00029590000000000004, 0.0006105, 0.0009053, 0.0007931, 0.0004191, 0.00029590000000000004, 0.0006006000000000001, 0.0008998000000000001, 0.0008074, 0.0004213, 0.0003036, 0.0006116, 0.0009097, 0.0007920000000000001, 0.0004224, 0.0002816, 0.0006017, 0.0009086000000000001, 0.000803, 0.0004191, 0.00030030000000000004, 0.0006072, 0.0008998000000000001, 0.0008063, 0.0004246, 0.00029590000000000004, 0.0006061, 0.0009042000000000001, 0.0007931, 0.0004224, 0.0002904, 0.0006094000000000001, 0.0009053, 0.0008019, 0.0004224, 0.0002948, 0.0006094000000000001, 0.0009086000000000001, 0.0008063, 0.0004334, 0.0003058, 0.0006061, 0.000902, 0.0008096000000000001, 0.0004191, 0.00030030000000000004, 0.0006061, 0.0008987, 0.0007997000000000001, 0.00042570000000000005, 0.0002926, 0.0006083, 0.0008954000000000001, 0.0008107, 0.0004213, 0.0002948, 0.0006050000000000001, 0.0009031, 0.0008008000000000001, 0.00042790000000000005, 0.00028710000000000004, 0.0006094000000000001, 0.0009130000000000001, 0.0008041000000000001, 0.00043230000000000005, 0.0002992, 0.0005984, 0.0009031, 0.0008206, 0.0004191, 0.00029370000000000004, 0.0006094000000000001, 0.0009152, 0.0008107, 0.0004312, 0.00028930000000000004, 0.0006094000000000001, 0.0009064, 0.0008052000000000001, 0.0004246, 0.0002926, 0.0006127, 0.0009075, 0.0008041000000000001, 0.00042350000000000005, 0.00030030000000000004, 0.0006105, 0.0008998000000000001, 0.0008096000000000001, 0.0004268, 0.00030250000000000003, 0.0006138000000000001, 0.0009042000000000001, 0.0008008000000000001, 0.00042350000000000005, 0.00030910000000000003, 0.0006072, 0.000902, 0.0008096000000000001, 0.00043010000000000005, 0.0003058, 0.0006094000000000001, 0.0009053, 0.0008008000000000001, 0.0004378, 0.0002992, 0.0006171, 0.0009163000000000001, 0.0007909000000000001, 0.0004213, 0.000297, 0.0006105, 0.0009031, 0.0008107, 0.0004356, 0.00029370000000000004, 0.0006094000000000001, 0.0008987, 0.0008074, 0.00042790000000000005, 0.0002882, 0.0006050000000000001, 0.0008921000000000001, 0.0007975, 0.00042350000000000005, 0.0003036, 0.0006072, 0.0009031, 0.0008019, 0.0004268, 0.00030250000000000003, 0.0006182000000000001, 0.0009064, 0.000803, 0.0004268, 0.0002904, 0.0006072, 0.0009097, 0.0008019, 0.000418, 0.00030030000000000004, 0.0006072, 0.0009174000000000001, 0.0008074, 0.0004224, 0.000297, 0.0006094000000000001, 0.0009141, 0.0008074, 0.0004312, 0.00028930000000000004, 0.0006105, 0.0009119, 0.0007909000000000001, 0.0004312, 0.000297, 0.0006116, 0.0009053, 0.0008074, 0.0004147, 0.0002904, 0.0006072, 0.0008987, 0.0008041000000000001, 0.0004147, 0.000297, 0.0006105, 0.000902, 0.0008008000000000001, 0.00042790000000000005, 0.000297, 0.0006050000000000001, 0.0008976, 0.0008041000000000001, 0.0004213, 0.0003036, 0.0006094000000000001, 0.0009152, 0.0008052000000000001, 0.0004191, 0.0002948, 0.0006127, 0.0009141, 0.0008085000000000001, 0.00042790000000000005, 0.0002904, 0.0006050000000000001, 0.0009119, 0.0008151, 0.00042350000000000005, 0.000297, 0.0006050000000000001, 0.0009119, 0.0008008000000000001, 0.00042570000000000005, 0.00030030000000000004, 0.0006028, 0.000902, 0.0008008000000000001, 0.00042790000000000005, 0.0003058, 0.0006072, 0.0009130000000000001, 0.0007997000000000001, 0.0004213, 0.0002992, 0.000616, 0.0009097, 0.0008008000000000001, 0.00043890000000000004, 0.00029810000000000004, 0.0006006000000000001, 0.0008998000000000001, 0.0008063, 0.00043230000000000005, 0.00029150000000000004, 0.0006039, 0.0009097, 0.000814, 0.00042790000000000005, 0.00030250000000000003, 0.0006017, 0.0009108, 0.0008118, 0.0004213, 0.00030250000000000003, 0.0006171, 0.0009130000000000001, 0.0008041000000000001, 0.00042350000000000005, 0.00029590000000000004, 0.0006072, 0.0009130000000000001, 0.0008052000000000001, 0.0004213, 0.0003036, 0.0006061, 0.000902, 0.0007953000000000001, 0.0004334, 0.0002948, 0.0006116, 0.0009031, 0.000803, 0.0004224, 0.00030690000000000003, 0.0006116, 0.0009086000000000001, 0.0008019, 0.0004224, 0.00029590000000000004, 0.0006138000000000001, 0.0009119, 0.0008107, 0.00043890000000000004, 0.00028710000000000004, 0.0006127, 0.0009042000000000001, 0.0008008000000000001, 0.00042350000000000005, 0.000308, 0.0006182000000000001, 0.000902, 0.0007909000000000001, 0.0004268, 0.00030910000000000003, 0.0006138000000000001, 0.0009064, 0.0008063, 0.0004246, 0.0002948, 0.0006094000000000001, 0.0009031, 0.000803, 0.0004268, 0.0002926, 0.0006116, 0.0009152, 0.000803, 0.0004158, 0.0002992, 0.0006149, 0.0009064, 0.0008041000000000001, 0.0004191, 0.00029810000000000004, 0.0006094000000000001, 0.0009097, 0.0008074, 0.00042350000000000005, 0.0003058, 0.0006193, 0.0009009, 0.0008019, 0.000418, 0.00029590000000000004, 0.0006116, 0.0009042000000000001, 0.0008063, 0.0004224, 0.0002948, 0.0006061, 0.0008987, 0.000814, 0.0004246, 0.0002992, 0.0006127, 0.0009031, 0.0008096000000000001, 0.0004268, 0.0002992, 0.0006105, 0.0009130000000000001, 0.0007909000000000001, 0.0004224, 0.000308, 0.0006072, 0.0008987, 0.0008063, 0.0004246, 0.0002926, 0.0006105, 0.0009075, 0.0007986, 0.0004202, 0.0002992, 0.0006105, 0.0009119, 0.0007964000000000001, 0.0004169, 0.0002992, 0.0006094000000000001, 0.0009042000000000001, 0.000803, 0.0004202, 0.00029370000000000004, 0.0006116, 0.0009196, 0.0008063, 0.0004213, 0.0002992, 0.0006072, 0.0009119, 0.0007953000000000001, 0.000418, 0.00029370000000000004, 0.0006149, 0.0009119, 0.0007986, 0.0004191, 0.00028930000000000004, 0.0006061, 0.0009009, 0.0008096000000000001, 0.00042350000000000005, 0.0002992, 0.0006138000000000001, 0.0009097, 0.0008008000000000001, 0.0004268, 0.00029370000000000004, 0.0006094000000000001, 0.0009031, 0.0008008000000000001, 0.00042570000000000005, 0.00030030000000000004, 0.000616, 0.0009086000000000001, 0.0007997000000000001, 0.0004213, 0.00030250000000000003, 0.0006083, 0.0009075, 0.0008052000000000001, 0.0004246, 0.0002992, 0.0006083, 0.0009097, 0.0007997000000000001, 0.00043230000000000005, 0.00030250000000000003, 0.0006138000000000001, 0.0009086000000000001, 0.0008008000000000001, 0.0004213, 0.0002992, 0.0006149, 0.000902, 0.0007986, 0.00043010000000000005, 0.0003014, 0.0006094000000000001, 0.0009086000000000001, 0.000803, 0.0004191, 0.0003058, 0.0006083, 0.0009185, 0.0007931, 0.0004147, 0.00028930000000000004, 0.0006105, 0.0009075, 0.0007975, 0.000429, 0.00030690000000000003, 0.0006138000000000001, 0.000902, 0.0008052000000000001, 0.00042790000000000005, 0.00029150000000000004, 0.0006193, 0.0009064, 0.0008074, 0.000418, 0.0002992, 0.0006127, 0.0009185, 0.0007964000000000001, 0.00043010000000000005, 0.0002948, 0.0006138000000000001, 0.0009042000000000001, 0.0007964000000000001, 0.000418, 0.00030030000000000004, 0.0006083, 0.0009141, 0.0007942, 0.0004224, 0.0002904, 0.0006116, 0.0009119, 0.0008008000000000001, 0.0004202, 0.0002992, 0.0006061, 0.0009174000000000001, 0.0007953000000000001, 0.0004202, 0.00031130000000000003, 0.0006094000000000001, 0.0009163000000000001, 0.0008041000000000001, 0.0004136, 0.0003058, 0.0006182000000000001, 0.0009064, 0.0008085000000000001, 0.000418, 0.000297, 0.0006193, 0.0009108, 0.0008008000000000001, 0.0004136, 0.0003102, 0.0006215, 0.0009042000000000001, 0.0007942, 0.0004202, 0.00029810000000000004, 0.0006204]",-9
27,"[-1.54e-05, 1.54e-05, 1.65e-05, -5.5e-06, -2.86e-05, -2.2e-05, 1.54e-05, 1.43e-05, -8.8e-06, -4.18e-05, -2.3100000000000002e-05, 1.2100000000000001e-05, 1.76e-05, -1.32e-05, -3.85e-05, -1.54e-05, 7.7e-06, 1.98e-05, 2.2e-06, -3.19e-05, -1.87e-05, 1.65e-05, 1.43e-05, -8.8e-06, -3.19e-05, -2.75e-05, 5.5e-06, 2.64e-05, -3.3e-06, -3.52e-05, -2.64e-05, 4.4e-06, 1.65e-05, -1.2100000000000001e-05, -3.96e-05, -1.54e-05, 7.7e-06, 7.7e-06, -6.6e-06, -2.97e-05, -2.3100000000000002e-05, 2.2e-06, 7.7e-06, -7.7e-06, -3.74e-05, -1.65e-05, 3.3e-06, 1.76e-05, -1.76e-05, -2.4200000000000002e-05, -1.43e-05, 8.8e-06, 1.1e-05, -5.5e-06, -3.3e-05, -1.43e-05, 1.43e-05, 1.76e-05, -1.76e-05, -4.07e-05, -2.4200000000000002e-05, -5.5e-06, 1.87e-05, -3.3e-06, -2.2e-05, -2.3100000000000002e-05, 1.43e-05, 2.4200000000000002e-05, -8.8e-06, -3.74e-05, -2.4200000000000002e-05, 1.76e-05, 1.43e-05, -7.7e-06, -2.97e-05, -2.09e-05, 1.1e-05, 1.76e-05, -1.32e-05, -2.3100000000000002e-05, -1.65e-05, 1.2100000000000001e-05, 1.87e-05, -1.32e-05, -3.19e-05, -1.76e-05, 6.6e-06, 9.9e-06, 2.2e-06, -4.18e-05, -1.32e-05, 7.7e-06, 1.32e-05, -1.32e-05, -3.52e-05, -2.09e-05, 7.7e-06, 1.54e-05, -7.7e-06, -3.3e-05, -1.65e-05, 0.0, 1.87e-05, -2.2e-06, -3.08e-05, -1.76e-05, 1.1e-05, 1.1e-05, -1.43e-05, -3.08e-05, -3.08e-05, 1.65e-05, 7.7e-06, -1.65e-05, -2.75e-05, -1.1e-05, 1.32e-05, 1.32e-05, -1.2100000000000001e-05, -2.64e-05, -2.5300000000000002e-05, 6.6e-06, 1.65e-05, -1.54e-05, -2.97e-05, -2.4200000000000002e-05, 1.32e-05, 1.87e-05, -1.32e-05, -3.3e-05, -1.2100000000000001e-05, 3.3e-06, 9.9e-06, -2.2e-06, -3.08e-05, -1.43e-05, 5.5e-06, 1.43e-05, -1.1e-05, -3.19e-05, -2.2e-05, 0.0, 2.5300000000000002e-05, -8.8e-06, -2.75e-05, -1.32e-05, 1.2100000000000001e-05, 9.9e-06, -7.7e-06, -3.41e-05, -1.87e-05, 4.4e-06, 1.1e-05, -5.5e-06, -2.86e-05, -2.4200000000000002e-05, 9.9e-06, 1.1e-05, -1.1e-05, -3.52e-05, -2.09e-05, 8.8e-06, 1.1e-05, -1.32e-05, -2.97e-05, -8.8e-06, 7.7e-06, 8.8e-06, -1.32e-05, -3.19e-05, -2.75e-05, 1.43e-05, 1.32e-05, -4.4e-06, -3.96e-05, -1.87e-05, 7.7e-06, 8.8e-06, -1.65e-05, -3.74e-05, -1.76e-05, 5.5e-06, 1.54e-05, -4.4e-06, -2.75e-05, -1.65e-05, 7.7e-06, 5.5e-06, -1.1e-06, -2.97e-05, -2.2e-05, 3.3e-06, 1.43e-05, -6.6e-06, -2.97e-05, -1.43e-05, 1.54e-05, 2.3100000000000002e-05, -1.54e-05, -2.5300000000000002e-05, -2.4200000000000002e-05, 2.2e-06, 5.5e-06, -1.65e-05, -3.41e-05, -2.64e-05, 1.32e-05, 1.65e-05, -5.5e-06, -4.07e-05, -2.75e-05, 3.3e-06, 1.54e-05, -2.2e-05, -3.63e-05, -2.3100000000000002e-05, 0.0, 2.09e-05, -6.6e-06, -3.85e-05, -2.4200000000000002e-05, 1.32e-05, 1.2100000000000001e-05, -7.7e-06, -3.3e-05, -2.09e-05, 3.3e-06, 1.87e-05, -4.4e-06, -3.41e-05, -1.54e-05, 2.2e-06, 1.2100000000000001e-05, -1.76e-05, -3.08e-05, -1.76e-05, 7.7e-06, 2.09e-05, -9.9e-06, -4.4e-05, -2.3100000000000002e-05, 4.4e-06, 1.54e-05, -1.65e-05, -3.3e-05, -1.87e-05, 1.54e-05, 9.9e-06, 0.0, -3.74e-05, -1.76e-05, 7.7e-06, 1.76e-05, -1.65e-05, -2.4200000000000002e-05, -1.65e-05, 5.5e-06, 1.32e-05, -1.43e-05, -3.08e-05, -1.87e-05, 7.7e-06, 6.6e-06, -1.2100000000000001e-05, -3.85e-05, -1.76e-05, 1.2100000000000001e-05, 1.87e-05, -1.2100000000000001e-05, -2.86e-05, -1.98e-05, 5.5e-06, 3.3e-06, -1.65e-05, -3.19e-05, -2.75e-05, 1.1e-05, 1.65e-05, -1.1e-05, -3.3e-05, -1.76e-05, 1.1e-05, 9.9e-06, -1.32e-05, -4.07e-05, -7.7e-06, 2.2e-06, 1.87e-05, -9.9e-06, -3.08e-05, -1.76e-05, 4.4e-06, 1.87e-05, -5.5e-06, -2.64e-05, -1.32e-05, 5.5e-06, 2.4200000000000002e-05, -7.7e-06, -3.52e-05, -1.54e-05, 2.2e-06, 1.32e-05, -6.6e-06, -2.97e-05, -2.64e-05, -4.4e-06, 1.2100000000000001e-05, -9.9e-06, -3.52e-05, -3.3e-05, 7.7e-06, 2.09e-05, -3.3e-06, -3.63e-05, -2.3100000000000002e-05, 9.9e-06, 5.5e-06, -1.1e-05, -3.3e-05, -1.98e-05, 2.2e-06, 1.43e-05, -1.1e-05, -3.41e-05, -1.65e-05, 4.4e-06, 1.1e-05, -1.65e-05, -3.52e-05, -2.4200000000000002e-05, 3.3e-06, 2.5300000000000002e-05, -1.65e-05, -3.3e-05, -2.2e-05, 8.8e-06, 7.7e-06, -1.87e-05, -3.19e-05, -3.74e-05, 1.1e-06, 9.9e-06, -1.87e-05, -3.74e-05, -2.2e-05, 5.5e-06, 1.43e-05, -1.32e-05, -3.41e-05, -1.87e-05, 3.3e-06, 1.54e-05, -1.1e-05, -3.96e-05, -2.3100000000000002e-05, -1.1e-06, 2.09e-05, -6.6e-06, -3.63e-05, -2.4200000000000002e-05, 5.5e-06, 4.4e-06, -1.2100000000000001e-05, -3.08e-05, -2.09e-05, 1.43e-05, 3.3e-06, -1.1e-05, -2.97e-05, -1.87e-05, 9.9e-06, 2.2e-05, -1.76e-05, -3.08e-05, -1.32e-05, 4.4e-06, 1.98e-05, -2.2e-06, -2.75e-05, -1.76e-05, 5.5e-06, 1.65e-05, -1.2100000000000001e-05, -3.85e-05, -2.4200000000000002e-05, 9.9e-06, 1.2100000000000001e-05, -9.9e-06, -3.74e-05, -2.5300000000000002e-05, 7.7e-06, 1.2100000000000001e-05, -2.2e-05, -3.19e-05, -2.4200000000000002e-05, 2.2e-06, 1.2100000000000001e-05, -1.2100000000000001e-05, -3.52e-05, -1.98e-05, 4.4e-06, 1.32e-05, -8.8e-06, -2.64e-05, -2.5300000000000002e-05, 3.3e-06, 4.4e-06, -1.54e-05, -3.41e-05, -1.98e-05, 7.7e-06, 9.9e-06, -1.87e-05, -2.75e-05, -1.98e-05, 7.7e-06, 6.6e-06, -5.5e-06, -2.2e-05, -2.09e-05, 4.4e-06, 1.2100000000000001e-05, -1.54e-05, -3.08e-05, -1.76e-05, 6.6e-06, 6.6e-06, -6.6e-06, -3.85e-05, -2.86e-05, 8.8e-06, 1.2100000000000001e-05, -1.2100000000000001e-05, -2.97e-05, -2.09e-05, 4.4e-06, 0.0, -4.4e-06, -2.5300000000000002e-05, -2.2e-05, 4.4e-06, 8.8e-06, -8.8e-06, -3.08e-05, -2.5300000000000002e-05, 2.2e-06, 1.65e-05, -1.32e-05, -2.97e-05, -1.43e-05, 9.9e-06, 9.9e-06, -1.2100000000000001e-05, -2.97e-05, -1.76e-05, 1.32e-05, 1.1e-05, -6.6e-06, -3.96e-05, -1.54e-05, 1.1e-06, 8.8e-06, -5.5e-06, -3.19e-05, -2.75e-05, 0.0, 6.6e-06, -2.2e-06, -3.52e-05, -1.32e-05, 0.0, 1.32e-05, -9.9e-06, -2.86e-05, -2.2e-05, 4.4e-06, 1.65e-05, -1.43e-05, -3.41e-05, -2.09e-05, -2.2e-06, 7.7e-06, -2.2e-06, -3.74e-05, -2.09e-05, 1.43e-05, 1.32e-05, -8.8e-06, -2.64e-05, -3.08e-05, 9.9e-06, 9.9e-06, -7.7e-06, -4.07e-05, -2.09e-05, 5.5e-06, 9.9e-06, -1.54e-05, -3.74e-05]","[-0.000165, -0.0002046, -0.0002057, -0.0001628, -0.0001298, -0.0001672, -0.0002101, -0.000209, -0.0001485, -0.0001298, -0.0001661, -0.00020240000000000001, -0.0002178, -0.0001562, -0.0001309, -0.0001672, -0.0002244, -0.00020240000000000001, -0.0001474, -0.0001375, -0.0001727, -0.0002134, -0.00020130000000000001, -0.0001683, -0.0001397, -0.0001595, -0.0002112, -0.00020240000000000001, -0.0001617, -0.0001309, -0.0001661, -0.0002189, -0.0002035, -0.0001529, -0.0001331, -0.0001727, -0.0002101, -0.0002035, -0.0001562, -0.000132, -0.0001672, -0.0002079, -0.00019140000000000002, -0.0001639, -0.0001397, -0.0001617, -0.0002068, -0.0002046, -0.0001507, -0.0001309, -0.0001694, -0.0002145, -0.000209, -0.0001562, -0.000132, -0.0001749, -0.0002123, -0.0002035, -0.0001562, -0.0001276, -0.0001749, -0.0002167, -0.0002035, -0.0001551, -0.0001331, -0.0001727, -0.0002123, -0.00020020000000000001, -0.0001518, -0.0001331, -0.0001749, -0.0002134, -0.0002156, -0.0001672, -0.0001419, -0.0001738, -0.0002145, -0.0002057, -0.0001584, -0.000143, -0.000165, -0.0002101, -0.0002057, -0.000154, -0.0001375, -0.0001716, -0.0002145, -0.00020130000000000001, -0.000154, -0.0001353, -0.0001683, -0.0002145, -0.0002079, -0.0001573, -0.000132, -0.0001694, -0.0002112, -0.0002068, -0.0001551, -0.0001309, -0.0001672, -0.0002134, -0.0002057, -0.000165, -0.0001342, -0.0001716, -0.0002145, -0.0002068, -0.0001584, -0.0001331, -0.0001595, -0.0002079, -0.00020240000000000001, -0.0001518, -0.0001243, -0.0001705, -0.000209, -0.0002057, -0.000165, -0.0001265, -0.0001749, -0.0002101, -0.0002079, -0.0001584, -0.0001276, -0.00017710000000000002, -0.0002145, -0.00020240000000000001, -0.0001551, -0.0001298, -0.000165, -0.0002222, -0.0002112, -0.0001474, -0.0001331, -0.0001749, -0.0002178, -0.00019910000000000001, -0.0001485, -0.0001386, -0.0001716, -0.0002178, -0.0002123, -0.000165, -0.0001232, -0.0001705, -0.0002211, -0.0002057, -0.000154, -0.0001364, -0.000165, -0.0002112, -0.0002167, -0.0001562, -0.0001331, -0.0001639, -0.0002134, -0.0002068, -0.0001617, -0.0001364, -0.0001705, -0.0002035, -0.00020130000000000001, -0.0001573, -0.0001331, -0.0001716, -0.000209, -0.000209, -0.0001573, -0.0001441, -0.0001661, -0.00020240000000000001, -0.00019580000000000002, -0.0001606, -0.000132, -0.00018150000000000002, -0.0002079, -0.0002079, -0.000154, -0.0001331, -0.000165, -0.000209, -0.0002101, -0.0001485, -0.000132, -0.0001672, -0.0002178, -0.00019800000000000002, -0.0001485, -0.0001199, -0.0001705, -0.000209, -0.0002068, -0.0001529, -0.0001265, -0.0001738, -0.0002211, -0.0002123, -0.0001606, -0.0001419, -0.0001727, -0.0002123, -0.0002035, -0.0001507, -0.0001309, -0.0001705, -0.0002167, -0.000209, -0.0001639, -0.0001364, -0.0001705, -0.0002266, -0.0002112, -0.0001529, -0.0001375, -0.000165, -0.0002145, -0.0002068, -0.0001474, -0.0001441, -0.0001738, -0.0002145, -0.0002046, -0.0001595, -0.0001474, -0.0001573, -0.0002134, -0.00020130000000000001, -0.0001562, -0.000132, -0.0001683, -0.0002244, -0.0002046, -0.000154, -0.0001331, -0.0001683, -0.0002057, -0.0002068, -0.0001595, -0.0001342, -0.0001694, -0.00022, -0.00019910000000000001, -0.0001705, -0.0001375, -0.0001617, -0.0002101, -0.0002134, -0.0001507, -0.0001353, -0.00017710000000000002, -0.0002123, -0.0002079, -0.0001606, -0.0001342, -0.0001716, -0.0002079, -0.0002211, -0.0001551, -0.000132, -0.000165, -0.0002167, -0.000209, -0.0001529, -0.0001375, -0.0001595, -0.0002134, -0.0002079, -0.0001562, -0.0001342, -0.0001716, -0.0002167, -0.0002178, -0.000143, -0.0001331, -0.0001705, -0.0002134, -0.0002046, -0.0001474, -0.0001353, -0.0001705, -0.0002178, -0.0002079, -0.000154, -0.0001364, -0.00017710000000000002, -0.000209, -0.00020240000000000001, -0.0001551, -0.0001342, -0.0001716, -0.0002112, -0.0002035, -0.0001573, -0.0001342, -0.0001683, -0.0002178, -0.0002057, -0.0001573, -0.000132, -0.0001672, -0.0002068, -0.00019800000000000002, -0.0001672, -0.0001364, -0.0001749, -0.0002134, -0.0002057, -0.0001496, -0.0001331, -0.0001694, -0.0002145, -0.00022, -0.0001573, -0.0001463, -0.0001672, -0.0002057, -0.0002046, -0.0001485, -0.0001408, -0.0001661, -0.0002156, -0.0002079, -0.0001573, -0.0001441, -0.0001705, -0.0002244, -0.0002046, -0.0001606, -0.0001287, -0.0001595, -0.0002145, -0.0002145, -0.0001529, -0.0001287, -0.00017710000000000002, -0.0002112, -0.0002057, -0.0001507, -0.0001375, -0.0001727, -0.0002156, -0.0002079, -0.0001628, -0.000132, -0.0001628, -0.0002156, -0.000209, -0.0001595, -0.0001265, -0.0001639, -0.000209, -0.00019910000000000001, -0.0001628, -0.0001331, -0.0001672, -0.0002123, -0.0002035, -0.0001518, -0.0001408, -0.00017820000000000002, -0.0002167, -0.0002123, -0.0001573, -0.0001364, -0.00017820000000000002, -0.000209, -0.00020240000000000001, -0.0001474, -0.0001375, -0.0001705, -0.0002167, -0.000209, -0.0001551, -0.0001243, -0.0001628, -0.0002101, -0.000209, -0.000154, -0.0001364, -0.0001749, -0.0002101, -0.0002101, -0.0001529, -0.0001342, -0.0001683, -0.0002156, -0.00020240000000000001, -0.0001606, -0.0001375, -0.0001705, -0.0002178, -0.0002123, -0.0001617, -0.0001375, -0.0001694, -0.0002211, -0.0002035, -0.0001562, -0.0001375, -0.0001639, -0.0002178, -0.0002189, -0.0001562, -0.0001276, -0.0001694, -0.0002156, -0.0002134, -0.0001507, -0.0001375, -0.0001716, -0.000209, -0.00020130000000000001, -0.0001584, -0.0001353, -0.0001661, -0.0002134, -0.0002079, -0.000165, -0.000132, -0.0001628, -0.000209, -0.0002035, -0.0001595, -0.0001331, -0.0001705, -0.0002233, -0.000209, -0.0001617, -0.0001199, -0.0001716, -0.000209, -0.000209, -0.0001573, -0.0001375, -0.0001683, -0.0002123, -0.00019910000000000001, -0.0001562, -0.0001265, -0.00018150000000000002, -0.0002079, -0.0002079, -0.000154, -0.0001364, -0.0001661, -0.000209, -0.00020240000000000001, -0.0001518, -0.0001463, -0.00018700000000000002, -0.0002178, -0.0002068, -0.0001463, -0.0001331, -0.0001694, -0.0002112, -0.0002035, -0.0001529, -0.0001276, -0.0001683, -0.0002167, -0.0002035, -0.0001529, -0.0001276, -0.0001749, -0.0002156, -0.0002035, -0.0001595, -0.0001397, -0.00018150000000000002, -0.0002112, -0.0002068, -0.0001507, -0.0001342, -0.0001716, -0.0002101, -0.000209, -0.0001496, -0.0001309, -0.0001705, -0.0002112, -0.000209, -0.000154, -0.0001419, -0.0001672, -0.0002156, -0.0002057, -0.0001595, -0.000132, -0.0001738, -0.0002178, -0.0002068, -0.0001639, -0.0001375, -0.0001694, -0.0002101, -0.00019910000000000001, -0.0001628, -0.0001331]","[0.0006182000000000001, 0.000902, 0.0007898, 0.0004103, 0.0003168, 0.0006204, 0.0009108, 0.0007953000000000001, 0.0004103, 0.00030250000000000003, 0.0006204, 0.0009075, 0.0007964000000000001, 0.0004147, 0.00031130000000000003, 0.0006237, 0.0009075, 0.000803, 0.0004147, 0.0002948, 0.0006171, 0.0009075, 0.0007909000000000001, 0.0004103, 0.00030690000000000003, 0.0006336, 0.0009141, 0.0008041000000000001, 0.000407, 0.0002992, 0.0006281, 0.0009097, 0.0007898, 0.0004081, 0.000308, 0.0006303, 0.0008954000000000001, 0.0007920000000000001, 0.0004202, 0.000297, 0.0006259, 0.0009141, 0.0007975, 0.0004136, 0.000308, 0.0006138000000000001, 0.0009075, 0.0007986, 0.0004103, 0.00030250000000000003, 0.0006248, 0.0009119, 0.0008019, 0.0004169, 0.000308, 0.0006281, 0.0009108, 0.0007942, 0.0004037, 0.00030030000000000004, 0.0006127, 0.0009163000000000001, 0.0007931, 0.0004136, 0.00031130000000000003, 0.0006281, 0.0009130000000000001, 0.0007986, 0.0004136, 0.00030690000000000003, 0.0006226000000000001, 0.0009064, 0.0007953000000000001, 0.0004158, 0.00030250000000000003, 0.0006281, 0.0009042000000000001, 0.0007964000000000001, 0.0004092, 0.000308, 0.0006270000000000001, 0.0009086000000000001, 0.0007975, 0.0004059, 0.00030910000000000003, 0.0006182000000000001, 0.0009097, 0.0007920000000000001, 0.0004103, 0.00029810000000000004, 0.0006259, 0.0009141, 0.0007887, 0.000407, 0.00030910000000000003, 0.0006237, 0.0008998000000000001, 0.0007920000000000001, 0.0004125, 0.0003036, 0.0006193, 0.0009031, 0.0007986, 0.0004125, 0.0003124, 0.0006292, 0.0009130000000000001, 0.0007942, 0.0004147, 0.00030030000000000004, 0.0006292, 0.0009075, 0.0007964000000000001, 0.0004092, 0.0003058, 0.0006204, 0.0009119, 0.0007986, 0.0004147, 0.0002948, 0.0006248, 0.0009031, 0.0007920000000000001, 0.0004147, 0.00029810000000000004, 0.0006226000000000001, 0.0009108, 0.0007854, 0.0004103, 0.00030910000000000003, 0.0006237, 0.0009064, 0.0008019, 0.0004037, 0.0003014, 0.0006248, 0.0009119, 0.0007865000000000001, 0.0004114, 0.00031350000000000003, 0.0006204, 0.0009075, 0.0007887, 0.0004081, 0.0003146, 0.0006226000000000001, 0.0009108, 0.0007909000000000001, 0.0004191, 0.0003014, 0.0006204, 0.0009097, 0.0007920000000000001, 0.0004158, 0.0003036, 0.0006314000000000001, 0.0009075, 0.0007854, 0.0004103, 0.000308, 0.0006204, 0.0009086000000000001, 0.0007898, 0.0004103, 0.00030470000000000003, 0.0006237, 0.0009163000000000001, 0.0007898, 0.0004191, 0.000308, 0.0006281, 0.0009163000000000001, 0.0007931, 0.0004081, 0.00031350000000000003, 0.0006292, 0.0009174000000000001, 0.0007942, 0.0004059, 0.0003014, 0.0006259, 0.0009053, 0.0008019, 0.0004169, 0.00030250000000000003, 0.0006314000000000001, 0.000924, 0.0007942, 0.000407, 0.00030250000000000003, 0.0006281, 0.0009130000000000001, 0.0007898, 0.0004037, 0.00030910000000000003, 0.0006204, 0.0009196, 0.0007931, 0.000407, 0.000297, 0.0006303, 0.0009086000000000001, 0.0007953000000000001, 0.0004103, 0.00029370000000000004, 0.0006270000000000001, 0.0009152, 0.0007876000000000001, 0.000407, 0.00031570000000000003, 0.0006281, 0.0009075, 0.0007975, 0.0004202, 0.00031350000000000003, 0.0006270000000000001, 0.0009119, 0.0007942, 0.000418, 0.0003102, 0.0006391000000000001, 0.0009009, 0.0007821000000000001, 0.0004191, 0.0002992, 0.0006369, 0.0009130000000000001, 0.0007964000000000001, 0.0004125, 0.00029810000000000004, 0.0006237, 0.0009262000000000001, 0.0007909000000000001, 0.0004059, 0.00030690000000000003, 0.0006149, 0.0009053, 0.0008008000000000001, 0.000407, 0.0003036, 0.0006413, 0.0009174000000000001, 0.0008041000000000001, 0.000407, 0.00030250000000000003, 0.0006336, 0.0009119, 0.000781, 0.0004037, 0.00030470000000000003, 0.0006237, 0.0009097, 0.0007854, 0.0004191, 0.00030030000000000004, 0.0006369, 0.0009097, 0.0007920000000000001, 0.0004037, 0.000308, 0.0006270000000000001, 0.0009064, 0.0007953000000000001, 0.0004059, 0.0002948, 0.0006336, 0.000902, 0.0007909000000000001, 0.0004081, 0.000308, 0.0006215, 0.0009185, 0.0007964000000000001, 0.0004125, 0.00030250000000000003, 0.0006303, 0.0009053, 0.0007898, 0.000418, 0.0003146, 0.0006314000000000001, 0.0009053, 0.0007865000000000001, 0.0004103, 0.00030250000000000003, 0.0006248, 0.0009130000000000001, 0.0007964000000000001, 0.0004191, 0.00030250000000000003, 0.0006347000000000001, 0.0009163000000000001, 0.0007854, 0.0004136, 0.0002992, 0.0006336, 0.0009108, 0.0007942, 0.0004114, 0.0002992, 0.0006248, 0.0009119, 0.0007898, 0.0004103, 0.00030250000000000003, 0.0006281, 0.0009130000000000001, 0.0007909000000000001, 0.0004125, 0.0003146, 0.0006149, 0.0009119, 0.0007821000000000001, 0.0004125, 0.00031130000000000003, 0.0006259, 0.0009086000000000001, 0.0007865000000000001, 0.0004136, 0.0003058, 0.0006303, 0.0009086000000000001, 0.0007909000000000001, 0.0004202, 0.000308, 0.0006248, 0.0009108, 0.0007755, 0.00040480000000000003, 0.00031570000000000003, 0.0006303, 0.0009064, 0.0007997000000000001, 0.0004059, 0.00030910000000000003, 0.0006336, 0.0009152, 0.0007821000000000001, 0.0004103, 0.00030910000000000003, 0.0006336, 0.0009141, 0.0007953000000000001, 0.0004092, 0.00030910000000000003, 0.0006402000000000001, 0.0009141, 0.0007920000000000001, 0.0004059, 0.0003146, 0.0006336, 0.0009130000000000001, 0.0007997000000000001, 0.0004103, 0.00031130000000000003, 0.0006347000000000001, 0.0009086000000000001, 0.0007865000000000001, 0.0004136, 0.0003058, 0.0006237, 0.0009152, 0.0007887, 0.000407, 0.00031130000000000003, 0.0006182000000000001, 0.0009031, 0.000781, 0.0004103, 0.00030690000000000003, 0.0006358000000000001, 0.0009075, 0.0007986, 0.000407, 0.000308, 0.0006226000000000001, 0.0009042000000000001, 0.0007854, 0.0004158, 0.0003014, 0.0006281, 0.0009130000000000001, 0.0007854, 0.0004081, 0.00030910000000000003, 0.0006336, 0.0009042000000000001, 0.0007876000000000001, 0.0004191, 0.0003036, 0.0006369, 0.0009152, 0.0007898, 0.0004213, 0.000308, 0.0006369, 0.0009097, 0.0007887, 0.0004059, 0.0003146, 0.0006248, 0.0009064, 0.0007975, 0.0004103, 0.00030690000000000003, 0.0006303, 0.0009064, 0.0007953000000000001, 0.0004081, 0.00030690000000000003, 0.0006358000000000001, 0.0009075, 0.0007766, 0.000407, 0.0003124, 0.0006226000000000001, 0.0009196, 0.0007777000000000001, 0.0004103, 0.00030690000000000003, 0.0006281, 0.0009130000000000001, 0.0007832000000000001, 0.00040480000000000003, 0.00030690000000000003, 0.0006336, 0.0009130000000000001, 0.0007920000000000001, 0.0004092, 0.00029810000000000004, 0.0006292, 0.0009141, 0.0007953000000000001, 0.0004147, 0.00030250000000000003, 0.0006292, 0.0009097, 0.0007975, 0.0004092, 0.0002948, 0.0006314000000000001, 0.0009086000000000001, 0.0007788000000000001, 0.0004125, 0.00030910000000000003, 0.0006259, 0.0009141, 0.0007876000000000001, 0.0004092, 0.000319, 0.0006281, 0.0009009, 0.0007799, 0.00039820000000000003, 0.0003058, 0.0006248, 0.0009229, 0.0007766, 0.0004125, 0.00031350000000000003, 0.0006292, 0.0009141, 0.0007953000000000001, 0.0004092, 0.0003036, 0.0006314000000000001, 0.0009141, 0.0007953000000000001, 0.0004081, 0.00031130000000000003, 0.0006259, 0.0009174000000000001, 0.0007865000000000001, 0.0004092, 0.0003058, 0.0006281, 0.0009119, 0.0007909000000000001, 0.0004015, 0.00030910000000000003, 0.0006325, 0.0009185, 0.0007887, 0.0004169, 0.00030690000000000003, 0.0006303, 0.0009196, 0.0007788000000000001, 0.0004158, 0.00030690000000000003, 0.0006281, 0.0009185, 0.0007854, 0.00039820000000000003, 0.0003146, 0.0006281, 0.0009086000000000001, 0.0007909000000000001, 0.0004092, 0.0003124]",-8
28,"[-3.96e-05, -1.65e-05, 1.43e-05, 1.2100000000000001e-05, -1.2100000000000001e-05, -2.97e-05, -2.5300000000000002e-05, 3.3e-06, 8.8e-06, -1.2100000000000001e-05, -2.75e-05, -2.09e-05, 1.1e-06, 7.7e-06, -1.87e-05, -4.18e-05, -2.75e-05, 0.0, 5.5e-06, -9.9e-06, -4.07e-05, -1.87e-05, 9.9e-06, 1.43e-05, -1.54e-05, -4.18e-05, -2.2e-05, -6.6e-06, 4.4e-06, -1.2100000000000001e-05, -3.19e-05, -2.5300000000000002e-05, -3.3e-06, 1.43e-05, -1.1e-05, -2.64e-05, -2.2e-05, 3.3e-06, 1.1e-05, -2.4200000000000002e-05, -3.3e-05, -2.86e-05, 0.0, 4.4e-06, -9.9e-06, -3.96e-05, -1.65e-05, 0.0, 9.9e-06, -9.9e-06, -2.86e-05, -2.2e-05, 4.4e-06, 3.3e-06, -1.2100000000000001e-05, -4.29e-05, -2.97e-05, -3.3e-06, -2.2e-06, -1.54e-05, -3.96e-05, -2.3100000000000002e-05, 1.1e-06, 1.54e-05, -1.98e-05, -4.18e-05, -2.86e-05, 3.3e-06, 1.2100000000000001e-05, -1.2100000000000001e-05, -2.97e-05, -1.87e-05, 1.1e-06, 4.4e-06, -8.8e-06, -3.08e-05, -2.5300000000000002e-05, -3.3e-06, 3.3e-06, -9.9e-06, -2.97e-05, -3.63e-05, 7.7e-06, -4.4e-06, -2.09e-05, -3.52e-05, -2.86e-05, 0.0, 3.3e-06, -1.98e-05, -3.41e-05, -2.5300000000000002e-05, -8.8e-06, 1.43e-05, -2.09e-05, -2.5300000000000002e-05, -2.75e-05, -3.3e-06, 3.3e-06, -4.4e-06, -3.52e-05, -2.4200000000000002e-05, 5.5e-06, 6.6e-06, -1.43e-05, -3.85e-05, -2.75e-05, 3.3e-06, 2.2e-06, -1.2100000000000001e-05, -3.85e-05, -2.64e-05, 3.3e-06, 1.65e-05, -7.7e-06, -3.3e-05, -2.2e-05, 2.2e-06, 8.8e-06, -1.32e-05, -3.85e-05, -3.19e-05, 0.0, 9.9e-06, -1.32e-05, -2.97e-05, -1.65e-05, -1.1e-06, 1.1e-06, -1.1e-05, -3.52e-05, -2.86e-05, 4.4e-06, 1.1e-06, -6.6e-06, -3.85e-05, -1.87e-05, 1.1e-06, 8.8e-06, -1.76e-05, -3.63e-05, -2.4200000000000002e-05, -3.3e-06, 1.2100000000000001e-05, -1.2100000000000001e-05, -3.85e-05, -1.43e-05, 0.0, 1.1e-05, -1.32e-05, -4.6200000000000005e-05, -1.87e-05, 0.0, 7.7e-06, -7.7e-06, -3.19e-05, -3.19e-05, -3.3e-06, 2.2e-06, -1.43e-05, -3.3e-05, -1.98e-05, 5.5e-06, 1.1e-05, -1.54e-05, -3.08e-05, -2.75e-05, -1.1e-06, 2.2e-06, -1.2100000000000001e-05, -4.29e-05, -2.5300000000000002e-05, 2.2e-06, 2.2e-06, -2.5300000000000002e-05, -4.4e-05, -3.19e-05, 6.6e-06, 1.1e-06, -1.2100000000000001e-05, -3.19e-05, -2.5300000000000002e-05, 6.6e-06, 6.6e-06, -2.4200000000000002e-05, -3.85e-05, -2.4200000000000002e-05, 0.0, -1.1e-06, -8.8e-06, -2.97e-05, -2.64e-05, 4.4e-06, 1.43e-05, -1.87e-05, -3.19e-05, -2.2e-05, 3.3e-06, 2.2e-06, -1.54e-05, -3.85e-05, -1.43e-05, 1.1e-06, 4.4e-06, -1.87e-05, -3.19e-05, -2.3100000000000002e-05, 4.4e-06, 1.1e-05, -1.54e-05, -3.63e-05, -3.3e-05, 6.6e-06, 1.1e-06, -1.65e-05, -2.75e-05, -3.3e-05, -4.4e-06, 5.5e-06, -1.43e-05, -4.18e-05, -3.19e-05, -2.2e-06, 5.5e-06, -1.98e-05, -3.52e-05, -2.3100000000000002e-05, 6.6e-06, 8.8e-06, -5.5e-06, -3.85e-05, -2.09e-05, -5.5e-06, 3.3e-06, -1.2100000000000001e-05, -3.74e-05, -4.07e-05, 4.4e-06, 5.5e-06, -4.4e-06, -2.5300000000000002e-05, -3.08e-05, -2.2e-06, 3.3e-06, -1.32e-05, -3.3e-05, -2.86e-05, -4.4e-06, -5.5e-06, -1.1e-05, -3.63e-05, -2.3100000000000002e-05, 0.0, 8.8e-06, -1.1e-05, -3.63e-05, -1.98e-05, 9.9e-06, 8.8e-06, -7.7e-06, -3.08e-05, -3.85e-05, 0.0, 1.54e-05, -9.9e-06, -3.63e-05, -3.08e-05, -1.1e-06, 7.7e-06, -1.87e-05, -2.86e-05, -2.86e-05, 1.1e-06, 5.5e-06, -9.9e-06, -3.74e-05, -2.5300000000000002e-05, 4.4e-06, 2.2e-06, -1.43e-05, -3.3e-05, -1.98e-05, 1.76e-05, 4.4e-06, -9.9e-06, -3.96e-05, -2.86e-05, -2.2e-06, 2.2e-06, -9.9e-06, -3.19e-05, -2.4200000000000002e-05, 3.3e-06, 1.43e-05, -1.65e-05, -3.96e-05, -2.64e-05, 8.8e-06, 2.3100000000000002e-05, -1.65e-05, -3.19e-05, -2.09e-05, 2.2e-06, -3.3e-06, -6.6e-06, -2.64e-05, -1.76e-05, -3.3e-06, 5.5e-06, -1.65e-05, -4.07e-05, -2.3100000000000002e-05, 1.1e-06, 6.6e-06, -1.65e-05, -3.85e-05, -2.64e-05, 2.2e-06, 6.6e-06, -1.1e-05, -3.85e-05, -2.4200000000000002e-05, 7.7e-06, 1.2100000000000001e-05, -1.76e-05, -2.86e-05, -2.3100000000000002e-05, 2.2e-06, 9.9e-06, -1.32e-05, -3.19e-05, -1.43e-05, 3.3e-06, 2.2e-06, -1.87e-05, -3.96e-05, -2.75e-05, 0.0, 4.4e-06, -4.4e-06, -3.52e-05, -2.64e-05, 1.1e-06, 1.1e-05, -4.4e-06, -3.41e-05, -2.2e-05, -2.2e-06, 8.8e-06, -1.87e-05, -4.29e-05, -1.76e-05, 1.1e-06, 1.32e-05, -1.54e-05, -2.75e-05, -2.86e-05, 3.3e-06, 1.1e-05, -1.54e-05, -2.97e-05, -1.65e-05, -1.1e-06, 4.4e-06, -9.9e-06, -2.64e-05, -2.3100000000000002e-05, -3.3e-06, 1.1e-05, -1.2100000000000001e-05, -3.19e-05, -1.76e-05, 1.1e-06, 1.32e-05, -1.87e-05, -3.85e-05, -1.87e-05, 5.5e-06, 1.1e-05, -1.65e-05, -3.3e-05, -3.3e-05, 6.6e-06, 1.54e-05, -1.76e-05, -3.96e-05, -2.64e-05, 6.6e-06, 3.3e-06, -1.43e-05, -3.08e-05, -2.2e-05, -9.9e-06, 7.7e-06, -1.76e-05, -3.08e-05, -2.3100000000000002e-05, 1.1e-06, 1.1e-06, -1.65e-05, -3.96e-05, -2.3100000000000002e-05, 3.3e-06, 6.6e-06, -1.76e-05, -2.97e-05, -2.75e-05, 3.3e-06, 1.2100000000000001e-05, -2.09e-05, -2.75e-05, -1.32e-05, -1.1e-06, 1.43e-05, -1.43e-05, -3.52e-05, -2.75e-05, 4.4e-06, 2.2e-06, -1.43e-05, -3.96e-05, -2.2e-05, 3.3e-06, 2.2e-06, -1.32e-05, -3.63e-05, -1.87e-05, 3.3e-06, 0.0, -1.32e-05, -3.74e-05, -1.98e-05, 4.4e-06, 3.3e-06, -1.76e-05, -3.08e-05, -3.08e-05, -4.4e-06, 8.8e-06, -1.32e-05, -3.41e-05, -3.52e-05, 0.0, 1.1e-05, -1.43e-05, -2.75e-05, -3.19e-05, -1.1e-06, 1.1e-06, -1.1e-05, -4.5100000000000005e-05, -2.75e-05, 7.7e-06, 9.9e-06, -1.43e-05, -3.63e-05, -2.64e-05, 9.9e-06, 8.8e-06, -1.54e-05, -3.74e-05, -2.75e-05, 2.2e-06, 1.1e-05, -1.65e-05, -2.97e-05, -1.54e-05, 2.2e-06, 3.3e-06, -1.98e-05, -5.17e-05, -3.41e-05, 6.6e-06, 8.8e-06, -9.9e-06, -2.3100000000000002e-05, -2.75e-05, 6.6e-06, 5.5e-06, -2.3100000000000002e-05, -3.85e-05, -2.4200000000000002e-05, -2.2e-06, 7.7e-06, -2.4200000000000002e-05, -3.08e-05, -2.75e-05, 1.2100000000000001e-05, 4.4e-06, -7.7e-06, -3.3e-05, -2.2e-05, -1.1e-06, 7.7e-06, -1.54e-05, -3.19e-05, -2.2e-05, -5.5e-06, 1.54e-05, -1.32e-05]","[-0.000132, -0.00018370000000000002, -0.0002057, -0.00019910000000000001, -0.0001518, -0.0001309, -0.0001749, -0.0002057, -0.0002068, -0.0001617, -0.0001408, -0.000165, -0.0002101, -0.0002068, -0.0001507, -0.000132, -0.00018040000000000002, -0.0002112, -0.0002057, -0.0001551, -0.0001386, -0.0001738, -0.0002068, -0.0002035, -0.0001529, -0.0001287, -0.00017710000000000002, -0.0002145, -0.0002156, -0.0001562, -0.0001309, -0.0001705, -0.0002145, -0.00019910000000000001, -0.0001529, -0.0001353, -0.0001683, -0.0002134, -0.0002079, -0.0001485, -0.0001397, -0.0001672, -0.0002057, -0.000209, -0.0001485, -0.0001408, -0.00018590000000000002, -0.0002101, -0.00019910000000000001, -0.0001496, -0.0001331, -0.0001716, -0.0002079, -0.0002068, -0.0001474, -0.0001375, -0.0001738, -0.0002101, -0.0002068, -0.0001507, -0.0001408, -0.00019030000000000002, -0.0002123, -0.0002046, -0.0001529, -0.0001375, -0.0001672, -0.000209, -0.000209, -0.000154, -0.0001276, -0.0001705, -0.0002079, -0.00019800000000000002, -0.0001595, -0.0001408, -0.0001705, -0.0002134, -0.0002068, -0.0001529, -0.0001342, -0.0001705, -0.0002068, -0.0002101, -0.0001595, -0.000132, -0.0001661, -0.0002145, -0.0002057, -0.0001551, -0.0001287, -0.00018040000000000002, -0.0002145, -0.0002057, -0.0001562, -0.0001375, -0.0001606, -0.0002145, -0.00020130000000000001, -0.0001573, -0.0001276, -0.0001694, -0.0002167, -0.0002035, -0.0001474, -0.0001331, -0.0001727, -0.0002189, -0.0002101, -0.0001628, -0.0001408, -0.0001716, -0.0002068, -0.0002057, -0.0001584, -0.0001331, -0.0001727, -0.0002255, -0.00019910000000000001, -0.0001562, -0.000143, -0.0001672, -0.00020130000000000001, -0.00020020000000000001, -0.0001518, -0.000132, -0.0001727, -0.0002112, -0.00019800000000000002, -0.0001507, -0.0001287, -0.0001727, -0.0002046, -0.00020130000000000001, -0.0001485, -0.0001496, -0.0001749, -0.0002244, -0.0002079, -0.0001518, -0.000132, -0.0001738, -0.0002156, -0.0002057, -0.0001529, -0.0001463, -0.0001705, -0.0002101, -0.00019580000000000002, -0.0001551, -0.0001243, -0.00017930000000000002, -0.0002057, -0.00020020000000000001, -0.000154, -0.0001342, -0.0001738, -0.000209, -0.0002101, -0.0001617, -0.0001342, -0.0001694, -0.0002079, -0.0002068, -0.0001573, -0.0001298, -0.00018150000000000002, -0.0002134, -0.00020020000000000001, -0.0001551, -0.0001408, -0.0001716, -0.0002101, -0.0002134, -0.0001562, -0.0001276, -0.0001672, -0.0002134, -0.00020130000000000001, -0.0001518, -0.0001353, -0.000176, -0.0002068, -0.00020240000000000001, -0.0001496, -0.0001309, -0.0001738, -0.0002145, -0.00020240000000000001, -0.0001562, -0.0001298, -0.0001617, -0.0002101, -0.00020020000000000001, -0.0001551, -0.0001386, -0.000165, -0.0002211, -0.0002101, -0.0001518, -0.0001342, -0.0001694, -0.0002079, -0.0002112, -0.0001584, -0.0001309, -0.0001738, -0.0002123, -0.0002057, -0.0001529, -0.0001342, -0.0001716, -0.0002167, -0.00019800000000000002, -0.0001606, -0.0001331, -0.00018040000000000002, -0.0002222, -0.000209, -0.0001496, -0.000143, -0.0001694, -0.0002134, -0.00020240000000000001, -0.0001584, -0.0001276, -0.000165, -0.0002134, -0.00020240000000000001, -0.0001551, -0.0001375, -0.0001705, -0.0002079, -0.00019800000000000002, -0.0001551, -0.0001331, -0.0001639, -0.0002167, -0.00020130000000000001, -0.0001518, -0.0001386, -0.0001672, -0.0002156, -0.000209, -0.0001397, -0.0001331, -0.00018260000000000002, -0.0002123, -0.000209, -0.000154, -0.0001375, -0.0001727, -0.0002145, -0.00020020000000000001, -0.0001551, -0.0001342, -0.0001727, -0.0002145, -0.0002046, -0.0001551, -0.0001419, -0.0001716, -0.0002134, -0.000209, -0.0001584, -0.0001265, -0.0001694, -0.0002145, -0.0002123, -0.0001496, -0.0001408, -0.000176, -0.00022, -0.0002035, -0.0001474, -0.0001276, -0.00018590000000000002, -0.0002068, -0.00019910000000000001, -0.0001617, -0.0001353, -0.0001727, -0.000209, -0.0002046, -0.000154, -0.0001397, -0.0001705, -0.0002134, -0.0002101, -0.0001518, -0.0001419, -0.0001705, -0.0002112, -0.00020020000000000001, -0.0001496, -0.0001331, -0.00017930000000000002, -0.0002145, -0.00020240000000000001, -0.0001584, -0.0001408, -0.000176, -0.0002178, -0.0002101, -0.0001452, -0.0001309, -0.00017710000000000002, -0.0002178, -0.0002068, -0.0001518, -0.0001441, -0.000165, -0.0002068, -0.0002046, -0.0001518, -0.0001331, -0.0001727, -0.0002222, -0.00020020000000000001, -0.0001551, -0.000143, -0.0001683, -0.0002134, -0.00020130000000000001, -0.0001441, -0.0001364, -0.0001738, -0.0002145, -0.00019910000000000001, -0.000165, -0.0001276, -0.0001738, -0.0002134, -0.0002046, -0.0001485, -0.0001364, -0.0001727, -0.0002068, -0.0002057, -0.0001573, -0.0001397, -0.0001672, -0.0002156, -0.00020020000000000001, -0.0001518, -0.000132, -0.00018040000000000002, -0.0002178, -0.00020020000000000001, -0.0001551, -0.0001342, -0.00017820000000000002, -0.0002222, -0.0002035, -0.0001529, -0.0001397, -0.0001716, -0.0002222, -0.0002035, -0.0001606, -0.000132, -0.0001738, -0.0002178, -0.000209, -0.0001507, -0.0001397, -0.00017710000000000002, -0.0002101, -0.0002112, -0.000154, -0.0001342, -0.000176, -0.0002046, -0.0002134, -0.0001507, -0.0001441, -0.0001749, -0.0002233, -0.0002079, -0.0001529, -0.0001408, -0.0001661, -0.0002222, -0.0002046, -0.0001562, -0.0001397, -0.0001694, -0.0002057, -0.0002134, -0.000154, -0.0001287, -0.0001639, -0.0002123, -0.0002035, -0.0001529, -0.0001364, -0.00017710000000000002, -0.0002079, -0.0002046, -0.0001573, -0.0001342, -0.0001672, -0.0002211, -0.0002057, -0.0001507, -0.0001375, -0.0001661, -0.0002222, -0.0002057, -0.0001551, -0.0001397, -0.0001705, -0.0002101, -0.00020020000000000001, -0.0001452, -0.0001331, -0.00017710000000000002, -0.0002156, -0.0002156, -0.000154, -0.0001386, -0.0001727, -0.0002112, -0.0002035, -0.0001551, -0.0001364, -0.0001683, -0.0002222, -0.000209, -0.0001595, -0.0001331, -0.00018370000000000002, -0.0002134, -0.0002046, -0.0001639, -0.0001375, -0.0001749, -0.0002123, -0.0002079, -0.0001551, -0.0001265, -0.0001705, -0.0002112, -0.0002079, -0.0001496, -0.0001397, -0.000176, -0.0002057, -0.0002057, -0.0001496, -0.0001342, -0.0001628, -0.0002068, -0.0002123, -0.000154, -0.0001375, -0.00018590000000000002, -0.0002112, -0.0002145, -0.0001584, -0.0001375, -0.0001738, -0.0002057, -0.00019580000000000002, -0.0001562, -0.0001397, -0.0001727, -0.0002178, -0.000209, -0.0001518, -0.0001331, -0.0001727, -0.0002244, -0.0002057, -0.0001529, -0.0001298, -0.0001738, -0.000209, -0.00020020000000000001, -0.0001529, -0.000132, -0.0001727, -0.0002134, -0.00020020000000000001, -0.0001496, -0.0001408, -0.0001694, -0.0002145, -0.0002134, -0.0001562, -0.0001397, -0.0001694, -0.0002145, -0.00019800000000000002, -0.0001529, -0.0001309, -0.00017930000000000002, -0.0002178, -0.00019580000000000002, -0.0001529]","[0.000308, 0.0006446000000000001, 0.0009163000000000001, 0.0007766, 0.00039820000000000003, 0.00030690000000000003, 0.0006479000000000001, 0.0009152, 0.0007777000000000001, 0.00040260000000000003, 0.00031790000000000003, 0.0006424, 0.0009163000000000001, 0.0007865000000000001, 0.00040260000000000003, 0.00030910000000000003, 0.0006358000000000001, 0.0009163000000000001, 0.0007854, 0.00040260000000000003, 0.0003146, 0.000638, 0.0009119, 0.0007854, 0.00040040000000000003, 0.0003102, 0.0006413, 0.0009141, 0.0007788000000000001, 0.0003993, 0.000308, 0.0006457, 0.0009152, 0.0007777000000000001, 0.0004037, 0.0003124, 0.0006457, 0.0009108, 0.000781, 0.00040040000000000003, 0.00029370000000000004, 0.0006391000000000001, 0.0009119, 0.0007766, 0.0004015, 0.0003168, 0.0006391000000000001, 0.0009196, 0.0007799, 0.00040480000000000003, 0.00030690000000000003, 0.000638, 0.0009053, 0.0007777000000000001, 0.0003949, 0.00031790000000000003, 0.0006424, 0.0009130000000000001, 0.0007832000000000001, 0.0003971, 0.0003146, 0.0006501, 0.0009196, 0.0007832000000000001, 0.00040480000000000003, 0.0003168, 0.0006424, 0.0009207000000000001, 0.0007843, 0.00039380000000000003, 0.0003124, 0.0006314000000000001, 0.0009174000000000001, 0.0007843, 0.0004059, 0.0003124, 0.0006424, 0.0009152, 0.0007766, 0.0003927, 0.00031350000000000003, 0.0006435000000000001, 0.0009207000000000001, 0.0007788000000000001, 0.00039380000000000003, 0.0003168, 0.0006490000000000001, 0.0009097, 0.0007656000000000001, 0.00040040000000000003, 0.0003124, 0.0006446000000000001, 0.0009097, 0.0007733, 0.0004059, 0.0003058, 0.0006413, 0.0009152, 0.0007744000000000001, 0.00038500000000000003, 0.00031130000000000003, 0.0006424, 0.0009152, 0.0007656000000000001, 0.00040040000000000003, 0.00031130000000000003, 0.0006446000000000001, 0.000902, 0.0007744000000000001, 0.0003905, 0.00031570000000000003, 0.0006468, 0.0009130000000000001, 0.0007865000000000001, 0.0003971, 0.0003168, 0.0006479000000000001, 0.0009251000000000001, 0.0007832000000000001, 0.0004037, 0.0003102, 0.0006347000000000001, 0.0009119, 0.0007744000000000001, 0.0004015, 0.0003102, 0.0006479000000000001, 0.0009108, 0.0007755, 0.0004103, 0.00031350000000000003, 0.0006435000000000001, 0.0009163000000000001, 0.0007766, 0.00039820000000000003, 0.000308, 0.0006424, 0.0009207000000000001, 0.0007733, 0.000407, 0.000308, 0.0006402000000000001, 0.0009163000000000001, 0.000781, 0.0004037, 0.00032010000000000003, 0.0006490000000000001, 0.0009064, 0.0007700000000000001, 0.00040260000000000003, 0.0003036, 0.0006512, 0.0009218000000000001, 0.0007799, 0.00038940000000000003, 0.0003146, 0.0006457, 0.0009185, 0.0007744000000000001, 0.000407, 0.0003124, 0.0006402000000000001, 0.0009273, 0.0007799, 0.0003971, 0.000308, 0.0006435000000000001, 0.0009196, 0.0007799, 0.00039380000000000003, 0.00030910000000000003, 0.0006424, 0.0009163000000000001, 0.0007755, 0.00039820000000000003, 0.00031790000000000003, 0.0006402000000000001, 0.0009141, 0.0007777000000000001, 0.00040040000000000003, 0.00031570000000000003, 0.0006413, 0.0009229, 0.0007821000000000001, 0.000407, 0.00031130000000000003, 0.0006391000000000001, 0.0009185, 0.0007788000000000001, 0.00040040000000000003, 0.00031130000000000003, 0.0006457, 0.0009185, 0.0007733, 0.00039820000000000003, 0.0003212, 0.0006479000000000001, 0.0009174000000000001, 0.0007788000000000001, 0.00039820000000000003, 0.00030910000000000003, 0.0006468, 0.0009141, 0.0007722, 0.0003971, 0.00030910000000000003, 0.0006435000000000001, 0.000924, 0.0007733, 0.0003971, 0.00032230000000000003, 0.0006391000000000001, 0.0009152, 0.000781, 0.0003949, 0.0003124, 0.0006446000000000001, 0.0009218000000000001, 0.0007799, 0.0003927, 0.0003234, 0.0006457, 0.0009130000000000001, 0.0007876000000000001, 0.0003993, 0.0003014, 0.0006435000000000001, 0.0009207000000000001, 0.0007799, 0.0003927, 0.00030910000000000003, 0.0006512, 0.0009108, 0.0007700000000000001, 0.0003905, 0.000319, 0.0006424, 0.0009174000000000001, 0.0007755, 0.00039820000000000003, 0.0003102, 0.0006457, 0.0009130000000000001, 0.0007876000000000001, 0.00039600000000000003, 0.0003146, 0.0006446000000000001, 0.0009284, 0.0007722, 0.0004037, 0.0003146, 0.0006523000000000001, 0.0009218000000000001, 0.0007876000000000001, 0.00038940000000000003, 0.0003102, 0.0006435000000000001, 0.0009207000000000001, 0.0007788000000000001, 0.0003927, 0.0003124, 0.0006534, 0.0009130000000000001, 0.0007678, 0.00040480000000000003, 0.00031790000000000003, 0.0006457, 0.0009163000000000001, 0.0007744000000000001, 0.0003927, 0.0003234, 0.0006435000000000001, 0.000924, 0.0007722, 0.0004037, 0.00032230000000000003, 0.0006446000000000001, 0.0009174000000000001, 0.0007656000000000001, 0.0003971, 0.000319, 0.0006435000000000001, 0.0009207000000000001, 0.0007744000000000001, 0.00039600000000000003, 0.00030910000000000003, 0.0006413, 0.0009196, 0.0007744000000000001, 0.0003993, 0.0003102, 0.0006479000000000001, 0.0009185, 0.0007711, 0.00039600000000000003, 0.0003124, 0.0006413, 0.0009229, 0.0007700000000000001, 0.00039820000000000003, 0.0003058, 0.0006435000000000001, 0.0009152, 0.0007821000000000001, 0.00039380000000000003, 0.0003102, 0.0006457, 0.000924, 0.0007777000000000001, 0.00040260000000000003, 0.00031350000000000003, 0.0006468, 0.0009185, 0.0007678, 0.0003993, 0.00031350000000000003, 0.0006523000000000001, 0.0009119, 0.0007799, 0.00040040000000000003, 0.000319, 0.0006424, 0.0009152, 0.0007832000000000001, 0.0003905, 0.0003212, 0.0006512, 0.0009196, 0.0007700000000000001, 0.00040260000000000003, 0.0002992, 0.0006446000000000001, 0.0009163000000000001, 0.0007711, 0.0004103, 0.00031350000000000003, 0.0006457, 0.0009196, 0.0007711, 0.0003971, 0.0003146, 0.0006490000000000001, 0.0009196, 0.0007777000000000001, 0.0003993, 0.00031350000000000003, 0.0006358000000000001, 0.0009229, 0.0007689, 0.00040480000000000003, 0.0003102, 0.0006479000000000001, 0.0009163000000000001, 0.0007722, 0.0003949, 0.00030910000000000003, 0.0006457, 0.0009163000000000001, 0.0007777000000000001, 0.00039600000000000003, 0.000319, 0.0006534, 0.0009251000000000001, 0.0007700000000000001, 0.0003993, 0.00031130000000000003, 0.0006479000000000001, 0.0009251000000000001, 0.0007865000000000001, 0.000407, 0.0003102, 0.0006435000000000001, 0.0009141, 0.0007821000000000001, 0.00040260000000000003, 0.00031790000000000003, 0.0006435000000000001, 0.0009262000000000001, 0.0007722, 0.00040040000000000003, 0.000319, 0.0006479000000000001, 0.0009196, 0.0007755, 0.0003993, 0.00031350000000000003, 0.0006369, 0.000924, 0.0007722, 0.0004015, 0.0003234, 0.0006556, 0.0009119, 0.0007689, 0.00039380000000000003, 0.00031350000000000003, 0.0006424, 0.0009152, 0.0007766, 0.0003949, 0.00030910000000000003, 0.0006336, 0.0009295000000000001, 0.0007799, 0.0003949, 0.00031350000000000003, 0.0006479000000000001, 0.0009262000000000001, 0.0007623, 0.0004059, 0.00029810000000000004, 0.0006479000000000001, 0.0009185, 0.0007799, 0.00039600000000000003, 0.000308, 0.0006633, 0.0009086000000000001, 0.0007865000000000001, 0.0003993, 0.0003234, 0.0006512, 0.0009174000000000001, 0.0007854, 0.0003927, 0.00032010000000000003, 0.0006534, 0.0009196, 0.0007744000000000001, 0.0003927, 0.0003102, 0.0006468, 0.0009207000000000001, 0.0007766, 0.00039600000000000003, 0.0003234, 0.0006402000000000001, 0.0009042000000000001, 0.0007766, 0.0004059, 0.00031790000000000003, 0.0006457, 0.000924, 0.0007865000000000001, 0.00039820000000000003, 0.0003146, 0.0006567000000000001, 0.0009218000000000001, 0.0007766, 0.00038940000000000003, 0.0003124, 0.0006490000000000001, 0.0009064, 0.0007854, 0.00040040000000000003, 0.0003124, 0.0006512, 0.0009207000000000001, 0.0007700000000000001, 0.0003927, 0.00031130000000000003, 0.0006479000000000001, 0.0009218000000000001, 0.0007777000000000001, 0.00040260000000000003, 0.0003146, 0.0006479000000000001, 0.0009097, 0.0007821000000000001, 0.0003883, 0.0003234, 0.0006490000000000001, 0.0009130000000000001, 0.0007711, 0.0003905, 0.0003146, 0.00066, 0.0009163000000000001, 0.0007733, 0.00039820000000000003, 0.000319, 0.0006457, 0.0009174000000000001, 0.0007821000000000001, 0.0003905, 0.0003168, 0.0006479000000000001, 0.0009075, 0.0007777000000000001, 0.0003949, 0.0003168, 0.0006534, 0.0009119, 0.0007700000000000001, 0.0003971, 0.00031130000000000003, 0.0006589, 0.0009174000000000001, 0.0007667, 0.0003905]",-7
29,"[-1.1e-05, -3.08e-05, -2.3100000000000002e-05, 0.0, 3.3e-06, -1.2100000000000001e-05, -3.63e-05, -2.86e-05, -5.5e-06, 4.4e-06, -1.2100000000000001e-05, -4.5100000000000005e-05, -2.75e-05, 0.0, -2.2e-06, -1.65e-05, -2.97e-05, -2.97e-05, -5.5e-06, -8.8e-06, -1.98e-05, -3.96e-05, -2.4200000000000002e-05, -1.1e-06, 1.1e-06, -2.09e-05, -3.74e-05, -2.86e-05, -1.76e-05, -1.1e-06, -2.4200000000000002e-05, -3.85e-05, -2.2e-05, -2.2e-06, -1.1e-06, -1.2100000000000001e-05, -3.74e-05, -3.3e-05, -1.1e-06, -1.1e-06, -2.75e-05, -3.96e-05, -3.63e-05, -4.4e-06, 0.0, -1.54e-05, -3.41e-05, -2.86e-05, -7.7e-06, 0.0, -2.09e-05, -4.07e-05, -3.08e-05, -1.32e-05, -8.8e-06, -2.2e-05, -2.97e-05, -2.97e-05, -1.43e-05, 4.4e-06, -2.4200000000000002e-05, -3.52e-05, -2.09e-05, -9.9e-06, -3.3e-06, -1.32e-05, -4.8400000000000004e-05, -3.08e-05, -9.9e-06, 5.5e-06, -1.54e-05, -3.63e-05, -3.3e-05, -5.5e-06, 3.3e-06, -1.87e-05, -3.96e-05, -3.52e-05, -1.2100000000000001e-05, 2.2e-06, -2.09e-05, -3.52e-05, -2.75e-05, -9.9e-06, 1.54e-05, -2.09e-05, -4.07e-05, -3.19e-05, -1.54e-05, -1.1e-06, -1.65e-05, -2.4200000000000002e-05, -3.41e-05, -4.4e-06, -3.3e-06, -1.76e-05, -4.18e-05, -2.64e-05, -9.9e-06, -2.2e-06, -1.65e-05, -4.5100000000000005e-05, -2.64e-05, -6.6e-06, 1.2100000000000001e-05, -1.43e-05, -3.85e-05, -3.74e-05, -4.4e-06, 0.0, -1.87e-05, -3.41e-05, -3.41e-05, 0.0, 3.3e-06, -1.54e-05, -3.41e-05, -3.3e-05, -9.9e-06, -3.3e-06, -1.87e-05, -2.75e-05, -2.75e-05, -3.3e-06, -4.4e-06, -1.76e-05, -3.52e-05, -3.19e-05, -6.6e-06, -3.3e-06, -1.54e-05, -3.3e-05, -2.4200000000000002e-05, -9.9e-06, 1.1e-06, -2.5300000000000002e-05, -4.07e-05, -2.97e-05, -4.4e-06, -1.65e-05, -1.76e-05, -3.63e-05, -2.5300000000000002e-05, -1.76e-05, -4.4e-06, -1.43e-05, -3.19e-05, -3.08e-05, -5.5e-06, -3.3e-06, -1.87e-05, -3.85e-05, -3.85e-05, -8.8e-06, 4.4e-06, -2.4200000000000002e-05, -4.07e-05, -2.75e-05, -5.5e-06, -2.2e-06, -2.09e-05, -3.08e-05, -3.08e-05, -8.8e-06, -4.4e-06, -1.98e-05, -3.52e-05, -3.3e-05, -3.3e-06, 9.9e-06, -1.98e-05, -3.63e-05, -2.5300000000000002e-05, -1.76e-05, -6.6e-06, -2.2e-05, -4.29e-05, -2.97e-05, -5.5e-06, 7.7e-06, -2.75e-05, -3.85e-05, -3.3e-05, 0.0, 1.1e-06, -2.09e-05, -4.5100000000000005e-05, -2.97e-05, -7.7e-06, -3.3e-06, -1.87e-05, -3.85e-05, -3.08e-05, -4.4e-06, -1.1e-06, -3.08e-05, -3.96e-05, -3.19e-05, -9.9e-06, 5.5e-06, -1.65e-05, -3.96e-05, -3.52e-05, -8.8e-06, -7.7e-06, -1.2100000000000001e-05, -4.7300000000000005e-05, -2.86e-05, -8.8e-06, 3.3e-06, -2.97e-05, -3.19e-05, -4.18e-05, -9.9e-06, 6.6e-06, -3.19e-05, -3.52e-05, -2.97e-05, -1.1e-06, -4.4e-06, -2.2e-05, -4.4e-05, -3.52e-05, -1.76e-05, 7.7e-06, -1.76e-05, -5.0600000000000003e-05, -3.19e-05, -1.54e-05, -1.1e-06, -2.4200000000000002e-05, -3.52e-05, -3.41e-05, -5.5e-06, 2.2e-06, -2.64e-05, -3.74e-05, -3.63e-05, -1.2100000000000001e-05, -2.2e-06, -1.54e-05, -3.96e-05, -3.74e-05, 0.0, 0.0, -3.08e-05, -3.52e-05, -2.09e-05, 1.1e-06, 1.1e-06, -3.3e-05, -3.74e-05, -2.64e-05, -4.4e-06, 1.1e-06, -2.2e-05, -4.6200000000000005e-05, -3.52e-05, -1.1e-06, 0.0, -1.76e-05, -3.52e-05, -3.3e-05, -6.6e-06, -2.2e-06, -2.86e-05, -3.19e-05, -3.08e-05, -4.4e-06, -5.5e-06, -1.1e-05, -4.07e-05, -2.2e-05, -2.2e-06, -1.1e-06, -2.5300000000000002e-05, -4.9500000000000004e-05, -2.64e-05, -7.7e-06, -2.2e-06, -2.64e-05, -3.85e-05, -2.75e-05, -1.32e-05, 1.1e-06, -2.3100000000000002e-05, -4.29e-05, -1.65e-05, -6.6e-06, 3.3e-06, -2.4200000000000002e-05, -4.07e-05, -2.64e-05, -1.32e-05, -7.7e-06, -2.3100000000000002e-05, -4.18e-05, -3.3e-05, -3.3e-06, 4.4e-06, -2.09e-05, -4.07e-05, -4.07e-05, -3.3e-06, 3.3e-06, -1.98e-05, -3.63e-05, -3.08e-05, -1.1e-06, 2.2e-06, -2.64e-05, -3.08e-05, -3.41e-05, -8.8e-06, -6.6e-06, -2.09e-05, -4.07e-05, -3.3e-05, -3.3e-06, -5.5e-06, -1.87e-05, -4.07e-05, -2.75e-05, -1.54e-05, -5.5e-06, -2.86e-05, -3.3e-05, -2.75e-05, -1.2100000000000001e-05, 1.1e-06, -2.09e-05, -5.17e-05, -3.41e-05, -1.1e-05, -7.7e-06, -1.65e-05, -3.52e-05, -3.19e-05, -7.7e-06, -4.4e-06, -2.3100000000000002e-05, -4.07e-05, -3.19e-05, -6.6e-06, 1.1e-06, -2.64e-05, -4.5100000000000005e-05, -2.97e-05, -1.65e-05, -6.6e-06, -2.3100000000000002e-05, -3.85e-05, -3.19e-05, 4.4e-06, -8.8e-06, -1.76e-05, -3.74e-05, -2.64e-05, 2.2e-06, 3.3e-06, -1.32e-05, -3.63e-05, -2.97e-05, -1.32e-05, -5.5e-06, -1.87e-05, -3.52e-05, -3.3e-05, -6.6e-06, 5.5e-06, -1.43e-05, -2.97e-05, -3.08e-05, -6.6e-06, -6.6e-06, -2.3100000000000002e-05, -4.29e-05, -3.19e-05, -3.3e-06, 5.5e-06, -2.75e-05, -3.96e-05, -2.5300000000000002e-05, -1.32e-05, 1.1e-06, -1.32e-05, -3.08e-05, -3.19e-05, -6.6e-06, -2.2e-06, -1.65e-05, -4.6200000000000005e-05, -2.5300000000000002e-05, -1.1e-05, -6.6e-06, -1.65e-05, -5.0600000000000003e-05, -2.86e-05, -1.1e-05, 1.1e-06, -2.2e-05, -3.63e-05, -3.41e-05, -9.9e-06, 3.3e-06, -1.76e-05, -3.41e-05, -2.09e-05, -1.54e-05, 4.4e-06, -2.09e-05, -4.4e-05, -2.97e-05, -9.9e-06, -4.4e-06, -1.1e-05, -4.18e-05, -2.75e-05, -8.8e-06, -9.9e-06, -2.5300000000000002e-05, -3.52e-05, -2.09e-05, -5.5e-06, -3.3e-06, -2.5300000000000002e-05, -4.18e-05, -3.85e-05, -5.5e-06, 0.0, -2.3100000000000002e-05, -2.75e-05, -3.74e-05, -6.6e-06, 0.0, -2.4200000000000002e-05, -3.85e-05, -2.3100000000000002e-05, 0.0, -3.3e-06, -1.76e-05, -3.52e-05, -3.63e-05, -9.9e-06, 1.1e-06, -2.2e-05, -4.07e-05, -2.4200000000000002e-05, -5.5e-06, -2.2e-06, -2.75e-05, -3.74e-05, -3.52e-05, 1.1e-06, -7.7e-06, -1.98e-05, -4.18e-05, -3.3e-05, -6.6e-06, 7.7e-06, -2.75e-05, -4.4e-05, -3.19e-05, -1.32e-05, -5.5e-06, -2.09e-05, -4.29e-05, -2.5300000000000002e-05, -6.6e-06, -4.4e-06, -2.97e-05, -3.63e-05, -3.63e-05, -5.5e-06, -2.2e-06, -2.2e-05, -4.07e-05, -3.3e-05, -5.5e-06, -9.9e-06, -2.2e-05, -3.3e-05, -2.09e-05, 2.2e-06, -3.3e-06, -6.6e-06, -3.96e-05, -3.96e-05, -1.87e-05, 4.4e-06, -1.32e-05, -3.96e-05, -2.64e-05, -6.6e-06, -1.1e-05, -1.65e-05, -4.6200000000000005e-05, -2.5300000000000002e-05, -1.2100000000000001e-05, 2.2e-06]","[-0.0001507, -0.0001309, -0.0001727, -0.0002321, -0.00020240000000000001, -0.0001496, -0.0001386, -0.0001661, -0.0002189, -0.00020020000000000001, -0.0001518, -0.0001463, -0.00017930000000000002, -0.0002101, -0.00019910000000000001, -0.000165, -0.0001287, -0.00017710000000000002, -0.0002167, -0.0002035, -0.0001551, -0.0001232, -0.0001727, -0.0002112, -0.0002057, -0.0001485, -0.0001364, -0.0001738, -0.0002123, -0.00019910000000000001, -0.0001551, -0.0001375, -0.00018370000000000002, -0.0002145, -0.00020240000000000001, -0.0001606, -0.0001364, -0.0001738, -0.0002211, -0.000209, -0.000154, -0.0001408, -0.00018480000000000002, -0.0002178, -0.00020240000000000001, -0.0001419, -0.0001265, -0.00018040000000000002, -0.0002277, -0.00019140000000000002, -0.0001584, -0.0001408, -0.00018590000000000002, -0.0002156, -0.00019910000000000001, -0.0001496, -0.0001342, -0.0001749, -0.0002167, -0.0002079, -0.0001518, -0.0001353, -0.000176, -0.0002123, -0.0002101, -0.0001639, -0.000143, -0.0001749, -0.0002167, -0.0002101, -0.0001518, -0.0001364, -0.00017930000000000002, -0.0002211, -0.0002112, -0.0001518, -0.0001408, -0.00018480000000000002, -0.0002189, -0.000209, -0.0001507, -0.0001254, -0.00018040000000000002, -0.00022, -0.00020240000000000001, -0.0001518, -0.0001419, -0.0001727, -0.0002112, -0.0002035, -0.0001474, -0.000143, -0.00018040000000000002, -0.0002156, -0.000209, -0.0001507, -0.0001419, -0.00017710000000000002, -0.0002167, -0.0002057, -0.0001463, -0.0001353, -0.00017930000000000002, -0.0002145, -0.00019580000000000002, -0.0001518, -0.0001441, -0.00018040000000000002, -0.000209, -0.0002035, -0.0001507, -0.0001375, -0.0001738, -0.0002222, -0.0002046, -0.0001441, -0.000143, -0.0001716, -0.0002134, -0.00019690000000000002, -0.0001573, -0.000132, -0.0001749, -0.0002167, -0.0002046, -0.0001573, -0.0001408, -0.00017930000000000002, -0.0002211, -0.0002068, -0.0001529, -0.000132, -0.00017820000000000002, -0.0002123, -0.0002057, -0.0001496, -0.0001342, -0.0001727, -0.00022, -0.0002046, -0.0001595, -0.0001265, -0.000176, -0.0002057, -0.0002101, -0.000154, -0.0001364, -0.0001694, -0.0002145, -0.00019800000000000002, -0.0001463, -0.0001353, -0.0001716, -0.0002233, -0.000209, -0.0001485, -0.0001386, -0.0001727, -0.0002123, -0.00019140000000000002, -0.0001584, -0.0001331, -0.00017930000000000002, -0.0002112, -0.0002156, -0.0001562, -0.0001287, -0.00018260000000000002, -0.0002167, -0.00019800000000000002, -0.0001595, -0.000132, -0.00017930000000000002, -0.0002189, -0.0002057, -0.0001661, -0.0001342, -0.0001727, -0.0002035, -0.0002079, -0.0001529, -0.0001331, -0.00018150000000000002, -0.0002178, -0.000209, -0.0001551, -0.0001331, -0.0001749, -0.0002178, -0.0002046, -0.000154, -0.0001353, -0.0001595, -0.0002145, -0.00019580000000000002, -0.000154, -0.0001375, -0.00017710000000000002, -0.0002068, -0.00020020000000000001, -0.0001474, -0.0001408, -0.0001716, -0.0002134, -0.0002178, -0.0001551, -0.0001331, -0.0001716, -0.0002079, -0.0002101, -0.0001463, -0.0001298, -0.0001727, -0.0002145, -0.00019360000000000002, -0.0001606, -0.0001452, -0.00018040000000000002, -0.00022, -0.00019800000000000002, -0.0001573, -0.0001386, -0.0001705, -0.0002112, -0.0002112, -0.0001595, -0.0001408, -0.0001683, -0.0002145, -0.0002167, -0.000154, -0.0001331, -0.00018260000000000002, -0.0002123, -0.0002101, -0.0001551, -0.0001463, -0.00018260000000000002, -0.0002167, -0.00020240000000000001, -0.0001562, -0.0001408, -0.000176, -0.0002178, -0.00020240000000000001, -0.0001617, -0.000132, -0.000176, -0.0002134, -0.0002068, -0.0001562, -0.0001364, -0.0001727, -0.0002167, -0.0002046, -0.0001617, -0.0001408, -0.0001727, -0.0002145, -0.0002079, -0.0001507, -0.0001375, -0.00018150000000000002, -0.000209, -0.000209, -0.0001507, -0.0001386, -0.0001749, -0.0002145, -0.00020130000000000001, -0.0001562, -0.0001287, -0.00017930000000000002, -0.0002211, -0.0002046, -0.0001573, -0.0001419, -0.00017930000000000002, -0.0002145, -0.00020130000000000001, -0.0001551, -0.0001386, -0.00017820000000000002, -0.0002057, -0.00019690000000000002, -0.0001496, -0.0001441, -0.0001694, -0.0002035, -0.0002079, -0.0001573, -0.0001309, -0.0001716, -0.0002156, -0.0002101, -0.0001518, -0.0001364, -0.00017710000000000002, -0.0002167, -0.00019910000000000001, -0.0001474, -0.0001276, -0.0001694, -0.0002178, -0.0002046, -0.0001551, -0.0001364, -0.00018480000000000002, -0.000209, -0.0002101, -0.0001562, -0.0001298, -0.00017710000000000002, -0.0002112, -0.00019690000000000002, -0.0001529, -0.0001397, -0.0001694, -0.0002145, -0.00020020000000000001, -0.0001507, -0.0001342, -0.00018260000000000002, -0.0002178, -0.0002134, -0.0001507, -0.000143, -0.00018040000000000002, -0.0002134, -0.00019690000000000002, -0.0001551, -0.0001408, -0.0001749, -0.0002178, -0.00019470000000000002, -0.0001529, -0.000132, -0.00018150000000000002, -0.0002233, -0.0002046, -0.0001441, -0.0001353, -0.000176, -0.0002255, -0.0002046, -0.0001606, -0.0001342, -0.0001672, -0.0002145, -0.0002112, -0.0001562, -0.0001386, -0.0001749, -0.0002178, -0.00020240000000000001, -0.0001573, -0.0001397, -0.00018370000000000002, -0.0002068, -0.00019910000000000001, -0.0001496, -0.0001353, -0.0001683, -0.0002134, -0.0002145, -0.0001595, -0.0001386, -0.000176, -0.0002123, -0.00019690000000000002, -0.0001474, -0.0001243, -0.00017710000000000002, -0.0002145, -0.0002167, -0.000154, -0.0001397, -0.00017930000000000002, -0.0002178, -0.00020240000000000001, -0.0001485, -0.000132, -0.0001694, -0.0002244, -0.0002079, -0.000154, -0.0001353, -0.00018700000000000002, -0.0002233, -0.00020130000000000001, -0.0001496, -0.0001331, -0.0001738, -0.0002123, -0.0002035, -0.0001485, -0.0001419, -0.00018700000000000002, -0.0002211, -0.00019580000000000002, -0.0001507, -0.0001309, -0.00017930000000000002, -0.0002189, -0.0002112, -0.0001584, -0.000132, -0.00017930000000000002, -0.0002068, -0.0002123, -0.0001573, -0.0001375, -0.00018260000000000002, -0.000209, -0.0002057, -0.0001573, -0.0001452, -0.00017710000000000002, -0.0002123, -0.00020240000000000001, -0.0001595, -0.0001331, -0.0001727, -0.0002156, -0.00020130000000000001, -0.0001551, -0.0001353, -0.00018370000000000002, -0.0002299, -0.00019800000000000002, -0.0001496, -0.0001419, -0.00017820000000000002, -0.0002112, -0.0002068, -0.0001518, -0.0001386, -0.000176, -0.0002134, -0.00020020000000000001, -0.0001606, -0.000143, -0.00018150000000000002, -0.00022, -0.0002057, -0.0001551, -0.0001353, -0.0001705, -0.0002167, -0.00020130000000000001, -0.0001595, -0.0001364, -0.0001749, -0.0002134, -0.00020130000000000001, -0.0001639, -0.0001375, -0.0001716, -0.0002079, -0.00019360000000000002, -0.0001551, -0.0001353, -0.0001749, -0.000209, -0.00020130000000000001, -0.0001485, -0.0001375, -0.000176, -0.0002134, -0.00019690000000000002, -0.0001562, -0.000143, -0.0001738, -0.0002211, -0.0002101, -0.0001606, -0.0001342, -0.00018040000000000002, -0.0002178, -0.00019690000000000002, -0.0001496, -0.0001408, -0.0001738, -0.0002101, -0.00020130000000000001, -0.0001584, -0.0001463, -0.0001694, -0.0002134, -0.00019470000000000002, -0.0001551, -0.0001276, -0.0001749, -0.0002156, -0.0002134, -0.0001529, -0.0001474, -0.00018040000000000002, -0.0002255, -0.00019800000000000002]","[0.0003883, 0.00031570000000000003, 0.0006578, 0.0009130000000000001, 0.0007612000000000001, 0.0003883, 0.00032230000000000003, 0.0006512, 0.0009218000000000001, 0.0007777000000000001, 0.00038500000000000003, 0.0003256, 0.0006677, 0.0009174000000000001, 0.0007689, 0.00038940000000000003, 0.00032450000000000003, 0.0006589, 0.0009130000000000001, 0.0007733, 0.00038500000000000003, 0.0003168, 0.0006655000000000001, 0.0009152, 0.0007623, 0.0003993, 0.00031570000000000003, 0.0006633, 0.0009163000000000001, 0.0007733, 0.0003905, 0.00032230000000000003, 0.0006688, 0.000924, 0.0007579, 0.0003883, 0.0003212, 0.0006677, 0.0009251000000000001, 0.0007623, 0.00038500000000000003, 0.0003168, 0.0006655000000000001, 0.0009130000000000001, 0.0007711, 0.00039380000000000003, 0.0003058, 0.0006677, 0.0009218000000000001, 0.0007799, 0.00038720000000000003, 0.00032010000000000003, 0.00066, 0.0009064, 0.0007689, 0.0003905, 0.0003278, 0.0006567000000000001, 0.0009284, 0.0007689, 0.00038720000000000003, 0.00032010000000000003, 0.000671, 0.0009229, 0.000759, 0.0003905, 0.00031790000000000003, 0.0006633, 0.0009163000000000001, 0.0007634, 0.00039160000000000003, 0.0003168, 0.0006666, 0.000924, 0.0007645, 0.0003949, 0.0003124, 0.0006490000000000001, 0.0009152, 0.0007755, 0.0003883, 0.0003256, 0.0006688, 0.0009185, 0.0007634, 0.00038940000000000003, 0.0003278, 0.0006534, 0.0009229, 0.000759, 0.00038280000000000003, 0.00032450000000000003, 0.0006677, 0.0009196, 0.0007656000000000001, 0.00038500000000000003, 0.0003234, 0.0006567000000000001, 0.0009174000000000001, 0.0007612000000000001, 0.0003795, 0.0003168, 0.0006611000000000001, 0.0009207000000000001, 0.0007722, 0.0003883, 0.000319, 0.000671, 0.0009185, 0.0007579, 0.00038500000000000003, 0.0003278, 0.0006622, 0.0009075, 0.0007645, 0.0003817, 0.0003234, 0.0006666, 0.0009163000000000001, 0.0007678, 0.0003905, 0.0003168, 0.0006567000000000001, 0.0009174000000000001, 0.0007733, 0.0003905, 0.00031350000000000003, 0.0006677, 0.0009339000000000001, 0.0007645, 0.0003861, 0.00032230000000000003, 0.0006611000000000001, 0.0009174000000000001, 0.0007744000000000001, 0.00037620000000000004, 0.00032230000000000003, 0.0006622, 0.0009108, 0.0007700000000000001, 0.00038280000000000003, 0.0003399, 0.0006732, 0.0009174000000000001, 0.0007656000000000001, 0.0003993, 0.0003256, 0.0006622, 0.000924, 0.0007601, 0.00038940000000000003, 0.0003124, 0.0006655000000000001, 0.0009273, 0.0007678, 0.0003905, 0.0003234, 0.0006622, 0.000924, 0.0007711, 0.00039160000000000003, 0.0003278, 0.0006666, 0.0009152, 0.0007733, 0.0003795, 0.00031570000000000003, 0.0006501, 0.0009053, 0.0007744000000000001, 0.00038060000000000004, 0.0003256, 0.0006622, 0.0009130000000000001, 0.0007711, 0.00038720000000000003, 0.0003322, 0.0006567000000000001, 0.0009251000000000001, 0.0007700000000000001, 0.00038940000000000003, 0.0003289, 0.0006688, 0.0009130000000000001, 0.0007733, 0.0003905, 0.00033, 0.0006688, 0.0009251000000000001, 0.0007667, 0.0003927, 0.00032010000000000003, 0.0006655000000000001, 0.0009229, 0.0007656000000000001, 0.00038280000000000003, 0.00031350000000000003, 0.0006666, 0.0009163000000000001, 0.0007711, 0.00038720000000000003, 0.00032230000000000003, 0.0006556, 0.0009273, 0.0007667, 0.0003883, 0.00031790000000000003, 0.0006611000000000001, 0.0009185, 0.0007601, 0.00038280000000000003, 0.00032010000000000003, 0.0006754, 0.0009273, 0.0007645, 0.00039160000000000003, 0.00032010000000000003, 0.0006622, 0.0009185, 0.0007623, 0.0003883, 0.00032230000000000003, 0.000671, 0.0009251000000000001, 0.0007579, 0.00038940000000000003, 0.0003234, 0.0006721, 0.0009229, 0.0007623, 0.00038500000000000003, 0.0003234, 0.00066, 0.0009141, 0.0007667, 0.0003839, 0.0003168, 0.0006633, 0.0009163000000000001, 0.0007766, 0.00038500000000000003, 0.0003267, 0.0006633, 0.0009207000000000001, 0.0007667, 0.0003839, 0.00032010000000000003, 0.0006666, 0.0009174000000000001, 0.0007579, 0.0003817, 0.00032010000000000003, 0.0006644, 0.0009339000000000001, 0.0007766, 0.0003905, 0.0003256, 0.0006622, 0.0009174000000000001, 0.0007711, 0.0003861, 0.0003267, 0.0006655000000000001, 0.0009262000000000001, 0.0007667, 0.0003905, 0.0003311, 0.00066, 0.0009196, 0.0007667, 0.00038280000000000003, 0.000319, 0.0006787000000000001, 0.0009229, 0.0007667, 0.0003795, 0.00032230000000000003, 0.00066, 0.0009163000000000001, 0.0007634, 0.0003927, 0.0003234, 0.0006611000000000001, 0.0009207000000000001, 0.0007568000000000001, 0.00037400000000000004, 0.0003102, 0.0006699000000000001, 0.0009229, 0.0007601, 0.00038720000000000003, 0.0003146, 0.0006743000000000001, 0.0009284, 0.0007601, 0.00038280000000000003, 0.0003267, 0.0006743000000000001, 0.0009119, 0.0007733, 0.00039600000000000003, 0.0003278, 0.000671, 0.0009251000000000001, 0.0007634, 0.00039380000000000003, 0.0003278, 0.0006567000000000001, 0.0009097, 0.0007634, 0.0003839, 0.00031790000000000003, 0.0006611000000000001, 0.0009251000000000001, 0.0007722, 0.00038060000000000004, 0.00031570000000000003, 0.0006578, 0.0009163000000000001, 0.0007744000000000001, 0.00038280000000000003, 0.00032450000000000003, 0.0006622, 0.0009152, 0.0007579, 0.0003883, 0.0003278, 0.0006611000000000001, 0.0009207000000000001, 0.0007612000000000001, 0.00038060000000000004, 0.0003311, 0.0006677, 0.0009119, 0.0007491, 0.00038060000000000004, 0.00031790000000000003, 0.0006622, 0.0009273, 0.0007568000000000001, 0.0003839, 0.0003322, 0.0006776, 0.0009163000000000001, 0.0007645, 0.00037620000000000004, 0.00032010000000000003, 0.0006622, 0.0009218000000000001, 0.0007634, 0.0003971, 0.0003212, 0.0006688, 0.0009141, 0.0007667, 0.00038720000000000003, 0.0003256, 0.0006721, 0.0009097, 0.000759, 0.00037840000000000004, 0.0003267, 0.0006677, 0.0009196, 0.0007689, 0.0003839, 0.00032230000000000003, 0.0006699000000000001, 0.0009251000000000001, 0.0007601, 0.0003839, 0.00032230000000000003, 0.0006655000000000001, 0.0009086000000000001, 0.0007634, 0.0003839, 0.0003212, 0.0006677, 0.0009086000000000001, 0.0007645, 0.00039160000000000003, 0.0003234, 0.0006633, 0.0009196, 0.0007678, 0.00038060000000000004, 0.0003322, 0.0006765, 0.0009251000000000001, 0.0007601, 0.00038060000000000004, 0.0003234, 0.0006688, 0.0009174000000000001, 0.0007689, 0.00038940000000000003, 0.0003278, 0.00066, 0.0009251000000000001, 0.0007656000000000001, 0.00038280000000000003, 0.0003256, 0.0006699000000000001, 0.0009350000000000001, 0.0007568000000000001, 0.00037620000000000004, 0.00031570000000000003, 0.0006611000000000001, 0.0009185, 0.000759, 0.00038720000000000003, 0.00032450000000000003, 0.0006732, 0.0009174000000000001, 0.0007579, 0.00038940000000000003, 0.00032450000000000003, 0.0006699000000000001, 0.0009229, 0.0007612000000000001, 0.0003817, 0.0003344, 0.0006688, 0.0009174000000000001, 0.0007645, 0.0003817, 0.00031790000000000003, 0.0006622, 0.0009185, 0.0007601, 0.0003883, 0.0003234, 0.0006688, 0.000924, 0.0007711, 0.00038060000000000004, 0.000319, 0.0006688, 0.0009229, 0.0007645, 0.0003905, 0.0003322, 0.0006699000000000001, 0.0009130000000000001, 0.0007645, 0.00038500000000000003, 0.00032010000000000003, 0.0006655000000000001, 0.0009196, 0.0007535, 0.00037840000000000004, 0.0003311, 0.0006611000000000001, 0.0009174000000000001, 0.0007722, 0.0003839, 0.00032230000000000003, 0.0006688, 0.0009229, 0.000759, 0.0003883, 0.0003289, 0.0006765, 0.000924, 0.0007656000000000001, 0.00038500000000000003, 0.0003256, 0.0006699000000000001, 0.0009174000000000001, 0.0007557, 0.0003817, 0.0003278, 0.0006721, 0.0009295000000000001, 0.0007667, 0.0003993, 0.0003289, 0.0006677, 0.0009262000000000001, 0.000759, 0.0003861, 0.0003234, 0.0006787000000000001, 0.0009141, 0.0007579, 0.00038280000000000003, 0.0003234, 0.000671, 0.0009174000000000001, 0.0007568000000000001, 0.00038720000000000003, 0.0003344, 0.0006644, 0.0009108, 0.0007623, 0.00038280000000000003, 0.0003168, 0.0006633, 0.0009185, 0.0007557]",-6
30,"[-6.6e-06, -2.86e-05, -3.08e-05, -2.64e-05, -1.2100000000000001e-05, -2.2e-06, -2.09e-05, -3.85e-05, -3.85e-05, -1.87e-05, -6.6e-06, -3.41e-05, -4.18e-05, -3.08e-05, -1.32e-05, -1.54e-05, -1.2100000000000001e-05, -4.07e-05, -3.63e-05, -7.7e-06, -1.2100000000000001e-05, -3.08e-05, -3.19e-05, -4.4e-05, -4.4e-06, 0.0, -2.86e-05, -3.41e-05, -3.3e-05, -1.2100000000000001e-05, -5.5e-06, -2.4200000000000002e-05, -5.39e-05, -3.63e-05, -1.54e-05, -7.7e-06, -2.97e-05, -3.85e-05, -3.3e-05, -1.32e-05, -3.3e-06, -1.76e-05, -4.18e-05, -2.3100000000000002e-05, -1.54e-05, -1.1e-05, -1.87e-05, -3.63e-05, -4.5100000000000005e-05, -8.8e-06, 0.0, -1.87e-05, -3.85e-05, -2.97e-05, -1.43e-05, -3.3e-06, -3.63e-05, -3.96e-05, -3.3e-05, -1.32e-05, -8.8e-06, -2.2e-05, -3.41e-05, -2.64e-05, -1.43e-05, -1.32e-05, -1.87e-05, -5.17e-05, -3.08e-05, -1.43e-05, 2.2e-06, -2.64e-05, -4.7300000000000005e-05, -3.3e-05, -8.8e-06, 2.2e-06, -2.5300000000000002e-05, -4.07e-05, -3.52e-05, -8.8e-06, -1.32e-05, -2.4200000000000002e-05, -3.3e-05, -2.64e-05, -1.87e-05, 1.1e-06, -2.2e-05, -3.74e-05, -3.52e-05, -7.7e-06, -4.4e-06, -2.64e-05, -4.7300000000000005e-05, -3.19e-05, -1.2100000000000001e-05, 0.0, -1.1e-05, -4.5100000000000005e-05, -3.63e-05, -8.8e-06, -2.2e-06, -2.64e-05, -5.0600000000000003e-05, -2.97e-05, -9.9e-06, -3.3e-06, -1.54e-05, -4.29e-05, -2.64e-05, -1.76e-05, -6.6e-06, -3.41e-05, -3.41e-05, -2.86e-05, -1.76e-05, -1.1e-05, -2.09e-05, -3.96e-05, -4.07e-05, -8.8e-06, -8.8e-06, -3.41e-05, -3.74e-05, -3.63e-05, -1.43e-05, -1.1e-06, -2.4200000000000002e-05, -3.52e-05, -3.19e-05, -9.9e-06, -4.4e-06, -1.76e-05, -2.97e-05, -2.86e-05, -7.7e-06, -8.8e-06, -2.5300000000000002e-05, -3.96e-05, -4.4e-05, -8.8e-06, -3.3e-06, -2.5300000000000002e-05, -4.7300000000000005e-05, -3.63e-05, -1.32e-05, -2.2e-06, -2.09e-05, -3.63e-05, -2.4200000000000002e-05, -7.7e-06, -8.8e-06, -3.08e-05, -4.5100000000000005e-05, -2.64e-05, -8.8e-06, -3.3e-06, -2.5300000000000002e-05, -5.0600000000000003e-05, -4.4e-05, -8.8e-06, -2.2e-06, -3.3e-05, -4.4e-05, -2.86e-05, -1.87e-05, -1.1e-06, -1.76e-05, -3.63e-05, -4.07e-05, -9.9e-06, 3.3e-06, -2.5300000000000002e-05, -4.4e-05, -3.96e-05, -1.1e-05, 2.2e-06, -2.3100000000000002e-05, -3.63e-05, -3.85e-05, -9.9e-06, -6.6e-06, -2.97e-05, -4.29e-05, -3.41e-05, -1.98e-05, -3.3e-06, -1.43e-05, -4.5100000000000005e-05, -4.18e-05, -4.4e-06, -3.3e-06, -1.65e-05, -4.9500000000000004e-05, -2.75e-05, -1.87e-05, -5.5e-06, -2.09e-05, -4.7300000000000005e-05, -3.41e-05, -6.6e-06, -4.4e-06, -1.98e-05, -4.18e-05, -2.4200000000000002e-05, -1.2100000000000001e-05, -4.4e-06, -1.87e-05, -4.18e-05, -3.19e-05, -8.8e-06, -1.32e-05, -2.86e-05, -3.63e-05, -2.5300000000000002e-05, -1.1e-05, -7.7e-06, -2.75e-05, -4.18e-05, -4.07e-05, -1.98e-05, -1.32e-05, -1.65e-05, -4.29e-05, -4.07e-05, -5.5e-06, -4.4e-06, -3.41e-05, -4.6200000000000005e-05, -3.19e-05, -1.54e-05, -8.8e-06, -2.97e-05, -3.96e-05, -3.63e-05, -5.5e-06, 0.0, -2.3100000000000002e-05, -4.7300000000000005e-05, -3.52e-05, -1.1e-06, -5.5e-06, -2.09e-05, -4.4e-05, -2.86e-05, -1.76e-05, -2.2e-06, -2.86e-05, -4.4e-05, -3.85e-05, -6.6e-06, 1.1e-06, -2.2e-05, -4.9500000000000004e-05, -3.74e-05, -1.32e-05, -4.4e-06, -2.5300000000000002e-05, -3.96e-05, -3.63e-05, -8.8e-06, -4.4e-06, -2.4200000000000002e-05, -5.72e-05, -3.63e-05, -1.32e-05, -6.6e-06, -2.75e-05, -3.52e-05, -4.18e-05, -8.8e-06, -1.1e-05, -1.98e-05, -3.63e-05, -2.97e-05, -4.4e-06, 0.0, -1.87e-05, -3.74e-05, -3.74e-05, -2.2e-05, -6.6e-06, -2.86e-05, -4.7300000000000005e-05, -4.29e-05, -1.32e-05, -3.3e-06, -1.65e-05, -3.63e-05, -3.63e-05, -1.32e-05, -6.6e-06, -2.86e-05, -3.3e-05, -2.86e-05, -1.76e-05, -4.4e-06, -2.64e-05, -3.74e-05, -3.52e-05, -1.32e-05, -1.43e-05, -3.19e-05, -4.7300000000000005e-05, -3.96e-05, -1.2100000000000001e-05, -1.43e-05, -2.5300000000000002e-05, -4.18e-05, -4.5100000000000005e-05, -1.1e-05, 1.1e-06, -2.97e-05, -3.96e-05, -3.41e-05, -9.9e-06, 3.3e-06, -2.2e-05, -3.85e-05, -2.75e-05, -1.76e-05, -6.6e-06, -2.4200000000000002e-05, -5.17e-05, -4.07e-05, -1.54e-05, -1.1e-06, -1.87e-05, -3.74e-05, -3.96e-05, -1.43e-05, -1.76e-05, -2.4200000000000002e-05, -4.6200000000000005e-05, -3.3e-05, -1.32e-05, -5.5e-06, -2.64e-05, -3.74e-05, -3.41e-05, -1.76e-05, -7.7e-06, -1.65e-05, -4.9500000000000004e-05, -2.86e-05, -1.32e-05, -3.3e-06, -2.5300000000000002e-05, -3.96e-05, -3.08e-05, -1.32e-05, -4.4e-06, -2.4200000000000002e-05, -3.96e-05, -3.08e-05, -1.65e-05, -1.1e-05, -2.64e-05, -4.07e-05, -3.52e-05, -8.8e-06, -1.54e-05, -2.5300000000000002e-05, -4.18e-05, -3.3e-05, -1.65e-05, 1.1e-06, -3.08e-05, -4.07e-05, -3.19e-05, -1.54e-05, -1.54e-05, -1.87e-05, -4.29e-05, -3.85e-05, -2.09e-05, -6.6e-06, -3.41e-05, -3.96e-05, -3.08e-05, -1.43e-05, 1.1e-06, -3.52e-05, -4.07e-05, -2.97e-05, -9.9e-06, -8.8e-06, -2.3100000000000002e-05, -4.18e-05, -3.41e-05, -1.98e-05, -4.4e-06, -1.87e-05, -3.63e-05, -3.41e-05, -1.54e-05, -1.76e-05, -2.64e-05, -4.4e-05, -3.41e-05, -1.1e-05, -8.8e-06, -2.09e-05, -4.29e-05, -3.3e-05, -1.54e-05, -1.32e-05, -2.09e-05, -4.5100000000000005e-05, -3.74e-05, -7.7e-06, -3.3e-06, -1.54e-05, -4.7300000000000005e-05, -3.74e-05, -1.1e-05, -2.2e-06, -2.2e-05, -3.85e-05, -3.41e-05, -8.8e-06, -1.1e-06, -3.41e-05, -3.3e-05, -2.97e-05, -1.2100000000000001e-05, -1.1e-05, -2.86e-05, -4.8400000000000004e-05, -2.4200000000000002e-05, -9.9e-06, 0.0, -3.63e-05, -4.8400000000000004e-05, -2.64e-05, -9.9e-06, 0.0, -2.3100000000000002e-05, -3.19e-05, -2.86e-05, -1.32e-05, -1.2100000000000001e-05, -1.65e-05, -4.4e-05, -4.29e-05, -1.32e-05, -2.2e-06, -1.98e-05, -4.5100000000000005e-05, -2.75e-05, -1.32e-05, -5.5e-06, -1.98e-05, -4.6200000000000005e-05, -3.63e-05, -1.1e-05, -3.3e-06, -2.2e-05, -3.52e-05, -3.41e-05, -1.1e-05, -1.65e-05, -3.08e-05, -4.07e-05, -2.64e-05, -1.32e-05, -1.2100000000000001e-05, -1.1e-05, -4.8400000000000004e-05, -4.4e-05, -1.43e-05, -1.76e-05, -2.97e-05, -3.63e-05, -3.08e-05, -1.87e-05, -6.6e-06, -2.64e-05, -4.29e-05, -3.41e-05, 2.2e-06, -1.2100000000000001e-05, -2.75e-05, -3.85e-05, -3.19e-05, -2.09e-05, -2.2e-06, -2.09e-05, -5.39e-05, -3.85e-05, -6.6e-06, -8.8e-06, -2.5300000000000002e-05, -4.6200000000000005e-05, -3.19e-05, -1.43e-05, -1.54e-05, -2.86e-05, -5.0600000000000003e-05, -3.74e-05, -5.5e-06]","[-0.00019690000000000002, -0.0001507, -0.0001287, -0.0001738, -0.0002112, -0.00020130000000000001, -0.0001419, -0.0001364, -0.00018480000000000002, -0.0002156, -0.00020130000000000001, -0.000154, -0.0001353, -0.00017930000000000002, -0.00022, -0.0002046, -0.0001507, -0.0001386, -0.00017710000000000002, -0.0002145, -0.0002112, -0.0001507, -0.0001408, -0.00017930000000000002, -0.0002145, -0.00019360000000000002, -0.0001551, -0.0001298, -0.00017710000000000002, -0.0002288, -0.00020130000000000001, -0.0001485, -0.0001375, -0.00018260000000000002, -0.0002167, -0.00020130000000000001, -0.0001617, -0.0001298, -0.000176, -0.0002178, -0.0002068, -0.0001529, -0.0001441, -0.00018040000000000002, -0.0002112, -0.00020130000000000001, -0.0001485, -0.0001221, -0.00017820000000000002, -0.0002123, -0.0002035, -0.0001595, -0.0001331, -0.00017930000000000002, -0.0002079, -0.00020020000000000001, -0.0001441, -0.0001397, -0.00018040000000000002, -0.00022, -0.0002068, -0.0001485, -0.0001419, -0.00017710000000000002, -0.0002156, -0.00019910000000000001, -0.0001518, -0.0001276, -0.0001694, -0.0002167, -0.00019360000000000002, -0.0001595, -0.0001441, -0.0001716, -0.000209, -0.00019580000000000002, -0.0001529, -0.0001331, -0.00018260000000000002, -0.0002222, -0.00019910000000000001, -0.0001584, -0.0001331, -0.00017710000000000002, -0.00022, -0.00019910000000000001, -0.0001452, -0.0001353, -0.0001749, -0.0002167, -0.00019800000000000002, -0.0001529, -0.0001408, -0.00018480000000000002, -0.0002112, -0.00020130000000000001, -0.0001518, -0.0001298, -0.0001694, -0.0002112, -0.00019580000000000002, -0.0001474, -0.0001364, -0.0001727, -0.0002145, -0.00019690000000000002, -0.000154, -0.0001397, -0.0001749, -0.0002178, -0.0002112, -0.0001441, -0.0001298, -0.00017710000000000002, -0.0002167, -0.0002035, -0.0001573, -0.0001276, -0.00017930000000000002, -0.0002079, -0.0002046, -0.0001485, -0.0001386, -0.00018920000000000002, -0.0002167, -0.0002046, -0.0001551, -0.0001419, -0.0001749, -0.0002167, -0.0002068, -0.0001507, -0.0001364, -0.00017930000000000002, -0.0002145, -0.00020130000000000001, -0.0001518, -0.0001408, -0.00017710000000000002, -0.0002123, -0.00019690000000000002, -0.0001518, -0.0001353, -0.00018040000000000002, -0.0002068, -0.00019800000000000002, -0.0001562, -0.0001287, -0.0001727, -0.0002189, -0.00019250000000000002, -0.0001529, -0.0001342, -0.00018040000000000002, -0.0002068, -0.00020130000000000001, -0.0001551, -0.0001397, -0.0001749, -0.0002156, -0.00020130000000000001, -0.0001639, -0.0001408, -0.00017820000000000002, -0.0002112, -0.0002035, -0.0001441, -0.0001386, -0.00018480000000000002, -0.0002167, -0.0002046, -0.0001463, -0.0001309, -0.00017820000000000002, -0.0002101, -0.0002101, -0.0001485, -0.0001309, -0.00017930000000000002, -0.0002134, -0.0002057, -0.0001496, -0.0001309, -0.00018370000000000002, -0.000209, -0.0002046, -0.0001507, -0.0001408, -0.00017820000000000002, -0.00022, -0.0002035, -0.0001562, -0.0001441, -0.00018700000000000002, -0.000209, -0.00019800000000000002, -0.0001518, -0.0001485, -0.00018810000000000002, -0.0002244, -0.00020020000000000001, -0.0001485, -0.0001408, -0.0001727, -0.0002255, -0.00019030000000000002, -0.0001562, -0.0001331, -0.00017820000000000002, -0.0002079, -0.0002057, -0.0001463, -0.0001276, -0.00018040000000000002, -0.0002211, -0.0002101, -0.000154, -0.0001364, -0.00017820000000000002, -0.00022, -0.00020020000000000001, -0.0001463, -0.0001331, -0.00018590000000000002, -0.0002057, -0.00020130000000000001, -0.0001584, -0.0001375, -0.0001738, -0.0002123, -0.0002046, -0.0001529, -0.0001452, -0.000176, -0.0002211, -0.0002189, -0.0001408, -0.0001298, -0.0001727, -0.0002112, -0.00020020000000000001, -0.0001518, -0.0001386, -0.0001705, -0.0002101, -0.00019140000000000002, -0.0001617, -0.0001265, -0.00017930000000000002, -0.0002145, -0.0002079, -0.0001474, -0.0001331, -0.000176, -0.0002145, -0.0002046, -0.000154, -0.0001254, -0.0001738, -0.0002079, -0.0002068, -0.0001507, -0.0001507, -0.0001749, -0.0002233, -0.000209, -0.0001551, -0.0001353, -0.00017930000000000002, -0.0002233, -0.0002167, -0.0001529, -0.0001386, -0.00017820000000000002, -0.000231, -0.0002035, -0.0001485, -0.0001287, -0.00018260000000000002, -0.0002222, -0.00020240000000000001, -0.0001507, -0.0001364, -0.00017930000000000002, -0.0002156, -0.00019250000000000002, -0.0001474, -0.0001353, -0.000176, -0.0002123, -0.00019690000000000002, -0.0001584, -0.0001364, -0.00017930000000000002, -0.0002145, -0.00019250000000000002, -0.0001518, -0.0001342, -0.0001727, -0.0002156, -0.0002068, -0.0001507, -0.0001419, -0.00017930000000000002, -0.0002112, -0.0002068, -0.0001529, -0.0001419, -0.0001661, -0.00022, -0.0002057, -0.0001617, -0.0001364, -0.0001705, -0.0002101, -0.00019800000000000002, -0.0001474, -0.0001287, -0.0001705, -0.0002123, -0.00019470000000000002, -0.0001529, -0.0001287, -0.00018260000000000002, -0.0002145, -0.00019690000000000002, -0.0001496, -0.000132, -0.00018260000000000002, -0.0002156, -0.00020240000000000001, -0.0001474, -0.0001496, -0.000176, -0.0002079, -0.0002079, -0.0001474, -0.0001419, -0.00018040000000000002, -0.0002134, -0.00020020000000000001, -0.0001573, -0.0001375, -0.00018260000000000002, -0.0002233, -0.00019250000000000002, -0.0001441, -0.0001463, -0.00018260000000000002, -0.000209, -0.000209, -0.0001573, -0.0001397, -0.00018370000000000002, -0.0002222, -0.00020020000000000001, -0.0001584, -0.0001342, -0.00017710000000000002, -0.00022, -0.00020020000000000001, -0.0001617, -0.0001375, -0.0001716, -0.0002046, -0.00020020000000000001, -0.0001562, -0.0001342, -0.00017930000000000002, -0.0002266, -0.0002057, -0.0001551, -0.0001463, -0.00017710000000000002, -0.0002222, -0.00020240000000000001, -0.0001518, -0.0001353, -0.00017930000000000002, -0.0002178, -0.0002035, -0.0001507, -0.0001485, -0.000176, -0.0002189, -0.00019690000000000002, -0.0001551, -0.0001386, -0.00017930000000000002, -0.0002123, -0.0002112, -0.0001562, -0.0001397, -0.00019140000000000002, -0.000209, -0.00019250000000000002, -0.0001463, -0.0001375, -0.0001672, -0.0002112, -0.00020130000000000001, -0.0001584, -0.000132, -0.0001749, -0.0002167, -0.0002057, -0.0001507, -0.0001375, -0.00018150000000000002, -0.00022, -0.00019800000000000002, -0.0001408, -0.000154, -0.00017820000000000002, -0.00022, -0.00019470000000000002, -0.0001463, -0.000132, -0.00017710000000000002, -0.0002167, -0.00019800000000000002, -0.0001529, -0.000143, -0.00018040000000000002, -0.0002123, -0.0002046, -0.0001507, -0.0001408, -0.0001716, -0.0002156, -0.00020240000000000001, -0.000143, -0.0001353, -0.00017930000000000002, -0.0002156, -0.00019690000000000002, -0.0001496, -0.0001353, -0.0001727, -0.0002255, -0.0002112, -0.0001452, -0.000132, -0.00018040000000000002, -0.0002167, -0.00019470000000000002, -0.0001441, -0.0001397, -0.00017930000000000002, -0.0002123, -0.0002068, -0.000154, -0.0001397, -0.0001727, -0.00022, -0.00020130000000000001, -0.0001595, -0.0001265, -0.00018590000000000002, -0.0002068, -0.0002068, -0.0001485, -0.0001353, -0.00017820000000000002, -0.0002167, -0.00019800000000000002, -0.0001562, -0.0001364, -0.00018590000000000002, -0.0002079, -0.000209, -0.0001584, -0.0001375, -0.0001716, -0.0002233, -0.00019800000000000002, -0.0001496, -0.0001331, -0.0001749, -0.0002288, -0.0002035, -0.0001518, -0.0001287, -0.0001738, -0.0002233, -0.00019580000000000002, -0.0001551, -0.0001331, -0.00018260000000000002, -0.0002101, -0.00019030000000000002, -0.0001573, -0.000132, -0.00017930000000000002, -0.0002156, -0.00019910000000000001, -0.0001496, -0.0001364, -0.0001727, -0.0002123]","[0.0007601, 0.0003839, 0.00033, 0.0006853, 0.0009218000000000001, 0.0007634, 0.0003641, 0.0003256, 0.0006743000000000001, 0.0009262000000000001, 0.0007557, 0.00037180000000000004, 0.00033, 0.000682, 0.0009207000000000001, 0.0007513, 0.00037620000000000004, 0.0003256, 0.0006754, 0.0009218000000000001, 0.0007502, 0.0003817, 0.0003278, 0.0006897, 0.0009196, 0.0007480000000000001, 0.00037840000000000004, 0.0003278, 0.0006842, 0.0009262000000000001, 0.0007403, 0.00037400000000000004, 0.00032450000000000003, 0.0006864, 0.000924, 0.0007480000000000001, 0.00037840000000000004, 0.0003278, 0.0006732, 0.0009306000000000001, 0.0007524000000000001, 0.0003619, 0.0003278, 0.0006853, 0.0009317, 0.0007458, 0.00037840000000000004, 0.0003432, 0.0006842, 0.0009207000000000001, 0.0007579, 0.0003751, 0.0003267, 0.0006765, 0.0009163000000000001, 0.0007502, 0.00038500000000000003, 0.0003289, 0.0007029, 0.0009185, 0.0007568000000000001, 0.0003751, 0.0003278, 0.0006831000000000001, 0.0009262000000000001, 0.0007491, 0.00037400000000000004, 0.0003333, 0.0006886, 0.0009207000000000001, 0.0007480000000000001, 0.00038280000000000003, 0.00033, 0.0006875000000000001, 0.0009306000000000001, 0.0007678, 0.00038060000000000004, 0.0003333, 0.0006754, 0.000924, 0.0007623, 0.00037400000000000004, 0.0003256, 0.0006897, 0.0009306000000000001, 0.0007491, 0.0003729, 0.0003256, 0.000682, 0.0009174000000000001, 0.0007546, 0.00037840000000000004, 0.0003311, 0.0006754, 0.0009207000000000001, 0.0007568000000000001, 0.0003707, 0.0003355, 0.0006754, 0.0009163000000000001, 0.0007502, 0.00038500000000000003, 0.0003355, 0.0006721, 0.0009262000000000001, 0.0007469, 0.00036740000000000004, 0.0003333, 0.0006776, 0.0009295000000000001, 0.0007513, 0.00038500000000000003, 0.0003344, 0.0006919000000000001, 0.0009284, 0.0007579, 0.00037620000000000004, 0.0003278, 0.0006809, 0.0009262000000000001, 0.0007524000000000001, 0.00039380000000000003, 0.0003355, 0.0006809, 0.0009108, 0.0007557, 0.0003685, 0.0003311, 0.0006831000000000001, 0.0009207000000000001, 0.000737, 0.00038280000000000003, 0.0003311, 0.0006809, 0.0009262000000000001, 0.0007546, 0.0003685, 0.00032450000000000003, 0.0006853, 0.000924, 0.0007447, 0.0003795, 0.0003278, 0.0006776, 0.0009273, 0.0007535, 0.00038280000000000003, 0.00032230000000000003, 0.0006908, 0.0009306000000000001, 0.0007502, 0.00038280000000000003, 0.0003289, 0.0006842, 0.0009273, 0.0007568000000000001, 0.0003751, 0.0003388, 0.0006798, 0.0009218000000000001, 0.0007546, 0.00037400000000000004, 0.0003344, 0.0006721, 0.0009229, 0.0007425, 0.00038060000000000004, 0.0003289, 0.0006875000000000001, 0.0009251000000000001, 0.0007546, 0.0003795, 0.00032450000000000003, 0.0006787000000000001, 0.0009196, 0.0007546, 0.00036960000000000004, 0.0003267, 0.0006809, 0.0009218000000000001, 0.0007524000000000001, 0.00037620000000000004, 0.0003377, 0.0006952, 0.0009306000000000001, 0.0007480000000000001, 0.00037180000000000004, 0.0003322, 0.0006853, 0.0009251000000000001, 0.0007480000000000001, 0.00036960000000000004, 0.0003267, 0.0006897, 0.000924, 0.0007535, 0.00036520000000000004, 0.0003256, 0.0006875000000000001, 0.0009273, 0.0007601, 0.00037180000000000004, 0.0003212, 0.0006787000000000001, 0.0009218000000000001, 0.0007491, 0.0003773, 0.0003311, 0.0006776, 0.0009339000000000001, 0.0007491, 0.00037400000000000004, 0.00033, 0.0006798, 0.0009207000000000001, 0.0007568000000000001, 0.0003795, 0.0003212, 0.000682, 0.0009317, 0.0007381, 0.0003729, 0.0003311, 0.000682, 0.0009229, 0.0007524000000000001, 0.00036080000000000004, 0.0003267, 0.0006897, 0.0009284, 0.0007535, 0.0003729, 0.0003322, 0.0006809, 0.000924, 0.0007524000000000001, 0.0003751, 0.0003355, 0.0006809, 0.0009262000000000001, 0.0007546, 0.00037840000000000004, 0.0003322, 0.0006765, 0.0009262000000000001, 0.0007491, 0.00038060000000000004, 0.0003278, 0.0006787000000000001, 0.0009218000000000001, 0.0007557, 0.0003817, 0.0003377, 0.0006864, 0.0009317, 0.0007546, 0.0003795, 0.0003311, 0.0006842, 0.0009328, 0.0007480000000000001, 0.00037180000000000004, 0.0003355, 0.0006853, 0.0009218000000000001, 0.0007491, 0.00036740000000000004, 0.0003256, 0.0006952, 0.0009251000000000001, 0.0007491, 0.00037180000000000004, 0.0003399, 0.0006853, 0.0009152, 0.0007513, 0.00036960000000000004, 0.0003388, 0.0006765, 0.0009196, 0.0007557, 0.0003751, 0.0003344, 0.000693, 0.0009262000000000001, 0.0007623, 0.0003663, 0.0003399, 0.0006864, 0.0009350000000000001, 0.0007557, 0.0003773, 0.0003333, 0.0006875000000000001, 0.000924, 0.0007579, 0.0003685, 0.0003432, 0.0006853, 0.0009273, 0.0007535, 0.00037180000000000004, 0.0003377, 0.000682, 0.0009185, 0.0007546, 0.00038280000000000003, 0.0003366, 0.0006897, 0.0009317, 0.0007524000000000001, 0.00037840000000000004, 0.0003333, 0.0006875000000000001, 0.0009218000000000001, 0.0007524000000000001, 0.0003685, 0.0003366, 0.0006908, 0.0009306000000000001, 0.0007535, 0.00037840000000000004, 0.0003344, 0.0006842, 0.0009174000000000001, 0.0007513, 0.0003861, 0.0003366, 0.0006842, 0.0009273, 0.0007425, 0.00036740000000000004, 0.0003278, 0.0006853, 0.0009251000000000001, 0.0007458, 0.0003707, 0.0003366, 0.0006919000000000001, 0.0009207000000000001, 0.0007458, 0.0003729, 0.0003366, 0.0006875000000000001, 0.0009163000000000001, 0.0007513, 0.00037180000000000004, 0.0003377, 0.0006798, 0.0009218000000000001, 0.0007403, 0.00038060000000000004, 0.0003322, 0.0006754, 0.0009207000000000001, 0.0007469, 0.0003729, 0.000341, 0.0006743000000000001, 0.0009229, 0.0007491, 0.0003729, 0.0003333, 0.0006908, 0.0009218000000000001, 0.0007524000000000001, 0.0003751, 0.0003278, 0.0006875000000000001, 0.0009141, 0.0007513, 0.00036740000000000004, 0.0003377, 0.0006842, 0.0009229, 0.0007436000000000001, 0.0003751, 0.00033, 0.0006842, 0.0009163000000000001, 0.0007513, 0.0003773, 0.0003311, 0.0006886, 0.0009185, 0.0007458, 0.0003773, 0.0003344, 0.0006864, 0.0009185, 0.0007480000000000001, 0.0003685, 0.0003421, 0.0006809, 0.0009339000000000001, 0.0007557, 0.0003707, 0.00032450000000000003, 0.0006864, 0.0009251000000000001, 0.0007414, 0.00036740000000000004, 0.0003278, 0.0006831000000000001, 0.0009163000000000001, 0.0007524000000000001, 0.0003685, 0.0003212, 0.0006919000000000001, 0.0009119, 0.0007458, 0.0003729, 0.0003344, 0.000682, 0.0009152, 0.0007502, 0.00037620000000000004, 0.0003388, 0.0006853, 0.0009152, 0.0007612000000000001, 0.00036740000000000004, 0.0003289, 0.0006897, 0.0009350000000000001, 0.0007414, 0.0003795, 0.0003267, 0.0006864, 0.0009251000000000001, 0.0007568000000000001, 0.0003729, 0.0003278, 0.0006831000000000001, 0.0009251000000000001, 0.0007469, 0.0003619, 0.0003355, 0.0006776, 0.0009317, 0.0007557, 0.00038060000000000004, 0.0003399, 0.0006831000000000001, 0.0009207000000000001, 0.0007546, 0.0003773, 0.0003322, 0.0006996, 0.0009317, 0.0007425, 0.00037620000000000004, 0.0003322, 0.0006842, 0.0009196, 0.0007579, 0.0003553, 0.0003289, 0.0006853, 0.0009372, 0.0007447, 0.0003685, 0.0003388, 0.0006886, 0.000924, 0.0007513, 0.00037180000000000004, 0.0003333, 0.0006941, 0.0009218000000000001, 0.0007381, 0.00036740000000000004, 0.0003322, 0.0006864, 0.0009218000000000001, 0.0007469, 0.00037180000000000004, 0.0003322, 0.0006897, 0.0009185, 0.0007491, 0.00037400000000000004, 0.0003377, 0.0006908, 0.0009339000000000001, 0.0007436000000000001, 0.00036740000000000004, 0.0003322, 0.000682, 0.0009317, 0.0007601, 0.00037620000000000004, 0.0003311, 0.0006798, 0.0009207000000000001, 0.0007425, 0.00037840000000000004, 0.0003311, 0.0006919000000000001, 0.0009273]",-5
31,"[-3.96e-05, -3.85e-05, -8.8e-06, -1.1e-05, -1.98e-05, -4.4e-05, -3.52e-05, -1.87e-05, -2.5300000000000002e-05, -2.5300000000000002e-05, -4.7300000000000005e-05, -4.29e-05, -1.76e-05, -1.65e-05, -3.3e-05, -4.29e-05, -3.41e-05, -1.65e-05, -3.3e-06, -1.76e-05, -3.63e-05, -4.5100000000000005e-05, -1.87e-05, -1.32e-05, -2.75e-05, -4.4e-05, -4.5100000000000005e-05, -9.9e-06, -1.43e-05, -3.08e-05, -4.6200000000000005e-05, -3.74e-05, -2.09e-05, -1.65e-05, -3.08e-05, -4.18e-05, -3.41e-05, -2.3100000000000002e-05, -1.1e-05, -2.09e-05, -4.5100000000000005e-05, -4.5100000000000005e-05, -2.3100000000000002e-05, -8.8e-06, -2.2e-05, -4.4e-05, -4.07e-05, -1.43e-05, -1.2100000000000001e-05, -3.08e-05, -5.0600000000000003e-05, -4.6200000000000005e-05, -2.2e-05, -2.09e-05, -2.75e-05, -3.96e-05, -4.7300000000000005e-05, -1.76e-05, -4.4e-06, -1.76e-05, -3.96e-05, -3.85e-05, -1.43e-05, -1.98e-05, -2.2e-05, -4.4e-05, -3.41e-05, -1.87e-05, -1.87e-05, -2.3100000000000002e-05, -4.4e-05, -3.74e-05, -1.65e-05, -1.98e-05, -2.5300000000000002e-05, -3.85e-05, -3.08e-05, -1.2100000000000001e-05, -1.43e-05, -2.5300000000000002e-05, -5.0600000000000003e-05, -3.74e-05, -1.32e-05, -1.54e-05, -3.08e-05, -5.5e-05, -3.74e-05, -1.54e-05, -1.65e-05, -2.3100000000000002e-05, -5.28e-05, -4.5100000000000005e-05, -1.2100000000000001e-05, -9.9e-06, -2.09e-05, -3.41e-05, -3.74e-05, -1.54e-05, -1.87e-05, -2.4200000000000002e-05, -5.39e-05, -3.96e-05, -2.09e-05, -8.8e-06, -2.4200000000000002e-05, -3.19e-05, -3.96e-05, -1.65e-05, -1.98e-05, -2.5300000000000002e-05, -3.96e-05, -4.29e-05, -3.63e-05, -1.43e-05, -2.4200000000000002e-05, -4.6200000000000005e-05, -4.7300000000000005e-05, -2.97e-05, -9.9e-06, -2.97e-05, -3.96e-05, -3.52e-05, -1.87e-05, -1.43e-05, -3.52e-05, -4.8400000000000004e-05, -3.52e-05, -1.87e-05, -1.54e-05, -2.75e-05, -4.6200000000000005e-05, -3.41e-05, -1.54e-05, -1.87e-05, -2.97e-05, -3.96e-05, -4.07e-05, -8.8e-06, -1.2100000000000001e-05, -2.4200000000000002e-05, -4.6200000000000005e-05, -3.74e-05, -1.87e-05, 0.0, -2.75e-05, -3.96e-05, -2.86e-05, -2.75e-05, -7.7e-06, -3.41e-05, -5.0600000000000003e-05, -4.07e-05, -1.54e-05, -2.2e-05, -2.97e-05, -5.39e-05, -4.5100000000000005e-05, -1.87e-05, -9.9e-06, -3.63e-05, -4.5100000000000005e-05, -3.63e-05, -1.32e-05, -1.32e-05, -2.4200000000000002e-05, -4.8400000000000004e-05, -3.96e-05, -1.2100000000000001e-05, -5.5e-06, -2.64e-05, -4.5100000000000005e-05, -4.7300000000000005e-05, -1.54e-05, -2.09e-05, -2.2e-05, -3.63e-05, -3.63e-05, -1.1e-05, -8.8e-06, -3.63e-05, -4.07e-05, -3.74e-05, -2.86e-05, -1.43e-05, -2.64e-05, -3.96e-05, -4.29e-05, -1.54e-05, -6.6e-06, -1.76e-05, -4.4e-05, -3.63e-05, -1.32e-05, -1.65e-05, -3.08e-05, -4.18e-05, -4.5100000000000005e-05, -1.76e-05, -1.2100000000000001e-05, -1.98e-05, -4.4e-05, -3.52e-05, -1.65e-05, -1.32e-05, -2.75e-05, -5.0600000000000003e-05, -4.5100000000000005e-05, -9.9e-06, -1.32e-05, -2.97e-05, -3.85e-05, -3.63e-05, -1.87e-05, -3.3e-06, -2.75e-05, -3.3e-05, -3.63e-05, -2.09e-05, -1.32e-05, -3.3e-05, -5.28e-05, -4.18e-05, -2.3100000000000002e-05, -1.32e-05, -2.97e-05, -4.8400000000000004e-05, -4.07e-05, -3.19e-05, -1.98e-05, -2.75e-05, -3.96e-05, -3.74e-05, -1.87e-05, -1.2100000000000001e-05, -2.75e-05, -4.9500000000000004e-05, -3.52e-05, -1.65e-05, -1.54e-05, -2.86e-05, -4.18e-05, -3.85e-05, -1.65e-05, -9.9e-06, -3.08e-05, -4.7300000000000005e-05, -3.52e-05, -2.09e-05, -1.32e-05, -3.19e-05, -4.18e-05, -3.74e-05, -1.54e-05, -1.65e-05, -2.2e-05, -4.7300000000000005e-05, -4.07e-05, -1.87e-05, -8.8e-06, -3.41e-05, -4.9500000000000004e-05, -3.3e-05, -1.54e-05, -1.87e-05, -2.75e-05, -4.5100000000000005e-05, -5.28e-05, -1.54e-05, -1.76e-05, -2.75e-05, -4.6200000000000005e-05, -4.7300000000000005e-05, -7.7e-06, -1.87e-05, -1.87e-05, -5.28e-05, -3.3e-05, -1.87e-05, -3.3e-06, -2.75e-05, -5.39e-05, -3.74e-05, -2.09e-05, -9.9e-06, -2.97e-05, -4.4e-05, -4.18e-05, -1.76e-05, -1.65e-05, -2.2e-05, -4.5100000000000005e-05, -4.18e-05, -2.4200000000000002e-05, -1.65e-05, -3.41e-05, -3.52e-05, -3.41e-05, -2.4200000000000002e-05, -1.54e-05, -2.64e-05, -5.0600000000000003e-05, -3.41e-05, -1.87e-05, -1.1e-05, -3.08e-05, -4.7300000000000005e-05, -3.52e-05, -1.98e-05, -1.1e-05, -3.19e-05, -4.4e-05, -4.18e-05, -1.76e-05, -8.8e-06, -2.97e-05, -4.8400000000000004e-05, -4.29e-05, -2.4200000000000002e-05, -2.4200000000000002e-05, -2.86e-05, -4.8400000000000004e-05, -4.07e-05, -2.86e-05, -1.1e-05, -2.97e-05, -4.4e-05, -3.52e-05, -2.97e-05, -1.32e-05, -3.08e-05, -3.3e-05, -4.18e-05, -8.8e-06, -1.32e-05, -2.97e-05, -4.29e-05, -3.19e-05, -1.65e-05, -1.43e-05, -2.2e-05, -4.6200000000000005e-05, -4.5100000000000005e-05, -1.87e-05, -4.4e-06, -2.5300000000000002e-05, -5.0600000000000003e-05, -4.4e-05, -1.98e-05, -1.76e-05, -2.86e-05, -4.8400000000000004e-05, -3.85e-05, -1.54e-05, -1.32e-05, -3.74e-05, -4.6200000000000005e-05, -3.63e-05, -1.54e-05, -5.5e-06, -2.4200000000000002e-05, -5.39e-05, -3.63e-05, -6.6e-06, -1.43e-05, -2.3100000000000002e-05, -4.7300000000000005e-05, -3.96e-05, -2.3100000000000002e-05, -1.1e-05, -3.41e-05, -5.0600000000000003e-05, -4.5100000000000005e-05, -1.87e-05, -9.9e-06, -3.74e-05, -4.9500000000000004e-05, -3.41e-05, -1.43e-05, -1.32e-05, -2.97e-05, -4.9500000000000004e-05, -3.96e-05, -1.54e-05, -2.09e-05, -2.09e-05, -4.4e-05, -3.63e-05, -8.8e-06, -9.9e-06, -3.19e-05, -4.6200000000000005e-05, -3.41e-05, -1.65e-05, -1.1e-05, -3.3e-05, -3.85e-05, -3.3e-05, -1.65e-05, -1.54e-05, -2.64e-05, -4.8400000000000004e-05, -4.5100000000000005e-05, -1.43e-05, -1.87e-05, -1.98e-05, -4.5100000000000005e-05, -3.85e-05, -2.3100000000000002e-05, -5.5e-06, -2.86e-05, -4.5100000000000005e-05, -3.19e-05, -2.2e-05, -5.5e-06, -3.19e-05, -3.74e-05, -3.3e-05, -1.43e-05, -3.3e-06, -3.08e-05, -5.0600000000000003e-05, -4.18e-05, -1.76e-05, -1.43e-05, -2.2e-05, -3.85e-05, -3.74e-05, -2.64e-05, -1.2100000000000001e-05, -2.2e-05, -5.39e-05, -3.96e-05, -2.09e-05, -1.2100000000000001e-05, -3.41e-05, -3.85e-05, -4.9500000000000004e-05, -1.76e-05, -1.76e-05, -2.64e-05, -5.83e-05, -3.74e-05, -2.09e-05, -1.54e-05, -3.08e-05, -4.18e-05, -3.96e-05, -1.54e-05, -6.6e-06, -1.98e-05, -3.85e-05, -2.86e-05, -1.76e-05, -7.7e-06, -2.97e-05, -5.0600000000000003e-05, -4.29e-05, -2.75e-05, -1.1e-05, -3.19e-05, -4.4e-05, -3.63e-05, -2.64e-05, -8.8e-06, -1.54e-05, -3.08e-05, -4.4e-05, -1.98e-05, -1.65e-05, -2.09e-05, -4.5100000000000005e-05, -2.97e-05, -2.2e-05, -8.8e-06, -3.52e-05, -4.5100000000000005e-05, -3.08e-05, -1.2100000000000001e-05, -1.43e-05, -2.5300000000000002e-05, -4.18e-05, -4.9500000000000004e-05, -1.98e-05, -1.76e-05, -3.08e-05, -3.96e-05, -3.74e-05, -2.2e-05, -1.54e-05, -2.97e-05, -4.9500000000000004e-05, -4.6200000000000005e-05, -1.98e-05, -1.54e-05, -2.97e-05, -4.18e-05, -3.96e-05, -1.98e-05, -8.8e-06, -3.74e-05]","[-0.0001419, -0.00018040000000000002, -0.0002167, -0.00019030000000000002, -0.000143, -0.0001331, -0.00018150000000000002, -0.0002134, -0.0002035, -0.0001562, -0.0001331, -0.00018370000000000002, -0.0002156, -0.00020240000000000001, -0.0001463, -0.0001386, -0.0001727, -0.0002068, -0.00020240000000000001, -0.0001518, -0.0001485, -0.00018150000000000002, -0.0002145, -0.00019580000000000002, -0.0001507, -0.0001441, -0.0001749, -0.0002233, -0.00019360000000000002, -0.0001496, -0.0001397, -0.00017930000000000002, -0.0002189, -0.0002057, -0.0001496, -0.0001243, -0.00018590000000000002, -0.0002266, -0.0002046, -0.0001529, -0.0001441, -0.00017930000000000002, -0.0002167, -0.000209, -0.000154, -0.0001386, -0.00018590000000000002, -0.0002123, -0.00020240000000000001, -0.0001573, -0.0001419, -0.00018480000000000002, -0.0002244, -0.0002046, -0.0001485, -0.0001452, -0.000176, -0.0002189, -0.00020020000000000001, -0.0001518, -0.0001342, -0.000176, -0.0002167, -0.00019470000000000002, -0.0001518, -0.0001441, -0.00018370000000000002, -0.0002156, -0.00020020000000000001, -0.0001386, -0.0001452, -0.00018040000000000002, -0.0002266, -0.00020020000000000001, -0.0001518, -0.0001287, -0.00017820000000000002, -0.00022, -0.00020240000000000001, -0.0001518, -0.0001419, -0.00018810000000000002, -0.0002101, -0.00020130000000000001, -0.0001452, -0.0001331, -0.00018040000000000002, -0.0002134, -0.00020130000000000001, -0.0001562, -0.0001375, -0.00017930000000000002, -0.00022, -0.0002057, -0.0001551, -0.0001353, -0.00018150000000000002, -0.0002134, -0.00020130000000000001, -0.0001474, -0.0001364, -0.00018370000000000002, -0.0002178, -0.00019470000000000002, -0.0001529, -0.0001342, -0.00018920000000000002, -0.0002057, -0.0002057, -0.0001474, -0.0001419, -0.00017820000000000002, -0.0002134, -0.00020130000000000001, -0.0001584, -0.0001441, -0.00019140000000000002, -0.0002156, -0.00019470000000000002, -0.0001485, -0.0001397, -0.0001749, -0.0002145, -0.0002035, -0.0001562, -0.0001419, -0.00017710000000000002, -0.0002189, -0.0002057, -0.000154, -0.0001364, -0.00018150000000000002, -0.0002167, -0.0002134, -0.0001496, -0.0001375, -0.00017820000000000002, -0.0002101, -0.00020020000000000001, -0.000154, -0.0001397, -0.00018150000000000002, -0.0002156, -0.00019580000000000002, -0.0001375, -0.0001386, -0.00018040000000000002, -0.0002178, -0.0002101, -0.0001419, -0.0001386, -0.0001749, -0.0002156, -0.00020130000000000001, -0.000143, -0.0001287, -0.0001705, -0.0002222, -0.00020130000000000001, -0.0001507, -0.0001419, -0.00017820000000000002, -0.0002244, -0.00020130000000000001, -0.0001529, -0.0001375, -0.00018480000000000002, -0.0002178, -0.00020130000000000001, -0.0001386, -0.0001408, -0.00018590000000000002, -0.0002046, -0.00019360000000000002, -0.0001452, -0.0001287, -0.00017820000000000002, -0.0002167, -0.00020130000000000001, -0.000154, -0.0001364, -0.0001727, -0.0002277, -0.00019250000000000002, -0.0001496, -0.0001298, -0.000176, -0.0002134, -0.0002035, -0.0001485, -0.0001419, -0.00017930000000000002, -0.0002156, -0.00019470000000000002, -0.000154, -0.0001254, -0.00017930000000000002, -0.0002156, -0.0002068, -0.0001474, -0.000143, -0.00018590000000000002, -0.0002035, -0.00019250000000000002, -0.0001507, -0.0001298, -0.00018920000000000002, -0.0002178, -0.00019800000000000002, -0.0001485, -0.0001353, -0.00017930000000000002, -0.0002167, -0.00019470000000000002, -0.0001507, -0.0001419, -0.00017930000000000002, -0.0002167, -0.00020240000000000001, -0.0001562, -0.0001342, -0.00017820000000000002, -0.0002233, -0.00019800000000000002, -0.0001419, -0.0001386, -0.00018150000000000002, -0.0002233, -0.00019030000000000002, -0.0001496, -0.0001397, -0.000176, -0.0002178, -0.00019910000000000001, -0.0001518, -0.0001386, -0.00018150000000000002, -0.0002035, -0.0002035, -0.000154, -0.0001342, -0.00018260000000000002, -0.0002156, -0.00019250000000000002, -0.0001573, -0.0001375, -0.0001705, -0.0002211, -0.00019580000000000002, -0.0001441, -0.0001364, -0.00017820000000000002, -0.0002178, -0.00020020000000000001, -0.0001518, -0.0001342, -0.000176, -0.0002123, -0.00019580000000000002, -0.0001485, -0.0001364, -0.00017930000000000002, -0.0002156, -0.00020020000000000001, -0.0001408, -0.0001342, -0.0001661, -0.0002101, -0.00020130000000000001, -0.0001507, -0.0001452, -0.0001749, -0.0002046, -0.00019030000000000002, -0.0001474, -0.0001331, -0.00018810000000000002, -0.0002255, -0.00019910000000000001, -0.0001496, -0.0001408, -0.00019360000000000002, -0.0002123, -0.00020240000000000001, -0.0001573, -0.0001331, -0.00018260000000000002, -0.0002145, -0.00019690000000000002, -0.0001485, -0.0001408, -0.0001727, -0.0002156, -0.00020240000000000001, -0.0001496, -0.0001364, -0.00017930000000000002, -0.0002244, -0.00020130000000000001, -0.0001551, -0.000132, -0.00017710000000000002, -0.0002233, -0.00019580000000000002, -0.0001518, -0.0001353, -0.00018370000000000002, -0.0002299, -0.00019360000000000002, -0.000154, -0.0001452, -0.00018370000000000002, -0.0002123, -0.00019910000000000001, -0.0001452, -0.0001232, -0.00018260000000000002, -0.0002266, -0.00018920000000000002, -0.0001441, -0.0001441, -0.00017930000000000002, -0.0002123, -0.0002101, -0.000154, -0.0001386, -0.00017710000000000002, -0.0002112, -0.00020130000000000001, -0.000154, -0.0001375, -0.0001672, -0.0002145, -0.00020020000000000001, -0.000143, -0.0001298, -0.00018150000000000002, -0.0002222, -0.00019800000000000002, -0.0001441, -0.0001353, -0.00018150000000000002, -0.0002123, -0.00019910000000000001, -0.0001551, -0.000132, -0.00018590000000000002, -0.000209, -0.00019690000000000002, -0.0001562, -0.0001364, -0.00018810000000000002, -0.0002167, -0.0002046, -0.0001463, -0.0001386, -0.00019250000000000002, -0.0002189, -0.00019360000000000002, -0.0001606, -0.0001331, -0.00017930000000000002, -0.0002101, -0.00019690000000000002, -0.0001452, -0.0001353, -0.000176, -0.0002167, -0.00020020000000000001, -0.0001507, -0.0001331, -0.00017820000000000002, -0.0002167, -0.00019800000000000002, -0.0001507, -0.0001298, -0.00018260000000000002, -0.0002189, -0.00020130000000000001, -0.0001507, -0.000132, -0.0001749, -0.0002211, -0.0002035, -0.0001518, -0.0001331, -0.00018040000000000002, -0.00022, -0.00019690000000000002, -0.0001507, -0.0001254, -0.00018370000000000002, -0.0002178, -0.00019580000000000002, -0.0001452, -0.0001386, -0.00018150000000000002, -0.0002211, -0.00020240000000000001, -0.0001485, -0.0001441, -0.00018590000000000002, -0.0002101, -0.0002046, -0.0001496, -0.0001331, -0.00018590000000000002, -0.00020130000000000001, -0.00019580000000000002, -0.0001496, -0.0001331, -0.00017930000000000002, -0.0002167, -0.00019030000000000002, -0.0001562, -0.0001353, -0.00018700000000000002, -0.0002156, -0.000209, -0.0001518, -0.0001342, -0.0001716, -0.0002222, -0.00019690000000000002, -0.0001441, -0.0001331, -0.00018810000000000002, -0.0002167, -0.00020130000000000001, -0.0001496, -0.0001485, -0.00018810000000000002, -0.0002079, -0.00019800000000000002, -0.0001397, -0.0001298, -0.00017710000000000002, -0.0002211, -0.0002057, -0.000143, -0.0001408, -0.00018150000000000002, -0.0002134, -0.00019800000000000002, -0.0001507, -0.0001397, -0.0001738, -0.0002189, -0.00019580000000000002, -0.0001529, -0.0001441, -0.00018150000000000002, -0.0002156, -0.0002079, -0.0001386, -0.0001353, -0.00018040000000000002, -0.0002134, -0.0002057, -0.0001496, -0.0001375, -0.0001716, -0.0002156, -0.00019580000000000002, -0.0001529, -0.0001364, -0.00017930000000000002, -0.0002101, -0.00019690000000000002, -0.0001474, -0.0001375, -0.00019030000000000002, -0.0002145, -0.00019690000000000002, -0.0001496, -0.000132, -0.00017930000000000002, -0.0002145, -0.0002035, -0.0001496, -0.0001397, -0.00017710000000000002, -0.0002178, -0.00019690000000000002, -0.0001463, -0.0001386, -0.0001672, -0.0002167, -0.00019910000000000001, -0.0001452, -0.0001408, -0.00018260000000000002, -0.0002156, -0.00019910000000000001, -0.0001419, -0.0001408, -0.00017930000000000002, -0.00022, -0.00019910000000000001, -0.000143]","[0.0003421, 0.0006985, 0.0009284, 0.0007480000000000001, 0.00036080000000000004, 0.0003289, 0.0007018, 0.0009339000000000001, 0.0007381, 0.00036300000000000004, 0.000341, 0.0007007000000000001, 0.0009262000000000001, 0.0007447, 0.00036740000000000004, 0.0003366, 0.0007051000000000001, 0.0009229, 0.0007392000000000001, 0.00037620000000000004, 0.0003454, 0.0006974, 0.0009394000000000001, 0.0007381, 0.0003685, 0.0003443, 0.0006842, 0.0009229, 0.000737, 0.0003707, 0.0003333, 0.0007073, 0.0009306000000000001, 0.000737, 0.00036740000000000004, 0.0003421, 0.0006952, 0.0009251000000000001, 0.0007348000000000001, 0.00037180000000000004, 0.0003421, 0.0007018, 0.0009229, 0.0007326, 0.00036520000000000004, 0.0003432, 0.0006963000000000001, 0.0009317, 0.0007436000000000001, 0.0003641, 0.0003399, 0.0007007000000000001, 0.0009196, 0.0007414, 0.00037400000000000004, 0.0003344, 0.0006985, 0.0009251000000000001, 0.0007436000000000001, 0.0003641, 0.0003443, 0.0006919000000000001, 0.0009284, 0.0007392000000000001, 0.00036080000000000004, 0.0003366, 0.0006798, 0.0009262000000000001, 0.0007260000000000001, 0.0003729, 0.0003399, 0.0007029, 0.0009295000000000001, 0.0007381, 0.0003641, 0.0003388, 0.0006974, 0.0009196, 0.0007315, 0.00036960000000000004, 0.0003388, 0.0006952, 0.000924, 0.000737, 0.0003597, 0.0003366, 0.0006996, 0.0009328, 0.0007381, 0.00037180000000000004, 0.000341, 0.0007084000000000001, 0.0009317, 0.000737, 0.00036740000000000004, 0.0003509, 0.000704, 0.0009284, 0.0007381, 0.00036740000000000004, 0.0003366, 0.0007007000000000001, 0.0009229, 0.0007414, 0.0003597, 0.000341, 0.0007018, 0.0009185, 0.000737, 0.00036080000000000004, 0.000341, 0.0006974, 0.0009328, 0.0007414, 0.00036960000000000004, 0.0003531, 0.0007018, 0.0009339000000000001, 0.0007381, 0.0003685, 0.0003366, 0.0006974, 0.0009207000000000001, 0.0007458, 0.0003707, 0.0003432, 0.000704, 0.0009229, 0.0007403, 0.00036740000000000004, 0.0003388, 0.0007051000000000001, 0.0009284, 0.0007337, 0.00037620000000000004, 0.0003333, 0.0007018, 0.0009284, 0.0007414, 0.0003685, 0.0003421, 0.0006952, 0.0009339000000000001, 0.000737, 0.0003685, 0.0003388, 0.0006963000000000001, 0.0009284, 0.0007513, 0.00036740000000000004, 0.0003366, 0.0006952, 0.0009185, 0.0007447, 0.0003641, 0.0003443, 0.0006985, 0.0009284, 0.0007348000000000001, 0.00035860000000000004, 0.0003421, 0.0006919000000000001, 0.0009174000000000001, 0.0007414, 0.00036520000000000004, 0.0003443, 0.0006996, 0.0009361, 0.0007359, 0.0003619, 0.0003454, 0.0006996, 0.0009262000000000001, 0.0007403, 0.00036740000000000004, 0.0003355, 0.0007117, 0.0009372, 0.0007326, 0.0003641, 0.0003344, 0.0007062, 0.0009273, 0.0007337, 0.00036520000000000004, 0.000341, 0.0006996, 0.0009295000000000001, 0.0007326, 0.00036520000000000004, 0.0003509, 0.0007073, 0.0009185, 0.0007469, 0.00037180000000000004, 0.0003476, 0.0006974, 0.0009350000000000001, 0.0007359, 0.00035640000000000004, 0.000341, 0.0007029, 0.000924, 0.0007458, 0.0003641, 0.0003531, 0.0007029, 0.0009273, 0.0007315, 0.00037180000000000004, 0.0003399, 0.0006985, 0.0009207000000000001, 0.0007381, 0.00036300000000000004, 0.0003421, 0.0007095000000000001, 0.0009339000000000001, 0.0007447, 0.00036520000000000004, 0.000341, 0.000704, 0.0009262000000000001, 0.0007238, 0.0003641, 0.0003476, 0.0007018, 0.000924, 0.0007414, 0.00035420000000000004, 0.0003388, 0.0006985, 0.0009196, 0.0007392000000000001, 0.00036960000000000004, 0.0003366, 0.000704, 0.0009317, 0.0007282, 0.0003663, 0.0003432, 0.0007051000000000001, 0.0009339000000000001, 0.0007359, 0.0003575, 0.0003443, 0.0007084000000000001, 0.000924, 0.0007436000000000001, 0.00036080000000000004, 0.0003344, 0.0006985, 0.0009174000000000001, 0.000737, 0.00036080000000000004, 0.0003366, 0.0007161, 0.0009295000000000001, 0.0007337, 0.00036080000000000004, 0.0003443, 0.0007007000000000001, 0.0009284, 0.0007348000000000001, 0.0003685, 0.0003399, 0.0006952, 0.000924, 0.0007381, 0.00035640000000000004, 0.0003377, 0.000693, 0.0009361, 0.0007359, 0.0003619, 0.0003377, 0.0007073, 0.0009185, 0.000737, 0.0003707, 0.000341, 0.0006908, 0.0009262000000000001, 0.0007348000000000001, 0.0003641, 0.0003432, 0.0007029, 0.0009317, 0.0007392000000000001, 0.0003575, 0.0003377, 0.0007007000000000001, 0.0009141, 0.0007359, 0.00036080000000000004, 0.0003388, 0.0007007000000000001, 0.0009372, 0.0007403, 0.00036080000000000004, 0.0003344, 0.0007205, 0.0009295000000000001, 0.0007238, 0.00037180000000000004, 0.0003344, 0.000704, 0.0009229, 0.0007403, 0.0003575, 0.0003454, 0.0007128000000000001, 0.0009284, 0.0007326, 0.00037180000000000004, 0.0003421, 0.0007106, 0.0009251000000000001, 0.0007304000000000001, 0.00036960000000000004, 0.0003377, 0.0007073, 0.0009218000000000001, 0.0007216000000000001, 0.00035860000000000004, 0.0003388, 0.0006996, 0.0009295000000000001, 0.0007403, 0.0003465, 0.0003432, 0.0006974, 0.0009317, 0.0007414, 0.0003509, 0.0003443, 0.0007051000000000001, 0.0009350000000000001, 0.000737, 0.0003619, 0.0003443, 0.0007161, 0.0009372, 0.000737, 0.0003663, 0.0003443, 0.0006941, 0.0009284, 0.0007315, 0.00036520000000000004, 0.0003432, 0.0006974, 0.0009229, 0.0007414, 0.0003553, 0.0003377, 0.0007084000000000001, 0.0009317, 0.0007337, 0.0003597, 0.0003476, 0.0007062, 0.0009251000000000001, 0.0007216000000000001, 0.00036080000000000004, 0.0003421, 0.0007007000000000001, 0.0009273, 0.0007414, 0.0003685, 0.0003454, 0.0006875000000000001, 0.0009350000000000001, 0.0007304000000000001, 0.00035640000000000004, 0.0003399, 0.0007018, 0.0009383000000000001, 0.0007293, 0.00036740000000000004, 0.0003465, 0.0007062, 0.000924, 0.0007381, 0.0003597, 0.0003355, 0.0007029, 0.0009306000000000001, 0.0007337, 0.0003619, 0.0003432, 0.0007062, 0.0009284, 0.0007359, 0.0003619, 0.0003421, 0.0007018, 0.0009262000000000001, 0.0007238, 0.0003685, 0.0003476, 0.0006897, 0.0009262000000000001, 0.000737, 0.00035640000000000004, 0.0003454, 0.0007084000000000001, 0.000924, 0.0007359, 0.0003597, 0.0003476, 0.0007161, 0.0009372, 0.0007282, 0.00036080000000000004, 0.0003454, 0.0007018, 0.000924, 0.0007337, 0.00036740000000000004, 0.0003388, 0.000693, 0.0009229, 0.0007447, 0.0003619, 0.0003421, 0.0007051000000000001, 0.0009284, 0.0007348000000000001, 0.0003597, 0.0003443, 0.0007062, 0.0009251000000000001, 0.0007359, 0.00036080000000000004, 0.0003432, 0.0007128000000000001, 0.0009163000000000001, 0.0007337, 0.00036300000000000004, 0.0003399, 0.0007051000000000001, 0.0009339000000000001, 0.0007304000000000001, 0.0003553, 0.0003322, 0.0007084000000000001, 0.0009262000000000001, 0.0007271000000000001, 0.0003553, 0.0003531, 0.0007073, 0.0009251000000000001, 0.000737, 0.00036960000000000004, 0.0003487, 0.0007095000000000001, 0.0009295000000000001, 0.0007348000000000001, 0.0003531, 0.0003421, 0.0006974, 0.0009251000000000001, 0.0007260000000000001, 0.00036080000000000004, 0.0003377, 0.0007117, 0.0009273, 0.0007348000000000001, 0.0003751, 0.0003487, 0.0007018, 0.0009251000000000001, 0.0007238, 0.0003575, 0.0003509, 0.0007084000000000001, 0.000924, 0.0007271000000000001, 0.00036740000000000004, 0.0003399, 0.0006963000000000001, 0.0009229, 0.0007271000000000001, 0.00036740000000000004, 0.0003454, 0.0007084000000000001, 0.0009273, 0.0007359, 0.0003443, 0.0003498, 0.0006996, 0.0009218000000000001, 0.0007425, 0.000352, 0.0003432, 0.0007029, 0.0009273, 0.0007238, 0.00035860000000000004]",-4
32,"[-3.08e-05, -5.94e-05, -3.96e-05, -2.2e-05, -1.43e-05, -4.07e-05, -4.8400000000000004e-05, -4.5100000000000005e-05, -2.5300000000000002e-05, -1.2100000000000001e-05, -2.97e-05, -5.0600000000000003e-05, -3.41e-05, -2.2e-05, -1.65e-05, -2.86e-05, -5.17e-05, -3.63e-05, -2.5300000000000002e-05, -2.75e-05, -3.08e-05, -4.9500000000000004e-05, -4.6200000000000005e-05, -2.64e-05, -1.2100000000000001e-05, -3.85e-05, -5.39e-05, -4.6200000000000005e-05, -2.97e-05, -1.87e-05, -2.97e-05, -4.18e-05, -4.5100000000000005e-05, -2.97e-05, -2.3100000000000002e-05, -3.3e-05, -6.16e-05, -4.29e-05, -2.86e-05, -1.76e-05, -2.86e-05, -4.8400000000000004e-05, -3.96e-05, -2.5300000000000002e-05, -2.64e-05, -2.75e-05, -5.17e-05, -4.18e-05, -3.08e-05, -3.3e-05, -3.3e-05, -4.4e-05, -5.0600000000000003e-05, -2.4200000000000002e-05, -3.08e-05, -3.19e-05, -4.07e-05, -5.0600000000000003e-05, -3.52e-05, -2.2e-05, -3.74e-05, -4.29e-05, -4.5100000000000005e-05, -3.3e-05, -1.2100000000000001e-05, -3.96e-05, -4.7300000000000005e-05, -4.9500000000000004e-05, -2.64e-05, -1.76e-05, -3.3e-05, -4.29e-05, -4.6200000000000005e-05, -2.5300000000000002e-05, -2.3100000000000002e-05, -3.74e-05, -5.28e-05, -4.5100000000000005e-05, -2.75e-05, -2.4200000000000002e-05, -3.41e-05, -4.6200000000000005e-05, -3.96e-05, -2.97e-05, -2.64e-05, -3.63e-05, -4.9500000000000004e-05, -3.74e-05, -3.52e-05, -1.76e-05, -2.5300000000000002e-05, -5.17e-05, -4.6200000000000005e-05, -2.2e-05, -2.3100000000000002e-05, -2.64e-05, -4.6200000000000005e-05, -4.07e-05, -2.86e-05, -1.65e-05, -3.08e-05, -4.7300000000000005e-05, -4.5100000000000005e-05, -3.52e-05, -1.32e-05, -3.3e-05, -4.9500000000000004e-05, -4.6200000000000005e-05, -2.3100000000000002e-05, -1.87e-05, -2.75e-05, -4.7300000000000005e-05, -4.07e-05, -2.75e-05, -9.9e-06, -2.75e-05, -4.4e-05, -4.7300000000000005e-05, -2.3100000000000002e-05, -1.54e-05, -2.2e-05, -5.94e-05, -3.52e-05, -3.08e-05, -2.75e-05, -3.74e-05, -5.0600000000000003e-05, -5.17e-05, -1.98e-05, -1.98e-05, -3.19e-05, -4.8400000000000004e-05, -4.8400000000000004e-05, -1.87e-05, -1.54e-05, -3.19e-05, -4.7300000000000005e-05, -4.8400000000000004e-05, -3.19e-05, -2.09e-05, -3.08e-05, -4.8400000000000004e-05, -4.7300000000000005e-05, -3.41e-05, -1.98e-05, -2.86e-05, -5.0600000000000003e-05, -3.63e-05, -3.08e-05, -2.97e-05, -3.08e-05, -4.8400000000000004e-05, -4.7300000000000005e-05, -2.64e-05, -2.2e-05, -2.97e-05, -5.0600000000000003e-05, -4.29e-05, -3.3e-05, -1.76e-05, -4.4e-05, -5.5e-05, -4.8400000000000004e-05, -1.76e-05, -2.2e-05, -3.63e-05, -5.72e-05, -4.29e-05, -2.2e-05, -1.2100000000000001e-05, -3.19e-05, -5.0600000000000003e-05, -4.8400000000000004e-05, -2.64e-05, -1.87e-05, -3.74e-05, -4.9500000000000004e-05, -4.07e-05, -3.3e-05, -1.54e-05, -3.3e-05, -4.6200000000000005e-05, -4.4e-05, -1.54e-05, -2.09e-05, -3.08e-05, -3.41e-05, -4.4e-05, -3.19e-05, -1.65e-05, -3.85e-05, -5.72e-05, -5.28e-05, -2.2e-05, -2.4200000000000002e-05, -2.5300000000000002e-05, -4.7300000000000005e-05, -4.29e-05, -2.64e-05, -2.86e-05, -3.3e-05, -5.0600000000000003e-05, -4.5100000000000005e-05, -2.09e-05, -2.5300000000000002e-05, -3.41e-05, -5.0600000000000003e-05, -4.5100000000000005e-05, -3.08e-05, -2.3100000000000002e-05, -3.19e-05, -4.29e-05, -5.0600000000000003e-05, -2.4200000000000002e-05, -2.86e-05, -2.75e-05, -3.74e-05, -4.7300000000000005e-05, -2.75e-05, -2.09e-05, -3.08e-05, -4.8400000000000004e-05, -4.6200000000000005e-05, -1.87e-05, -1.43e-05, -3.19e-05, -4.6200000000000005e-05, -4.7300000000000005e-05, -2.75e-05, -2.09e-05, -2.86e-05, -4.4e-05, -3.63e-05, -3.08e-05, -6.6e-06, -3.96e-05, -4.6200000000000005e-05, -4.9500000000000004e-05, -2.97e-05, -1.87e-05, -3.41e-05, -4.4e-05, -5.83e-05, -3.08e-05, -1.76e-05, -4.07e-05, -5.5e-05, -4.5100000000000005e-05, -2.64e-05, -2.5300000000000002e-05, -3.3e-05, -5.39e-05, -4.4e-05, -2.4200000000000002e-05, -1.54e-05, -3.85e-05, -4.7300000000000005e-05, -4.07e-05, -3.08e-05, -1.76e-05, -3.19e-05, -3.96e-05, -5.5e-05, -3.85e-05, -2.4200000000000002e-05, -3.19e-05, -4.9500000000000004e-05, -3.52e-05, -2.3100000000000002e-05, -2.75e-05, -3.3e-05, -4.29e-05, -5.0600000000000003e-05, -3.3e-05, -1.65e-05, -3.74e-05, -4.5100000000000005e-05, -4.5100000000000005e-05, -1.76e-05, -1.98e-05, -2.97e-05, -4.7300000000000005e-05, -4.6200000000000005e-05, -2.75e-05, -2.5300000000000002e-05, -2.64e-05, -4.9500000000000004e-05, -4.6200000000000005e-05, -3.63e-05, -2.97e-05, -4.5100000000000005e-05, -4.8400000000000004e-05, -4.5100000000000005e-05, -2.64e-05, -2.5300000000000002e-05, -3.52e-05, -4.5100000000000005e-05, -4.6200000000000005e-05, -2.97e-05, -2.64e-05, -2.86e-05, -5.28e-05, -4.29e-05, -2.5300000000000002e-05, -1.76e-05, -3.41e-05, -5.39e-05, -3.85e-05, -1.98e-05, -2.75e-05, -3.41e-05, -4.8400000000000004e-05, -4.4e-05, -2.97e-05, -2.4200000000000002e-05, -2.64e-05, -4.9500000000000004e-05, -4.4e-05, -2.75e-05, -1.87e-05, -3.19e-05, -4.29e-05, -3.96e-05, -3.08e-05, -1.54e-05, -2.3100000000000002e-05, -4.6200000000000005e-05, -5.5e-05, -3.3e-05, -2.86e-05, -3.52e-05, -4.07e-05, -4.29e-05, -2.64e-05, -2.4200000000000002e-05, -2.86e-05, -4.07e-05, -5.5e-05, -2.86e-05, -2.09e-05, -2.75e-05, -5.0600000000000003e-05, -4.4e-05, -1.87e-05, -2.5300000000000002e-05, -2.97e-05, -6.27e-05, -3.3e-05, -2.5300000000000002e-05, -1.76e-05, -3.08e-05, -4.29e-05, -4.29e-05, -2.4200000000000002e-05, -2.64e-05, -2.86e-05, -4.9500000000000004e-05, -3.96e-05, -2.64e-05, -4.4e-06, -3.08e-05, -4.5100000000000005e-05, -5.5e-05, -2.75e-05, -2.3100000000000002e-05, -3.52e-05, -5.39e-05, -4.4e-05, -3.08e-05, -2.09e-05, -3.3e-05, -4.5100000000000005e-05, -6.16e-05, -2.86e-05, -2.09e-05, -3.63e-05, -6.05e-05, -4.18e-05, -2.4200000000000002e-05, -1.98e-05, -3.63e-05, -5.83e-05, -5.0600000000000003e-05, -3.41e-05, -2.3100000000000002e-05, -3.74e-05, -5.28e-05, -4.9500000000000004e-05, -1.98e-05, -2.5300000000000002e-05, -3.74e-05, -4.9500000000000004e-05, -5.0600000000000003e-05, -3.85e-05, -2.86e-05, -3.52e-05, -4.29e-05, -4.7300000000000005e-05, -2.64e-05, -1.87e-05, -3.63e-05, -5.0600000000000003e-05, -4.8400000000000004e-05, -2.97e-05, -2.3100000000000002e-05, -3.96e-05, -5.28e-05, -4.9500000000000004e-05, -3.41e-05, -3.19e-05, -3.85e-05, -5.61e-05, -5.0600000000000003e-05, -2.86e-05, -1.87e-05, -3.63e-05, -4.7300000000000005e-05, -4.9500000000000004e-05, -2.97e-05, -2.2e-05, -3.3e-05, -4.29e-05, -4.29e-05, -3.08e-05, -3.19e-05, -2.64e-05, -5.0600000000000003e-05, -5.0600000000000003e-05, -2.5300000000000002e-05, -1.87e-05, -3.52e-05, -5.28e-05, -5.72e-05, -3.96e-05, -1.87e-05, -2.86e-05, -4.8400000000000004e-05, -3.63e-05, -2.97e-05, -2.5300000000000002e-05, -2.86e-05, -5.5e-05, -4.6200000000000005e-05, -2.4200000000000002e-05, -2.09e-05, -3.41e-05, -5.17e-05, -4.8400000000000004e-05, -2.5300000000000002e-05, -2.75e-05, -4.29e-05, -4.7300000000000005e-05, -5.72e-05, -2.09e-05, -1.76e-05, -3.08e-05, -4.6200000000000005e-05, -4.6200000000000005e-05, -3.52e-05, -2.4200000000000002e-05, -3.3e-05, -4.6200000000000005e-05, -5.0600000000000003e-05, -3.74e-05, -1.76e-05, -2.64e-05, -5.17e-05, -4.07e-05, -2.75e-05, -1.98e-05, -2.75e-05, -4.9500000000000004e-05, -4.4e-05, -3.19e-05, -3.41e-05, -3.52e-05, -4.8400000000000004e-05, -3.85e-05, -3.08e-05, -3.08e-05, -3.52e-05, -5.5e-05, -3.96e-05, -2.86e-05, -2.09e-05, -3.3e-05, -5.72e-05, -4.29e-05, -2.3100000000000002e-05, -3.19e-05, -3.08e-05, -5.61e-05, -4.29e-05, -3.19e-05, -1.98e-05, -2.75e-05, -5.17e-05, -5.0600000000000003e-05, -2.3100000000000002e-05, -1.65e-05]","[-0.0001529, -0.0001353, -0.00018590000000000002, -0.0002222, -0.00019800000000000002, -0.0001518, -0.0001353, -0.00017710000000000002, -0.0002222, -0.00018920000000000002, -0.0001507, -0.0001397, -0.00018590000000000002, -0.0002145, -0.0002035, -0.0001507, -0.0001287, -0.00017930000000000002, -0.0002156, -0.00019690000000000002, -0.0001397, -0.0001364, -0.00017820000000000002, -0.0002079, -0.00020240000000000001, -0.0001375, -0.0001342, -0.00018370000000000002, -0.0002277, -0.00019580000000000002, -0.0001419, -0.0001386, -0.00018590000000000002, -0.0002101, -0.00019690000000000002, -0.0001485, -0.0001342, -0.00017710000000000002, -0.0002112, -0.00020020000000000001, -0.0001507, -0.0001397, -0.00017930000000000002, -0.0002134, -0.00020130000000000001, -0.0001595, -0.0001397, -0.00018590000000000002, -0.0002189, -0.0002035, -0.0001419, -0.000132, -0.00018370000000000002, -0.0002189, -0.00018920000000000002, -0.0001518, -0.0001342, -0.00017710000000000002, -0.0002178, -0.00018260000000000002, -0.0001452, -0.0001375, -0.00018040000000000002, -0.0002134, -0.0002035, -0.0001419, -0.0001375, -0.00018480000000000002, -0.0002145, -0.00019690000000000002, -0.000154, -0.0001353, -0.00018040000000000002, -0.0002123, -0.00019250000000000002, -0.0001485, -0.0001298, -0.00017930000000000002, -0.0002046, -0.00018370000000000002, -0.0001474, -0.0001397, -0.00017820000000000002, -0.0002057, -0.0002079, -0.0001496, -0.0001375, -0.00018260000000000002, -0.0002211, -0.0002123, -0.0001331, -0.0001386, -0.00018480000000000002, -0.0002101, -0.00019140000000000002, -0.0001408, -0.000132, -0.00018920000000000002, -0.0002101, -0.00020130000000000001, -0.0001375, -0.000143, -0.00018260000000000002, -0.0002178, -0.0002046, -0.0001419, -0.0001441, -0.00017820000000000002, -0.0002211, -0.00019030000000000002, -0.0001507, -0.0001342, -0.00018920000000000002, -0.000209, -0.0002035, -0.0001452, -0.0001474, -0.000176, -0.0002189, -0.00020130000000000001, -0.0001364, -0.000143, -0.00018040000000000002, -0.0002233, -0.00019690000000000002, -0.0001485, -0.0001452, -0.00018590000000000002, -0.0002244, -0.00019800000000000002, -0.0001452, -0.0001254, -0.00017930000000000002, -0.0002134, -0.00019580000000000002, -0.0001573, -0.0001518, -0.00017820000000000002, -0.00022, -0.00019580000000000002, -0.0001485, -0.0001364, -0.00018480000000000002, -0.0002068, -0.00019910000000000001, -0.0001518, -0.0001309, -0.00019140000000000002, -0.0002178, -0.00019140000000000002, -0.0001419, -0.0001397, -0.00018700000000000002, -0.0002156, -0.00019800000000000002, -0.0001463, -0.0001375, -0.00018810000000000002, -0.000209, -0.00019580000000000002, -0.0001353, -0.0001364, -0.00018040000000000002, -0.0002145, -0.00020020000000000001, -0.0001496, -0.0001364, -0.00018810000000000002, -0.0002112, -0.00019360000000000002, -0.0001485, -0.0001408, -0.00018260000000000002, -0.0002101, -0.00019030000000000002, -0.0001441, -0.0001397, -0.0001683, -0.0002145, -0.00020020000000000001, -0.0001485, -0.0001364, -0.0001738, -0.0002112, -0.0002046, -0.0001474, -0.0001364, -0.0001738, -0.0002189, -0.00019690000000000002, -0.0001441, -0.0001331, -0.00017820000000000002, -0.0002112, -0.00019800000000000002, -0.0001628, -0.0001386, -0.00018370000000000002, -0.0002178, -0.0002068, -0.000143, -0.0001287, -0.00019030000000000002, -0.0002167, -0.00019800000000000002, -0.0001441, -0.0001408, -0.00018040000000000002, -0.0002134, -0.00018920000000000002, -0.0001518, -0.0001397, -0.00018920000000000002, -0.0002068, -0.0002035, -0.0001551, -0.0001342, -0.00018480000000000002, -0.0002178, -0.00020020000000000001, -0.0001419, -0.0001298, -0.00017820000000000002, -0.0002101, -0.00019140000000000002, -0.0001386, -0.0001507, -0.00017710000000000002, -0.0002167, -0.00019250000000000002, -0.0001496, -0.0001375, -0.00018260000000000002, -0.0002167, -0.00019470000000000002, -0.0001463, -0.0001342, -0.00017820000000000002, -0.0002112, -0.00019910000000000001, -0.0001386, -0.0001386, -0.00017930000000000002, -0.0002123, -0.00019800000000000002, -0.0001584, -0.0001353, -0.00017710000000000002, -0.00022, -0.00019360000000000002, -0.0001463, -0.0001386, -0.00018810000000000002, -0.0002145, -0.00019690000000000002, -0.000154, -0.0001419, -0.00018260000000000002, -0.0002079, -0.00019580000000000002, -0.0001496, -0.0001298, -0.00017820000000000002, -0.0002079, -0.00019140000000000002, -0.0001573, -0.0001298, -0.00017710000000000002, -0.0002123, -0.00019140000000000002, -0.0001518, -0.0001331, -0.00018480000000000002, -0.0002189, -0.00019580000000000002, -0.0001562, -0.0001364, -0.00017820000000000002, -0.0002134, -0.00019910000000000001, -0.0001441, -0.0001353, -0.00018040000000000002, -0.0002277, -0.00019800000000000002, -0.0001573, -0.0001364, -0.00018150000000000002, -0.0002145, -0.00020020000000000001, -0.0001518, -0.0001474, -0.00018040000000000002, -0.0002156, -0.00020020000000000001, -0.0001496, -0.0001408, -0.00017820000000000002, -0.0002156, -0.00019580000000000002, -0.0001452, -0.0001342, -0.00017930000000000002, -0.0002167, -0.00020240000000000001, -0.0001463, -0.0001441, -0.000176, -0.0002156, -0.00019800000000000002, -0.0001441, -0.0001353, -0.00018590000000000002, -0.0002156, -0.00019690000000000002, -0.0001518, -0.0001386, -0.00018150000000000002, -0.0002233, -0.00019580000000000002, -0.000143, -0.000132, -0.00018590000000000002, -0.00020130000000000001, -0.00020240000000000001, -0.0001419, -0.0001364, -0.00017820000000000002, -0.0002123, -0.0002035, -0.0001419, -0.0001364, -0.00018920000000000002, -0.0002079, -0.00018920000000000002, -0.0001386, -0.0001397, -0.00018260000000000002, -0.0002167, -0.00019360000000000002, -0.0001463, -0.0001386, -0.00017710000000000002, -0.00022, -0.00019360000000000002, -0.0001441, -0.0001386, -0.00018590000000000002, -0.0002145, -0.00019250000000000002, -0.0001496, -0.0001342, -0.00017820000000000002, -0.0002178, -0.00019470000000000002, -0.0001474, -0.0001408, -0.00018040000000000002, -0.0002156, -0.00019030000000000002, -0.000143, -0.0001342, -0.00018590000000000002, -0.0002255, -0.00020130000000000001, -0.0001595, -0.0001441, -0.0001749, -0.0002101, -0.00019360000000000002, -0.0001496, -0.0001419, -0.00018260000000000002, -0.0002167, -0.00020240000000000001, -0.0001529, -0.0001397, -0.00019470000000000002, -0.0002178, -0.00019910000000000001, -0.0001529, -0.000132, -0.00018260000000000002, -0.0002167, -0.00020240000000000001, -0.0001496, -0.0001364, -0.00017710000000000002, -0.0002101, -0.00019910000000000001, -0.0001518, -0.000143, -0.0001749, -0.0002167, -0.00019800000000000002, -0.000143, -0.0001375, -0.00018260000000000002, -0.0002211, -0.0002046, -0.0001386, -0.0001331, -0.00019140000000000002, -0.0002101, -0.00020240000000000001, -0.0001496, -0.0001331, -0.00018260000000000002, -0.0002178, -0.00019140000000000002, -0.0001452, -0.0001309, -0.00018700000000000002, -0.0002123, -0.00019140000000000002, -0.0001441, -0.0001298, -0.00018920000000000002, -0.0002178, -0.00019250000000000002, -0.0001496, -0.0001386, -0.00018590000000000002, -0.0002068, -0.00019800000000000002, -0.0001441, -0.0001518, -0.00018480000000000002, -0.0002057, -0.00018700000000000002, -0.000143, -0.0001353, -0.00018810000000000002, -0.0002145, -0.00020240000000000001, -0.0001452, -0.0001452, -0.00017710000000000002, -0.0002167, -0.00019800000000000002, -0.0001463, -0.000132, -0.00018150000000000002, -0.0002178, -0.00020240000000000001, -0.0001397, -0.0001386, -0.00018370000000000002, -0.000209, -0.00020020000000000001, -0.0001496, -0.0001375, -0.00017710000000000002, -0.0002178, -0.00019690000000000002, -0.0001518, -0.0001342, -0.00018040000000000002, -0.0002079, -0.00020020000000000001, -0.0001463, -0.0001353, -0.00017710000000000002, -0.0002167, -0.00019470000000000002, -0.0001518, -0.0001397, -0.00018920000000000002, -0.0002255, -0.00019360000000000002, -0.0001507, -0.0001386, -0.00018920000000000002, -0.0002167, -0.00019800000000000002, -0.0001518, -0.0001386, -0.00017820000000000002, -0.0002211, -0.00019690000000000002, -0.0001463, -0.0001298, -0.00018370000000000002, -0.0002112, -0.00019580000000000002, -0.0001452, -0.0001474, -0.00017820000000000002, -0.000209, -0.00019690000000000002, -0.0001485, -0.0001375, -0.00018040000000000002, -0.0002178, -0.00019800000000000002, -0.000154, -0.0001441, -0.00018150000000000002, -0.0002233, -0.00019580000000000002]","[0.00036300000000000004, 0.0003465, 0.0007216000000000001, 0.0009306000000000001, 0.0007227000000000001, 0.00035860000000000004, 0.0003476, 0.0007249, 0.0009350000000000001, 0.0007216000000000001, 0.00035640000000000004, 0.00035860000000000004, 0.0007216000000000001, 0.0009317, 0.0007326, 0.0003531, 0.0003575, 0.0007161, 0.0009339000000000001, 0.0007304000000000001, 0.00035420000000000004, 0.0003553, 0.0007249, 0.0009306000000000001, 0.0007161, 0.0003487, 0.0003454, 0.0007183000000000001, 0.0009306000000000001, 0.0007403, 0.00035640000000000004, 0.0003465, 0.0007205, 0.000924, 0.0007205, 0.0003487, 0.0003432, 0.0007161, 0.0009383000000000001, 0.0007238, 0.0003553, 0.0003498, 0.0007293, 0.0009328, 0.0007304000000000001, 0.0003597, 0.0003454, 0.0007205, 0.0009306000000000001, 0.0007205, 0.0003465, 0.000352, 0.0007051000000000001, 0.0009306000000000001, 0.0007249, 0.00036080000000000004, 0.00035420000000000004, 0.0007051000000000001, 0.0009185, 0.0007271000000000001, 0.000352, 0.0003465, 0.0007227000000000001, 0.0009383000000000001, 0.0007194, 0.00036080000000000004, 0.0003476, 0.0007227000000000001, 0.0009328, 0.0007249, 0.0003641, 0.00035420000000000004, 0.0007249, 0.0009273, 0.0007293, 0.00035640000000000004, 0.0003641, 0.0007194, 0.0009295000000000001, 0.0007249, 0.00036080000000000004, 0.0003575, 0.0007293, 0.0009306000000000001, 0.0007348000000000001, 0.00035420000000000004, 0.0003443, 0.0007249, 0.0009218000000000001, 0.0007282, 0.0003531, 0.00035420000000000004, 0.0007139000000000001, 0.0009350000000000001, 0.0007326, 0.0003476, 0.0003509, 0.0007238, 0.0009306000000000001, 0.0007315, 0.00036080000000000004, 0.000352, 0.0007084000000000001, 0.0009339000000000001, 0.0007227000000000001, 0.0003487, 0.0003454, 0.0007282, 0.0009317, 0.0007249, 0.0003575, 0.0003498, 0.0007139000000000001, 0.0009218000000000001, 0.0007205, 0.0003476, 0.00036080000000000004, 0.0007139000000000001, 0.0009251000000000001, 0.0007194, 0.00035860000000000004, 0.0003498, 0.0007172000000000001, 0.0009361, 0.0007194, 0.00035420000000000004, 0.0003641, 0.0007205, 0.0009350000000000001, 0.0007227000000000001, 0.0003531, 0.00035420000000000004, 0.0007282, 0.0009405, 0.0007161, 0.00035860000000000004, 0.000352, 0.0007238, 0.0009394000000000001, 0.0007194, 0.000352, 0.0003432, 0.0007139000000000001, 0.0009306000000000001, 0.0007282, 0.00036520000000000004, 0.00035420000000000004, 0.0007282, 0.0009449, 0.0007282, 0.0003553, 0.0003553, 0.0007117, 0.000924, 0.0007282, 0.00035420000000000004, 0.00035860000000000004, 0.0007139000000000001, 0.0009372, 0.0007216000000000001, 0.0003509, 0.00035860000000000004, 0.0007194, 0.0009273, 0.0007282, 0.00036080000000000004, 0.000352, 0.0007183000000000001, 0.0009383000000000001, 0.0007161, 0.0003421, 0.0003498, 0.0007238, 0.0009196, 0.0007106, 0.0003498, 0.0003553, 0.0007106, 0.0009317, 0.0007249, 0.0003553, 0.000352, 0.0007139000000000001, 0.0009328, 0.0007139000000000001, 0.00035420000000000004, 0.0003509, 0.0007216000000000001, 0.000924, 0.0007216000000000001, 0.00035860000000000004, 0.0003575, 0.0007227000000000001, 0.0009295000000000001, 0.0007238, 0.00035420000000000004, 0.00036080000000000004, 0.0007128000000000001, 0.0009284, 0.0007216000000000001, 0.0003575, 0.0003487, 0.000715, 0.0009372, 0.0007293, 0.0003531, 0.00035860000000000004, 0.0007205, 0.0009350000000000001, 0.0007161, 0.00035420000000000004, 0.00035420000000000004, 0.0007271000000000001, 0.0009350000000000001, 0.0007194, 0.0003498, 0.00035640000000000004, 0.0007161, 0.0009372, 0.0007238, 0.000352, 0.0003531, 0.0007117, 0.0009262000000000001, 0.0007205, 0.0003454, 0.00035420000000000004, 0.000715, 0.0009361, 0.0007282, 0.0003509, 0.0003443, 0.0007216000000000001, 0.0009306000000000001, 0.0007238, 0.0003553, 0.00035420000000000004, 0.0007260000000000001, 0.0009350000000000001, 0.0007183000000000001, 0.00035420000000000004, 0.0003498, 0.0007227000000000001, 0.0009339000000000001, 0.0007249, 0.0003509, 0.0003509, 0.0007238, 0.0009229, 0.0007293, 0.0003432, 0.00035420000000000004, 0.0007183000000000001, 0.0009361, 0.0007282, 0.0003498, 0.00035420000000000004, 0.0007205, 0.0009372, 0.0007194, 0.0003476, 0.0003597, 0.0007227000000000001, 0.0009339000000000001, 0.0007183000000000001, 0.00035860000000000004, 0.0003443, 0.0007172000000000001, 0.0009383000000000001, 0.0007161, 0.0003487, 0.00035860000000000004, 0.0007051000000000001, 0.0009273, 0.0007194, 0.0003553, 0.0003553, 0.0007238, 0.0009339000000000001, 0.0007161, 0.00035640000000000004, 0.0003487, 0.0007216000000000001, 0.0009273, 0.0007227000000000001, 0.0003487, 0.000352, 0.0007172000000000001, 0.0009251000000000001, 0.0007216000000000001, 0.00035640000000000004, 0.0003421, 0.0007194, 0.0009218000000000001, 0.0007293, 0.0003641, 0.00035640000000000004, 0.0007183000000000001, 0.0009295000000000001, 0.0007359, 0.0003399, 0.0003498, 0.0007194, 0.0009273, 0.0007172000000000001, 0.000352, 0.0003531, 0.0007117, 0.0009350000000000001, 0.0007227000000000001, 0.0003487, 0.00035640000000000004, 0.0007216000000000001, 0.0009196, 0.0007183000000000001, 0.000352, 0.00035420000000000004, 0.0007216000000000001, 0.0009306000000000001, 0.0007172000000000001, 0.0003663, 0.0003575, 0.0007238, 0.0009229, 0.0007238, 0.0003344, 0.00035420000000000004, 0.0007172000000000001, 0.0009306000000000001, 0.0007227000000000001, 0.0003509, 0.0003454, 0.0007260000000000001, 0.0009306000000000001, 0.0007172000000000001, 0.0003597, 0.0003553, 0.0007194, 0.0009273, 0.0007227000000000001, 0.0003531, 0.0003553, 0.0007139000000000001, 0.0009306000000000001, 0.0007227000000000001, 0.00035420000000000004, 0.0003597, 0.0007183000000000001, 0.0009295000000000001, 0.0007304000000000001, 0.0003509, 0.0003531, 0.0007238, 0.0009328, 0.0007238, 0.0003509, 0.0003619, 0.0007249, 0.0009328, 0.0007271000000000001, 0.0003487, 0.0003553, 0.0007216000000000001, 0.0009350000000000001, 0.0007315, 0.0003509, 0.00035640000000000004, 0.0007227000000000001, 0.0009306000000000001, 0.0007172000000000001, 0.0003531, 0.00036080000000000004, 0.0007183000000000001, 0.0009295000000000001, 0.0007183000000000001, 0.00035420000000000004, 0.00035640000000000004, 0.0007227000000000001, 0.0009295000000000001, 0.0007249, 0.0003465, 0.0003476, 0.0007183000000000001, 0.0009262000000000001, 0.0007249, 0.0003498, 0.0003487, 0.0007260000000000001, 0.0009207000000000001, 0.0007194, 0.0003575, 0.0003531, 0.0007326, 0.0009306000000000001, 0.0007183000000000001, 0.00035640000000000004, 0.00035640000000000004, 0.0007183000000000001, 0.0009218000000000001, 0.0007238, 0.00035420000000000004, 0.0003498, 0.0007161, 0.0009328, 0.0007249, 0.00036300000000000004, 0.0003476, 0.0007194, 0.0009350000000000001, 0.0007249, 0.0003509, 0.0003619, 0.0007205, 0.0009284, 0.0007139000000000001, 0.0003476, 0.0003498, 0.0007216000000000001, 0.0009361, 0.000715, 0.0003509, 0.000352, 0.0007293, 0.0009273, 0.0007205, 0.0003377, 0.00035420000000000004, 0.0007271000000000001, 0.0009383000000000001, 0.0007139000000000001, 0.00036300000000000004, 0.00035640000000000004, 0.0007227000000000001, 0.0009251000000000001, 0.0007282, 0.0003531, 0.0003487, 0.0007238, 0.0009317, 0.0007194, 0.0003509, 0.0003597, 0.0007282, 0.0009295000000000001, 0.0007117, 0.0003498, 0.0003597, 0.0007227000000000001, 0.0009372, 0.0007238, 0.0003487, 0.0003619, 0.0007337, 0.0009350000000000001, 0.0007172000000000001, 0.0003498, 0.000352, 0.0007238, 0.0009361, 0.0007238, 0.0003487, 0.0003553, 0.0007249, 0.0009317, 0.0007205, 0.0003454, 0.00036080000000000004, 0.0007238, 0.0009383000000000001, 0.0007205, 0.00035640000000000004, 0.0003476, 0.0007260000000000001, 0.0009196, 0.0007271000000000001, 0.00035860000000000004, 0.00035860000000000004, 0.0007216000000000001, 0.0009361, 0.0007216000000000001, 0.00036520000000000004, 0.00036300000000000004, 0.0007304000000000001, 0.0009350000000000001, 0.0007161, 0.0003432, 0.0003685, 0.0007293, 0.0009482000000000001, 0.0007161, 0.0003476, 0.00036300000000000004, 0.0007260000000000001, 0.0009361, 0.0007271000000000001, 0.0003597, 0.00036080000000000004, 0.0007271000000000001, 0.0009339000000000001, 0.0007051000000000001]",-3
33,"[-9.9e-06, -2.5300000000000002e-05, -5.5e-05, -4.29e-05, -3.08e-05, -2.64e-05, -3.52e-05, -5.0600000000000003e-05, -4.4e-05, -2.64e-05, -2.2e-05, -3.74e-05, -4.4e-05, -5.5e-05, -3.41e-05, -2.3100000000000002e-05, -3.19e-05, -5.94e-05, -4.8400000000000004e-05, -4.6200000000000005e-05, -3.3e-05, -3.63e-05, -4.18e-05, -4.8400000000000004e-05, -3.74e-05, -2.64e-05, -3.85e-05, -5.72e-05, -3.96e-05, -3.08e-05, -1.65e-05, -3.96e-05, -5.72e-05, -4.4e-05, -4.4e-05, -2.3100000000000002e-05, -2.97e-05, -5.5e-05, -4.07e-05, -3.85e-05, -2.2e-05, -2.86e-05, -5.28e-05, -5.39e-05, -3.63e-05, -2.64e-05, -3.08e-05, -4.18e-05, -4.6200000000000005e-05, -4.07e-05, -2.5300000000000002e-05, -3.52e-05, -5.28e-05, -5.39e-05, -3.52e-05, -2.09e-05, -4.29e-05, -4.9500000000000004e-05, -5.94e-05, -3.08e-05, -2.86e-05, -3.08e-05, -4.7300000000000005e-05, -4.5100000000000005e-05, -3.3e-05, -3.41e-05, -3.19e-05, -5.0600000000000003e-05, -6.6e-05, -3.08e-05, -2.3100000000000002e-05, -3.74e-05, -5.72e-05, -4.7300000000000005e-05, -4.18e-05, -2.86e-05, -3.96e-05, -5.28e-05, -6.05e-05, -2.75e-05, -2.4200000000000002e-05, -4.7300000000000005e-05, -5.28e-05, -5.28e-05, -3.08e-05, -1.76e-05, -3.3e-05, -4.8400000000000004e-05, -5.72e-05, -3.19e-05, -2.97e-05, -4.29e-05, -5.39e-05, -4.9500000000000004e-05, -3.96e-05, -3.52e-05, -4.7300000000000005e-05, -5.17e-05, -4.9500000000000004e-05, -3.3e-05, -3.63e-05, -3.41e-05, -5.83e-05, -4.8400000000000004e-05, -3.3e-05, -3.08e-05, -3.41e-05, -4.6200000000000005e-05, -4.8400000000000004e-05, -4.5100000000000005e-05, -1.87e-05, -4.8400000000000004e-05, -5.17e-05, -5.83e-05, -4.4e-05, -2.2e-05, -3.74e-05, -4.6200000000000005e-05, -4.7300000000000005e-05, -3.19e-05, -2.5300000000000002e-05, -3.63e-05, -5.39e-05, -4.8400000000000004e-05, -3.63e-05, -1.98e-05, -2.75e-05, -5.72e-05, -4.7300000000000005e-05, -3.52e-05, -3.08e-05, -3.96e-05, -5.17e-05, -5.72e-05, -3.63e-05, -2.97e-05, -3.52e-05, -5.39e-05, -5.94e-05, -3.3e-05, -2.64e-05, -3.52e-05, -6.16e-05, -5.5e-05, -3.52e-05, -2.09e-05, -3.52e-05, -4.5100000000000005e-05, -5.72e-05, -3.63e-05, -1.32e-05, -3.41e-05, -5.28e-05, -5.17e-05, -3.63e-05, -2.75e-05, -3.74e-05, -5.0600000000000003e-05, -5.83e-05, -2.97e-05, -3.63e-05, -3.85e-05, -5.28e-05, -5.61e-05, -2.97e-05, -3.41e-05, -3.3e-05, -4.7300000000000005e-05, -5.72e-05, -3.41e-05, -3.08e-05, -3.3e-05, -4.8400000000000004e-05, -5.17e-05, -3.52e-05, -2.5300000000000002e-05, -4.29e-05, -5.94e-05, -4.29e-05, -3.41e-05, -2.75e-05, -3.3e-05, -5.17e-05, -4.6200000000000005e-05, -3.3e-05, -2.4200000000000002e-05, -3.85e-05, -4.7300000000000005e-05, -5.17e-05, -2.75e-05, -1.98e-05, -3.85e-05, -5.0600000000000003e-05, -6.27e-05, -3.08e-05, -2.5300000000000002e-05, -3.08e-05, -4.6200000000000005e-05, -4.4e-05, -4.6200000000000005e-05, -2.64e-05, -4.07e-05, -4.7300000000000005e-05, -5.5e-05, -3.3e-05, -2.75e-05, -4.6200000000000005e-05, -5.5e-05, -4.9500000000000004e-05, -2.75e-05, -2.86e-05, -4.18e-05, -5.94e-05, -4.9500000000000004e-05, -2.86e-05, -1.76e-05, -3.63e-05, -4.7300000000000005e-05, -5.5e-05, -3.52e-05, -2.64e-05, -2.75e-05, -4.8400000000000004e-05, -5.39e-05, -3.19e-05, -2.3100000000000002e-05, -4.07e-05, -4.8400000000000004e-05, -5.0600000000000003e-05, -3.96e-05, -1.76e-05, -3.85e-05, -4.6200000000000005e-05, -4.6200000000000005e-05, -2.4200000000000002e-05, -3.63e-05, -3.3e-05, -4.9500000000000004e-05, -5.0600000000000003e-05, -2.5300000000000002e-05, -2.4200000000000002e-05, -3.52e-05, -5.94e-05, -4.9500000000000004e-05, -3.19e-05, -3.19e-05, -3.08e-05, -5.39e-05, -6.05e-05, -3.3e-05, -2.2e-05, -4.5100000000000005e-05, -4.6200000000000005e-05, -4.7300000000000005e-05, -3.85e-05, -2.09e-05, -3.96e-05, -6.05e-05, -5.28e-05, -3.96e-05, -2.4200000000000002e-05, -3.96e-05, -5.83e-05, -5.28e-05, -3.63e-05, -2.86e-05, -3.74e-05, -6.16e-05, -5.28e-05, -3.85e-05, -3.85e-05, -3.63e-05, -5.5e-05, -5.39e-05, -3.3e-05, -2.64e-05, -2.97e-05, -5.17e-05, -4.9500000000000004e-05, -3.08e-05, -2.86e-05, -3.41e-05, -5.39e-05, -4.9500000000000004e-05, -3.41e-05, -1.98e-05, -4.07e-05, -5.94e-05, -4.18e-05, -2.86e-05, -3.96e-05, -3.96e-05, -5.72e-05, -5.28e-05, -4.5100000000000005e-05, -2.2e-05, -3.41e-05, -5.83e-05, -3.85e-05, -2.97e-05, -2.97e-05, -3.74e-05, -5.72e-05, -5.0600000000000003e-05, -3.19e-05, -2.64e-05, -3.52e-05, -5.72e-05, -5.0600000000000003e-05, -3.85e-05, -3.41e-05, -4.5100000000000005e-05, -4.4e-05, -5.39e-05, -3.85e-05, -2.64e-05, -4.4e-05, -5.0600000000000003e-05, -4.6200000000000005e-05, -2.97e-05, -3.3e-05, -3.19e-05, -4.8400000000000004e-05, -5.5e-05, -2.3100000000000002e-05, -1.98e-05, -3.08e-05, -5.72e-05, -5.28e-05, -4.4e-05, -2.3100000000000002e-05, -3.74e-05, -4.18e-05, -4.7300000000000005e-05, -3.3e-05, -2.5300000000000002e-05, -4.4e-05, -4.5100000000000005e-05, -3.96e-05, -3.3e-05, -2.86e-05, -3.52e-05, -5.39e-05, -5.5e-05, -3.19e-05, -2.75e-05, -4.07e-05, -5.0600000000000003e-05, -5.0600000000000003e-05, -2.75e-05, -3.08e-05, -3.74e-05, -5.17e-05, -4.4e-05, -4.29e-05, -1.87e-05, -3.74e-05, -6.27e-05, -4.8400000000000004e-05, -2.75e-05, -2.97e-05, -3.85e-05, -4.9500000000000004e-05, -5.39e-05, -3.96e-05, -4.07e-05, -3.96e-05, -6.93e-05, -5.39e-05, -3.41e-05, -2.75e-05, -3.3e-05, -4.7300000000000005e-05, -5.17e-05, -2.86e-05, -1.98e-05, -4.07e-05, -5.83e-05, -5.72e-05, -3.52e-05, -3.19e-05, -3.63e-05, -5.72e-05, -4.9500000000000004e-05, -3.74e-05, -2.4200000000000002e-05, -4.6200000000000005e-05, -5.5e-05, -5.61e-05, -4.07e-05, -2.86e-05, -3.52e-05, -5.17e-05, -4.9500000000000004e-05, -4.29e-05, -3.08e-05, -3.85e-05, -5.17e-05, -4.9500000000000004e-05, -4.18e-05, -2.97e-05, -3.19e-05, -4.18e-05, -5.28e-05, -3.41e-05, -3.08e-05, -4.29e-05, -5.0600000000000003e-05, -5.28e-05, -2.86e-05, -3.41e-05, -3.19e-05, -5.72e-05, -5.0600000000000003e-05, -3.74e-05, -2.75e-05, -4.29e-05, -6.16e-05, -5.0600000000000003e-05, -4.29e-05, -3.85e-05, -3.85e-05, -5.28e-05, -5.28e-05, -3.96e-05, -2.09e-05, -3.41e-05, -5.5e-05, -5.28e-05, -3.52e-05, -2.4200000000000002e-05, -3.63e-05, -5.28e-05, -5.83e-05, -3.08e-05, -1.98e-05, -3.74e-05, -4.7300000000000005e-05, -5.39e-05, -3.96e-05, -3.3e-05, -3.52e-05, -5.28e-05, -5.61e-05, -3.63e-05, -2.2e-05, -4.4e-05, -4.7300000000000005e-05, -4.5100000000000005e-05, -3.19e-05, -3.3e-05, -3.85e-05, -4.8400000000000004e-05, -4.5100000000000005e-05, -3.63e-05, -2.97e-05, -4.07e-05, -4.4e-05, -5.72e-05, -3.63e-05, -2.5300000000000002e-05, -3.85e-05, -5.0600000000000003e-05, -5.39e-05, -3.41e-05, -3.63e-05, -2.97e-05, -5.17e-05, -4.7300000000000005e-05, -3.3e-05, -2.97e-05, -4.9500000000000004e-05, -5.61e-05, -5.17e-05, -3.96e-05, -3.63e-05, -4.29e-05, -5.28e-05, -6.49e-05, -3.41e-05, -3.41e-05, -3.63e-05, -5.5e-05, -4.7300000000000005e-05, -3.85e-05, -2.86e-05, -4.4e-05, -4.7300000000000005e-05, -5.39e-05, -3.19e-05, -3.41e-05, -3.19e-05, -5.39e-05, -6.16e-05, -4.07e-05, -2.86e-05, -3.96e-05, -5.17e-05, -4.7300000000000005e-05, -3.3e-05]","[-0.00019800000000000002, -0.0001518, -0.0001309, -0.00018260000000000002, -0.0002156, -0.00019800000000000002, -0.000143, -0.0001386, -0.00018150000000000002, -0.0002167, -0.00019910000000000001, -0.000143, -0.0001386, -0.00019250000000000002, -0.0002233, -0.00019250000000000002, -0.0001485, -0.000143, -0.00018480000000000002, -0.0002178, -0.00019690000000000002, -0.0001507, -0.0001386, -0.00018040000000000002, -0.00020240000000000001, -0.00019030000000000002, -0.0001441, -0.0001309, -0.00019140000000000002, -0.0002233, -0.00019470000000000002, -0.000143, -0.0001386, -0.00018480000000000002, -0.0002145, -0.00019360000000000002, -0.000154, -0.0001463, -0.00017710000000000002, -0.0002123, -0.0002035, -0.0001474, -0.0001397, -0.00018150000000000002, -0.0002145, -0.00019360000000000002, -0.000143, -0.0001485, -0.00018480000000000002, -0.0002101, -0.00019690000000000002, -0.0001551, -0.0001386, -0.00018370000000000002, -0.0002156, -0.00019470000000000002, -0.0001441, -0.0001474, -0.0001749, -0.0002189, -0.00019690000000000002, -0.0001529, -0.0001353, -0.00017820000000000002, -0.0002112, -0.00019470000000000002, -0.0001441, -0.0001441, -0.00018480000000000002, -0.0002145, -0.00019030000000000002, -0.0001474, -0.0001353, -0.00018700000000000002, -0.0002134, -0.00020130000000000001, -0.0001419, -0.0001342, -0.00018040000000000002, -0.0002167, -0.00018590000000000002, -0.0001485, -0.0001298, -0.0001727, -0.0002057, -0.00019250000000000002, -0.0001529, -0.0001309, -0.000176, -0.0002167, -0.00019580000000000002, -0.0001463, -0.0001397, -0.00018480000000000002, -0.00022, -0.00018810000000000002, -0.0001463, -0.0001364, -0.00018810000000000002, -0.0002079, -0.00019360000000000002, -0.0001474, -0.000143, -0.00019470000000000002, -0.00022, -0.00019030000000000002, -0.000143, -0.000143, -0.000176, -0.0002123, -0.00018590000000000002, -0.0001529, -0.0001507, -0.00018150000000000002, -0.0002156, -0.00019470000000000002, -0.0001408, -0.0001364, -0.00019800000000000002, -0.0002211, -0.00019250000000000002, -0.0001397, -0.000143, -0.0001749, -0.0002101, -0.00019360000000000002, -0.000143, -0.0001364, -0.00018810000000000002, -0.0002101, -0.00020130000000000001, -0.0001496, -0.0001452, -0.0001727, -0.000209, -0.00019800000000000002, -0.000143, -0.0001287, -0.00019030000000000002, -0.0002178, -0.0002057, -0.0001529, -0.0001375, -0.00019360000000000002, -0.0002167, -0.00019800000000000002, -0.0001474, -0.0001331, -0.00018920000000000002, -0.0002112, -0.00019470000000000002, -0.000143, -0.0001474, -0.00017710000000000002, -0.0002101, -0.00019030000000000002, -0.0001463, -0.0001408, -0.00019470000000000002, -0.0002046, -0.00019360000000000002, -0.0001507, -0.0001375, -0.00019030000000000002, -0.000209, -0.00018700000000000002, -0.0001375, -0.0001375, -0.00018700000000000002, -0.0002123, -0.00019250000000000002, -0.0001474, -0.0001463, -0.000176, -0.000209, -0.0002035, -0.000143, -0.0001364, -0.00018040000000000002, -0.0002244, -0.00019470000000000002, -0.000143, -0.0001474, -0.00018040000000000002, -0.0002123, -0.00018810000000000002, -0.000143, -0.0001287, -0.00018260000000000002, -0.0002156, -0.00019250000000000002, -0.0001397, -0.0001463, -0.00018370000000000002, -0.0002035, -0.00019360000000000002, -0.0001342, -0.0001364, -0.00017930000000000002, -0.0002266, -0.00019690000000000002, -0.0001441, -0.0001397, -0.00018040000000000002, -0.0002167, -0.00019580000000000002, -0.0001474, -0.0001375, -0.00018590000000000002, -0.0002244, -0.00019250000000000002, -0.0001441, -0.000143, -0.00018150000000000002, -0.0002178, -0.00018700000000000002, -0.0001463, -0.000132, -0.00018700000000000002, -0.000209, -0.00019580000000000002, -0.0001551, -0.0001375, -0.00018480000000000002, -0.0002156, -0.00019910000000000001, -0.0001562, -0.0001386, -0.00018920000000000002, -0.0002134, -0.00019580000000000002, -0.0001452, -0.0001496, -0.00019360000000000002, -0.00022, -0.00019470000000000002, -0.0001485, -0.0001342, -0.0001749, -0.0002244, -0.00019690000000000002, -0.0001507, -0.0001375, -0.00018700000000000002, -0.0002134, -0.00019030000000000002, -0.0001496, -0.0001342, -0.00017930000000000002, -0.000209, -0.00019910000000000001, -0.000143, -0.0001452, -0.00019140000000000002, -0.0002145, -0.00019470000000000002, -0.0001496, -0.0001441, -0.0001749, -0.0002211, -0.00019690000000000002, -0.0001441, -0.0001386, -0.00018810000000000002, -0.0002211, -0.00019470000000000002, -0.000143, -0.0001419, -0.00017710000000000002, -0.0002178, -0.00019360000000000002, -0.0001485, -0.000132, -0.00018480000000000002, -0.0002112, -0.00019360000000000002, -0.0001419, -0.0001364, -0.00017820000000000002, -0.00022, -0.00018370000000000002, -0.0001485, -0.0001375, -0.00018150000000000002, -0.0002134, -0.00019580000000000002, -0.0001463, -0.0001397, -0.00018260000000000002, -0.0002145, -0.00019470000000000002, -0.0001551, -0.000143, -0.00018590000000000002, -0.0002167, -0.00020240000000000001, -0.0001496, -0.0001419, -0.00018590000000000002, -0.000209, -0.00018480000000000002, -0.0001507, -0.0001364, -0.00018810000000000002, -0.0002189, -0.00019580000000000002, -0.0001474, -0.0001408, -0.00018040000000000002, -0.0002112, -0.00019690000000000002, -0.0001353, -0.0001386, -0.00018700000000000002, -0.0002134, -0.00019690000000000002, -0.0001551, -0.0001353, -0.00018810000000000002, -0.0002167, -0.00019690000000000002, -0.0001375, -0.0001364, -0.00018590000000000002, -0.0002145, -0.00019250000000000002, -0.0001463, -0.000132, -0.00018810000000000002, -0.0002178, -0.00019800000000000002, -0.000143, -0.0001397, -0.00019910000000000001, -0.0002222, -0.00020020000000000001, -0.0001342, -0.000143, -0.00018260000000000002, -0.0002167, -0.00019580000000000002, -0.0001463, -0.0001287, -0.00017930000000000002, -0.0002145, -0.00019140000000000002, -0.0001518, -0.0001309, -0.00018370000000000002, -0.0002167, -0.00019030000000000002, -0.0001441, -0.0001331, -0.00018810000000000002, -0.00022, -0.00019690000000000002, -0.0001375, -0.0001298, -0.00018370000000000002, -0.0002123, -0.00019910000000000001, -0.000154, -0.0001397, -0.00018040000000000002, -0.000209, -0.0002035, -0.0001452, -0.0001386, -0.00018810000000000002, -0.0002134, -0.00018810000000000002, -0.000154, -0.0001485, -0.00018150000000000002, -0.0002145, -0.00019580000000000002, -0.0001353, -0.0001309, -0.00018810000000000002, -0.0002123, -0.00018810000000000002, -0.0001507, -0.0001441, -0.00017710000000000002, -0.0002123, -0.0002035, -0.0001518, -0.0001353, -0.00018700000000000002, -0.0002167, -0.00019360000000000002, -0.0001419, -0.0001397, -0.00018370000000000002, -0.0002145, -0.00020020000000000001, -0.0001441, -0.0001342, -0.00018260000000000002, -0.0002244, -0.00019140000000000002, -0.0001529, -0.0001331, -0.00018810000000000002, -0.0002189, -0.00019360000000000002, -0.0001441, -0.0001441, -0.00018040000000000002, -0.0002178, -0.00019250000000000002, -0.0001485, -0.000143, -0.00018700000000000002, -0.0002123, -0.00019800000000000002, -0.0001496, -0.0001298, -0.00018040000000000002, -0.0002156, -0.00019580000000000002, -0.0001551, -0.0001386, -0.00018150000000000002, -0.0002178, -0.00018920000000000002, -0.0001419, -0.0001386, -0.00018370000000000002, -0.0002068, -0.00019580000000000002, -0.0001573, -0.0001353, -0.000176, -0.0002156, -0.00019470000000000002, -0.0001463, -0.0001309, -0.0001727, -0.0002156, -0.00019030000000000002, -0.0001507, -0.000143, -0.00018150000000000002, -0.0002123, -0.00018700000000000002, -0.0001408, -0.0001364, -0.000176, -0.0002167, -0.00019800000000000002, -0.0001529, -0.0001441, -0.00019140000000000002, -0.0002156, -0.00020130000000000001, -0.0001364, -0.0001452, -0.00018480000000000002, -0.00020130000000000001, -0.00019250000000000002, -0.0001441, -0.0001353, -0.00018810000000000002, -0.0002178, -0.00020020000000000001, -0.0001419, -0.0001408, -0.00018590000000000002, -0.0002167, -0.00020020000000000001, -0.0001496, -0.0001474, -0.00019030000000000002, -0.0002112, -0.00018590000000000002, -0.0001408, -0.0001364, -0.00018810000000000002, -0.0002112, -0.00019250000000000002, -0.0001408, -0.0001452, -0.00017820000000000002, -0.0002277, -0.00019580000000000002, -0.000143, -0.0001441, -0.00018920000000000002, -0.0002145, -0.00019910000000000001, -0.0001452, -0.0001397, -0.00019250000000000002, -0.0002277, -0.00019800000000000002, -0.000143, -0.0001408, -0.00018700000000000002, -0.0002123]","[0.0007183000000000001, 0.0003498, 0.00037400000000000004, 0.0007271000000000001, 0.0009328, 0.000715, 0.00035420000000000004, 0.00036080000000000004, 0.0007293, 0.0009317, 0.0007161, 0.0003509, 0.0003619, 0.0007348000000000001, 0.0009317, 0.0007128000000000001, 0.0003465, 0.00036080000000000004, 0.0007392000000000001, 0.0009350000000000001, 0.0007139000000000001, 0.0003487, 0.0003641, 0.000737, 0.0009317, 0.0007117, 0.00036300000000000004, 0.0003531, 0.0007315, 0.0009405, 0.0007128000000000001, 0.0003465, 0.00036740000000000004, 0.0007381, 0.0009273, 0.0007227000000000001, 0.0003498, 0.0003663, 0.0007337, 0.0009273, 0.0007172000000000001, 0.0003575, 0.0003641, 0.0007337, 0.0009273, 0.0007128000000000001, 0.0003476, 0.00036520000000000004, 0.0007436000000000001, 0.0009361, 0.0007007000000000001, 0.000341, 0.0003751, 0.000737, 0.0009427000000000001, 0.0007062, 0.000341, 0.0003641, 0.0007348000000000001, 0.0009295000000000001, 0.0007018, 0.0003399, 0.0003619, 0.0007271000000000001, 0.0009339000000000001, 0.0007095000000000001, 0.0003388, 0.00037180000000000004, 0.000737, 0.0009218000000000001, 0.0007117, 0.0003443, 0.0003685, 0.0007359, 0.0009339000000000001, 0.0007205, 0.0003487, 0.00037180000000000004, 0.0007447, 0.0009427000000000001, 0.0007084000000000001, 0.0003432, 0.0003553, 0.0007458, 0.0009262000000000001, 0.0007139000000000001, 0.0003454, 0.0003575, 0.0007524000000000001, 0.0009394000000000001, 0.0007106, 0.0003509, 0.0003685, 0.0007315, 0.0009427000000000001, 0.0007062, 0.00036080000000000004, 0.00036080000000000004, 0.0007392000000000001, 0.0009284, 0.0007183000000000001, 0.0003465, 0.0003575, 0.0007326, 0.000924, 0.0007106, 0.0003465, 0.0003663, 0.0007326, 0.0009328, 0.0007117, 0.0003498, 0.00036520000000000004, 0.0007304000000000001, 0.0009350000000000001, 0.0007172000000000001, 0.0003487, 0.00036080000000000004, 0.0007359, 0.0009449, 0.0007095000000000001, 0.00035420000000000004, 0.00036300000000000004, 0.0007293, 0.0009317, 0.0007084000000000001, 0.0003487, 0.0003751, 0.0007425, 0.0009262000000000001, 0.0007139000000000001, 0.0003333, 0.00037620000000000004, 0.0007359, 0.0009361, 0.0007161, 0.0003531, 0.0003619, 0.0007293, 0.0009262000000000001, 0.0007161, 0.0003421, 0.00037180000000000004, 0.0007392000000000001, 0.0009350000000000001, 0.0007018, 0.0003443, 0.00037400000000000004, 0.0007315, 0.0009339000000000001, 0.0007139000000000001, 0.0003355, 0.0003663, 0.0007414, 0.0009328, 0.0007051000000000001, 0.0003487, 0.0003597, 0.0007414, 0.0009306000000000001, 0.0007095000000000001, 0.0003432, 0.0003597, 0.0007447, 0.0009262000000000001, 0.0007106, 0.0003432, 0.0003641, 0.0007480000000000001, 0.0009328, 0.0007106, 0.0003443, 0.00036300000000000004, 0.0007326, 0.0009251000000000001, 0.000715, 0.0003509, 0.0003663, 0.0007392000000000001, 0.0009306000000000001, 0.0007139000000000001, 0.0003465, 0.0003795, 0.0007326, 0.0009295000000000001, 0.0007029, 0.0003498, 0.0003531, 0.0007315, 0.0009339000000000001, 0.000715, 0.0003399, 0.0003663, 0.0007458, 0.0009207000000000001, 0.000715, 0.0003454, 0.00037180000000000004, 0.0007458, 0.0009361, 0.0007106, 0.0003553, 0.00036080000000000004, 0.0007381, 0.0009306000000000001, 0.000715, 0.0003443, 0.00035860000000000004, 0.0007447, 0.0009218000000000001, 0.0007062, 0.0003465, 0.0003729, 0.0007392000000000001, 0.0009328, 0.0007128000000000001, 0.0003399, 0.0003707, 0.0007425, 0.0009361, 0.0007073, 0.000352, 0.00037400000000000004, 0.0007348000000000001, 0.0009383000000000001, 0.000715, 0.0003432, 0.00036960000000000004, 0.0007414, 0.0009394000000000001, 0.0007139000000000001, 0.0003465, 0.0003685, 0.0007414, 0.0009350000000000001, 0.0007139000000000001, 0.0003432, 0.00036520000000000004, 0.0007425, 0.0009306000000000001, 0.0007095000000000001, 0.0003443, 0.0003729, 0.0007348000000000001, 0.0009328, 0.0007128000000000001, 0.0003487, 0.00036520000000000004, 0.0007392000000000001, 0.0009350000000000001, 0.0007073, 0.0003421, 0.00036740000000000004, 0.0007359, 0.0009328, 0.000704, 0.0003443, 0.00036740000000000004, 0.0007337, 0.000924, 0.000704, 0.0003344, 0.0003597, 0.0007458, 0.0009284, 0.0007117, 0.0003476, 0.0003663, 0.0007282, 0.0009350000000000001, 0.0007106, 0.0003388, 0.00036300000000000004, 0.0007381, 0.0009317, 0.0007051000000000001, 0.0003443, 0.0003729, 0.0007491, 0.0009317, 0.0007172000000000001, 0.0003322, 0.00036740000000000004, 0.0007436000000000001, 0.0009383000000000001, 0.0007084000000000001, 0.0003498, 0.00036300000000000004, 0.0007425, 0.0009383000000000001, 0.0007007000000000001, 0.0003509, 0.00036960000000000004, 0.0007381, 0.0009482000000000001, 0.0007106, 0.0003531, 0.00036300000000000004, 0.0007524000000000001, 0.0009372, 0.0007106, 0.000352, 0.00037620000000000004, 0.0007282, 0.0009339000000000001, 0.0007062, 0.0003531, 0.00036300000000000004, 0.0007480000000000001, 0.0009361, 0.0007029, 0.0003498, 0.0003641, 0.0007304000000000001, 0.0009372, 0.0007062, 0.0003443, 0.00037180000000000004, 0.0007436000000000001, 0.0009284, 0.0007117, 0.0003509, 0.00036740000000000004, 0.0007359, 0.000924, 0.0006985, 0.0003443, 0.00036960000000000004, 0.0007260000000000001, 0.0009284, 0.0007051000000000001, 0.0003421, 0.0003729, 0.0007425, 0.0009295000000000001, 0.0007117, 0.0003509, 0.00036520000000000004, 0.0007414, 0.0009295000000000001, 0.0007128000000000001, 0.0003454, 0.00036960000000000004, 0.0007260000000000001, 0.0009218000000000001, 0.0007073, 0.0003454, 0.0003663, 0.000737, 0.0009273, 0.0006963000000000001, 0.0003498, 0.00036960000000000004, 0.0007271000000000001, 0.0009295000000000001, 0.0007084000000000001, 0.0003377, 0.0003685, 0.0007502, 0.0009350000000000001, 0.0007007000000000001, 0.0003421, 0.0003707, 0.0007469, 0.0009317, 0.0007007000000000001, 0.0003432, 0.00037400000000000004, 0.0007436000000000001, 0.0009251000000000001, 0.0006974, 0.0003333, 0.00036740000000000004, 0.0007326, 0.0009383000000000001, 0.0007018, 0.0003399, 0.00036740000000000004, 0.0007359, 0.0009328, 0.0007051000000000001, 0.0003388, 0.0003707, 0.000737, 0.0009339000000000001, 0.0007007000000000001, 0.0003432, 0.0003663, 0.0007425, 0.0009273, 0.0007051000000000001, 0.0003465, 0.0003707, 0.0007491, 0.0009295000000000001, 0.0007139000000000001, 0.0003355, 0.0003619, 0.0007502, 0.0009317, 0.000704, 0.000352, 0.00037840000000000004, 0.0007469, 0.0009372, 0.0007128000000000001, 0.0003454, 0.00036960000000000004, 0.0007414, 0.0009394000000000001, 0.0007095000000000001, 0.0003476, 0.00037840000000000004, 0.0007381, 0.0009284, 0.0007161, 0.0003509, 0.0003773, 0.0007447, 0.0009306000000000001, 0.0007139000000000001, 0.0003399, 0.00037620000000000004, 0.0007392000000000001, 0.0009394000000000001, 0.0007084000000000001, 0.0003399, 0.0003707, 0.0007414, 0.0009306000000000001, 0.0007128000000000001, 0.0003476, 0.0003685, 0.0007513, 0.0009394000000000001, 0.0006996, 0.0003322, 0.00038060000000000004, 0.0007414, 0.0009449, 0.0007205, 0.0003443, 0.00037180000000000004, 0.000737, 0.0009339000000000001, 0.0007018, 0.0003443, 0.0003729, 0.0007359, 0.0009317, 0.0007084000000000001, 0.0003322, 0.00037180000000000004, 0.0007436000000000001, 0.000924, 0.0007073, 0.0003465, 0.00037400000000000004, 0.0007513, 0.0009328, 0.0007029, 0.0003465, 0.0003641, 0.0007326, 0.0009284, 0.0007073, 0.0003531, 0.0003641, 0.0007414, 0.0009317, 0.0007128000000000001, 0.000341, 0.00037840000000000004, 0.0007469, 0.0009361, 0.0006952, 0.0003311, 0.00035860000000000004, 0.0007513, 0.000924, 0.0007106, 0.0003465, 0.0003663, 0.000737, 0.0009317, 0.0007029, 0.0003421, 0.00037400000000000004, 0.0007436000000000001, 0.0009350000000000001, 0.0007117, 0.0003355, 0.00037400000000000004, 0.0007491, 0.0009306000000000001, 0.0007095000000000001, 0.0003366, 0.00037180000000000004, 0.0007469, 0.0009427000000000001]",-2
34,"[-4.18e-05, -2.97e-05, -4.8400000000000004e-05, -4.9500000000000004e-05, -4.7300000000000005e-05, -3.96e-05, -3.74e-05, -5.0600000000000003e-05, -4.9500000000000004e-05, -5.83e-05, -4.18e-05, -3.41e-05, -3.96e-05, -4.8400000000000004e-05, -5.17e-05, -4.29e-05, -3.74e-05, -3.96e-05, -6.16e-05, -5.5e-05, -3.85e-05, -3.3e-05, -4.5100000000000005e-05, -5.17e-05, -5.28e-05, -4.29e-05, -3.52e-05, -3.63e-05, -6.71e-05, -5.61e-05, -3.85e-05, -3.08e-05, -4.5100000000000005e-05, -4.8400000000000004e-05, -6.49e-05, -4.9500000000000004e-05, -4.18e-05, -4.5100000000000005e-05, -6.38e-05, -6.49e-05, -4.07e-05, -4.4e-05, -3.41e-05, -4.8400000000000004e-05, -5.72e-05, -5.0600000000000003e-05, -4.07e-05, -3.96e-05, -6.49e-05, -6.16e-05, -4.7300000000000005e-05, -3.52e-05, -4.9500000000000004e-05, -4.6200000000000005e-05, -6.05e-05, -4.8400000000000004e-05, -3.63e-05, -4.4e-05, -5.28e-05, -5.94e-05, -4.6200000000000005e-05, -3.3e-05, -4.6200000000000005e-05, -5.83e-05, -5.72e-05, -4.7300000000000005e-05, -2.64e-05, -4.7300000000000005e-05, -4.4e-05, -5.17e-05, -4.4e-05, -3.08e-05, -4.18e-05, -5.72e-05, -5.72e-05, -3.74e-05, -4.29e-05, -4.4e-05, -5.94e-05, -5.94e-05, -4.07e-05, -2.86e-05, -5.39e-05, -4.8400000000000004e-05, -5.28e-05, -4.29e-05, -4.18e-05, -4.5100000000000005e-05, -5.94e-05, -5.83e-05, -4.8400000000000004e-05, -3.96e-05, -3.41e-05, -6.27e-05, -5.94e-05, -3.85e-05, -3.63e-05, -3.96e-05, -5.83e-05, -6.16e-05, -5.28e-05, -3.08e-05, -3.96e-05, -5.83e-05, -5.0600000000000003e-05, -4.07e-05, -3.96e-05, -4.7300000000000005e-05, -6.49e-05, -6.38e-05, -3.52e-05, -3.74e-05, -4.4e-05, -6.05e-05, -5.5e-05, -4.4e-05, -2.97e-05, -4.29e-05, -5.5e-05, -5.5e-05, -5.17e-05, -3.19e-05, -4.07e-05, -6.05e-05, -6.93e-05, -4.8400000000000004e-05, -2.86e-05, -3.85e-05, -5.28e-05, -5.83e-05, -5.17e-05, -3.41e-05, -4.07e-05, -5.94e-05, -6.05e-05, -4.29e-05, -3.3e-05, -4.7300000000000005e-05, -4.7300000000000005e-05, -5.28e-05, -4.7300000000000005e-05, -3.85e-05, -4.6200000000000005e-05, -5.5e-05, -5.17e-05, -4.07e-05, -3.74e-05, -4.4e-05, -5.94e-05, -5.5e-05, -5.0600000000000003e-05, -3.52e-05, -4.07e-05, -6.49e-05, -5.17e-05, -4.9500000000000004e-05, -3.08e-05, -3.96e-05, -5.72e-05, -5.5e-05, -4.9500000000000004e-05, -3.63e-05, -5.39e-05, -5.5e-05, -6.38e-05, -3.85e-05, -2.64e-05, -4.9500000000000004e-05, -5.83e-05, -5.39e-05, -4.07e-05, -4.18e-05, -3.96e-05, -5.28e-05, -6.05e-05, -3.96e-05, -3.08e-05, -5.39e-05, -6.05e-05, -5.0600000000000003e-05, -4.4e-05, -3.63e-05, -4.07e-05, -5.72e-05, -6.16e-05, -4.07e-05, -3.74e-05, -3.85e-05, -5.0600000000000003e-05, -6.27e-05, -4.5100000000000005e-05, -2.97e-05, -3.63e-05, -5.83e-05, -6.05e-05, -4.9500000000000004e-05, -2.4200000000000002e-05, -3.74e-05, -6.93e-05, -6.6e-05, -4.5100000000000005e-05, -3.08e-05, -3.63e-05, -6.6e-05, -5.17e-05, -5.17e-05, -3.08e-05, -4.8400000000000004e-05, -5.72e-05, -4.8400000000000004e-05, -3.63e-05, -2.64e-05, -3.85e-05, -6.05e-05, -5.28e-05, -4.9500000000000004e-05, -3.63e-05, -3.63e-05, -5.61e-05, -5.39e-05, -4.07e-05, -3.08e-05, -4.29e-05, -5.5e-05, -6.16e-05, -4.29e-05, -3.63e-05, -5.0600000000000003e-05, -5.72e-05, -5.17e-05, -2.97e-05, -3.19e-05, -4.4e-05, -6.16e-05, -5.83e-05, -5.17e-05, -2.97e-05, -3.63e-05, -4.8400000000000004e-05, -4.9500000000000004e-05, -4.18e-05, -3.3e-05, -4.07e-05, -6.82e-05, -4.8400000000000004e-05, -3.96e-05, -3.85e-05, -4.18e-05, -5.5e-05, -6.27e-05, -4.4e-05, -3.74e-05, -3.96e-05, -4.9500000000000004e-05, -5.5e-05, -5.17e-05, -3.19e-05, -3.74e-05, -5.94e-05, -5.83e-05, -3.74e-05, -3.41e-05, -4.8400000000000004e-05, -5.72e-05, -5.61e-05, -3.85e-05, -3.52e-05, -4.18e-05, -5.72e-05, -5.39e-05, -4.6200000000000005e-05, -3.41e-05, -3.85e-05, -5.94e-05, -5.94e-05, -5.17e-05, -3.19e-05, -4.07e-05, -6.05e-05, -5.5e-05, -3.85e-05, -3.52e-05, -4.4e-05, -5.94e-05, -5.83e-05, -3.74e-05, -3.85e-05, -4.6200000000000005e-05, -5.83e-05, -5.17e-05, -3.08e-05, -3.52e-05, -5.0600000000000003e-05, -6.16e-05, -5.72e-05, -4.4e-05, -3.41e-05, -4.29e-05, -4.9500000000000004e-05, -5.83e-05, -3.96e-05, -3.08e-05, -5.61e-05, -6.6e-05, -5.94e-05, -4.18e-05, -3.85e-05, -4.7300000000000005e-05, -5.61e-05, -5.0600000000000003e-05, -3.08e-05, -3.08e-05, -3.63e-05, -5.94e-05, -5.94e-05, -4.07e-05, -2.4200000000000002e-05, -5.0600000000000003e-05, -5.17e-05, -5.17e-05, -4.07e-05, -3.96e-05, -3.96e-05, -5.0600000000000003e-05, -4.9500000000000004e-05, -3.74e-05, -2.86e-05, -3.96e-05, -6.27e-05, -5.61e-05, -4.4e-05, -4.7300000000000005e-05, -4.4e-05, -5.5e-05, -6.27e-05, -4.4e-05, -3.52e-05, -4.18e-05, -5.28e-05, -5.28e-05, -4.4e-05, -3.41e-05, -3.08e-05, -5.17e-05, -4.8400000000000004e-05, -5.5e-05, -2.97e-05, -4.5100000000000005e-05, -6.27e-05, -5.17e-05, -3.85e-05, -2.86e-05, -3.96e-05, -6.16e-05, -6.27e-05, -3.96e-05, -3.08e-05, -4.29e-05, -6.93e-05, -6.16e-05, -4.18e-05, -3.19e-05, -4.29e-05, -5.5e-05, -5.39e-05, -5.28e-05, -3.96e-05, -4.5100000000000005e-05, -4.8400000000000004e-05, -4.8400000000000004e-05, -3.63e-05, -2.86e-05, -3.74e-05, -6.16e-05, -6.6e-05, -3.85e-05, -3.41e-05, -3.85e-05, -5.72e-05, -6.05e-05, -4.7300000000000005e-05, -3.08e-05, -5.17e-05, -4.6200000000000005e-05, -6.38e-05, -3.63e-05, -3.63e-05, -4.18e-05, -6.05e-05, -5.39e-05, -4.5100000000000005e-05, -3.08e-05, -3.52e-05, -6.05e-05, -5.61e-05, -4.7300000000000005e-05, -2.86e-05, -4.5100000000000005e-05, -6.16e-05, -5.83e-05, -3.85e-05, -2.97e-05, -4.7300000000000005e-05, -4.5100000000000005e-05, -5.72e-05, -4.29e-05, -3.3e-05, -4.07e-05, -5.0600000000000003e-05, -5.72e-05, -4.18e-05, -3.19e-05, -4.4e-05, -4.5100000000000005e-05, -4.7300000000000005e-05, -3.74e-05, -3.52e-05, -3.3e-05, -5.72e-05, -5.83e-05, -4.8400000000000004e-05, -3.63e-05, -4.8400000000000004e-05, -5.39e-05, -4.9500000000000004e-05, -4.29e-05, -3.74e-05, -5.0600000000000003e-05, -4.7300000000000005e-05, -5.39e-05, -4.5100000000000005e-05, -2.4200000000000002e-05, -4.18e-05, -5.72e-05, -5.39e-05, -4.9500000000000004e-05, -3.74e-05, -4.29e-05, -5.5e-05, -6.6e-05, -4.5100000000000005e-05, -3.08e-05, -4.4e-05, -6.6e-05, -6.6e-05, -4.7300000000000005e-05, -2.64e-05, -3.08e-05, -5.17e-05, -5.5e-05, -4.7300000000000005e-05, -2.64e-05, -4.4e-05, -5.72e-05, -6.27e-05, -4.07e-05, -3.74e-05, -4.5100000000000005e-05, -5.61e-05, -5.94e-05, -4.7300000000000005e-05, -4.18e-05, -3.85e-05, -5.17e-05, -5.94e-05, -5.39e-05, -2.4200000000000002e-05, -4.8400000000000004e-05, -6.16e-05, -5.83e-05, -4.8400000000000004e-05, -3.63e-05, -3.3e-05, -5.17e-05, -5.83e-05, -4.4e-05, -3.85e-05, -5.39e-05, -5.94e-05, -6.16e-05, -4.5100000000000005e-05, -4.8400000000000004e-05, -4.9500000000000004e-05, -6.16e-05, -6.49e-05, -4.9500000000000004e-05, -3.96e-05, -4.29e-05, -5.5e-05, -5.39e-05, -3.96e-05, -3.41e-05, -4.18e-05, -5.5e-05, -6.49e-05, -3.85e-05, -3.63e-05, -4.29e-05, -5.83e-05, -5.94e-05]","[-0.0002101, -0.00019250000000000002, -0.0001397, -0.0001419, -0.00018150000000000002, -0.0002222, -0.00018260000000000002, -0.0001507, -0.0001342, -0.00018480000000000002, -0.00022, -0.00019800000000000002, -0.0001375, -0.0001298, -0.00018260000000000002, -0.0002255, -0.00020240000000000001, -0.0001408, -0.0001441, -0.00019030000000000002, -0.0002156, -0.00018810000000000002, -0.000143, -0.0001364, -0.00019140000000000002, -0.0002145, -0.00019360000000000002, -0.0001463, -0.0001419, -0.00018480000000000002, -0.0002145, -0.00018810000000000002, -0.0001518, -0.0001331, -0.00018150000000000002, -0.0002189, -0.00018590000000000002, -0.0001463, -0.0001375, -0.00018810000000000002, -0.0002134, -0.00019470000000000002, -0.0001452, -0.0001452, -0.00017710000000000002, -0.0002189, -0.00019690000000000002, -0.0001441, -0.000143, -0.00018480000000000002, -0.0002123, -0.0002035, -0.0001364, -0.0001408, -0.00018480000000000002, -0.0002145, -0.00019580000000000002, -0.0001419, -0.0001408, -0.00018700000000000002, -0.0002101, -0.00019360000000000002, -0.0001408, -0.0001386, -0.00018260000000000002, -0.0002156, -0.00018700000000000002, -0.0001419, -0.0001397, -0.00019470000000000002, -0.0002222, -0.00019030000000000002, -0.000143, -0.0001386, -0.00019140000000000002, -0.0002156, -0.00019030000000000002, -0.0001408, -0.0001518, -0.00018810000000000002, -0.0002145, -0.00019910000000000001, -0.0001386, -0.0001353, -0.00019360000000000002, -0.00022, -0.00019470000000000002, -0.0001419, -0.000143, -0.0001749, -0.0002145, -0.00019360000000000002, -0.0001463, -0.0001419, -0.00019250000000000002, -0.0002156, -0.00019690000000000002, -0.0001408, -0.0001496, -0.00018700000000000002, -0.0002123, -0.00019910000000000001, -0.0001408, -0.0001265, -0.00018810000000000002, -0.0002255, -0.00020130000000000001, -0.0001496, -0.0001397, -0.00019250000000000002, -0.0002255, -0.00018810000000000002, -0.0001496, -0.0001331, -0.00018370000000000002, -0.0002189, -0.00020130000000000001, -0.0001419, -0.0001507, -0.00019030000000000002, -0.0002145, -0.00018260000000000002, -0.0001452, -0.000143, -0.00018370000000000002, -0.0002156, -0.00019800000000000002, -0.000143, -0.0001309, -0.00018260000000000002, -0.0002134, -0.00019580000000000002, -0.0001397, -0.0001342, -0.00017820000000000002, -0.0002167, -0.00019250000000000002, -0.0001353, -0.0001441, -0.00018480000000000002, -0.000209, -0.00019030000000000002, -0.0001485, -0.0001397, -0.00017820000000000002, -0.00022, -0.00018370000000000002, -0.0001496, -0.0001265, -0.00018260000000000002, -0.0002156, -0.00019910000000000001, -0.0001507, -0.0001375, -0.00018920000000000002, -0.0002145, -0.00019800000000000002, -0.0001408, -0.0001408, -0.00018700000000000002, -0.0002233, -0.00018480000000000002, -0.0001386, -0.0001441, -0.00019140000000000002, -0.0002035, -0.00019690000000000002, -0.0001397, -0.0001342, -0.00018590000000000002, -0.0002079, -0.00019910000000000001, -0.0001485, -0.0001441, -0.00018810000000000002, -0.0002178, -0.00018480000000000002, -0.0001375, -0.000143, -0.00018480000000000002, -0.0002255, -0.00019690000000000002, -0.0001485, -0.0001342, -0.00018040000000000002, -0.000209, -0.00018920000000000002, -0.0001485, -0.0001419, -0.00018700000000000002, -0.0002134, -0.00019030000000000002, -0.0001474, -0.0001364, -0.00019140000000000002, -0.0002167, -0.00019250000000000002, -0.0001518, -0.0001276, -0.00018810000000000002, -0.00019910000000000001, -0.00019470000000000002, -0.0001441, -0.0001331, -0.00018040000000000002, -0.0002079, -0.00019580000000000002, -0.000143, -0.0001364, -0.00018590000000000002, -0.0002222, -0.00019250000000000002, -0.0001474, -0.0001485, -0.00018700000000000002, -0.0002101, -0.00019360000000000002, -0.0001441, -0.0001452, -0.00018040000000000002, -0.0002112, -0.00019470000000000002, -0.0001342, -0.0001397, -0.00018700000000000002, -0.0002189, -0.00019580000000000002, -0.000143, -0.0001463, -0.00018590000000000002, -0.0002112, -0.00018920000000000002, -0.0001507, -0.0001375, -0.00019140000000000002, -0.0002145, -0.00019690000000000002, -0.0001452, -0.0001386, -0.00018590000000000002, -0.0002101, -0.00019030000000000002, -0.0001496, -0.0001331, -0.00018810000000000002, -0.0002189, -0.00018920000000000002, -0.0001496, -0.0001298, -0.00019140000000000002, -0.0002233, -0.00020240000000000001, -0.0001353, -0.0001408, -0.00019360000000000002, -0.0002156, -0.00019250000000000002, -0.0001485, -0.0001441, -0.00018150000000000002, -0.0002068, -0.00019800000000000002, -0.0001408, -0.0001342, -0.00018260000000000002, -0.0002101, -0.00018810000000000002, -0.000143, -0.000143, -0.00018810000000000002, -0.000209, -0.00019580000000000002, -0.000143, -0.0001408, -0.00018920000000000002, -0.00022, -0.00019140000000000002, -0.0001485, -0.0001342, -0.00018480000000000002, -0.0002222, -0.00019140000000000002, -0.0001441, -0.0001364, -0.00018700000000000002, -0.0002145, -0.00019470000000000002, -0.0001342, -0.0001331, -0.00019140000000000002, -0.00022, -0.00018920000000000002, -0.000143, -0.000132, -0.00019140000000000002, -0.0002046, -0.00019690000000000002, -0.0001551, -0.0001375, -0.00018480000000000002, -0.0002134, -0.00019470000000000002, -0.0001463, -0.0001397, -0.00017930000000000002, -0.0002057, -0.00018480000000000002, -0.0001419, -0.0001386, -0.00018920000000000002, -0.00022, -0.00018810000000000002, -0.0001408, -0.0001386, -0.00018480000000000002, -0.0002134, -0.00018590000000000002, -0.0001463, -0.0001463, -0.00018590000000000002, -0.0002189, -0.00018810000000000002, -0.0001419, -0.0001386, -0.00018700000000000002, -0.0002145, -0.00019250000000000002, -0.0001309, -0.0001551, -0.00018480000000000002, -0.0002156, -0.00019250000000000002, -0.0001507, -0.000143, -0.00018590000000000002, -0.0002233, -0.00019360000000000002, -0.0001573, -0.0001375, -0.00018150000000000002, -0.0002167, -0.00019580000000000002, -0.0001397, -0.0001408, -0.00017710000000000002, -0.0002244, -0.00019470000000000002, -0.0001419, -0.0001408, -0.00018260000000000002, -0.0002068, -0.00020020000000000001, -0.000143, -0.0001353, -0.00018150000000000002, -0.0002178, -0.00019250000000000002, -0.000143, -0.0001419, -0.00018810000000000002, -0.0002156, -0.00018480000000000002, -0.0001419, -0.0001386, -0.00017930000000000002, -0.0002167, -0.00019470000000000002, -0.0001507, -0.0001375, -0.00019030000000000002, -0.0002145, -0.00018480000000000002, -0.0001518, -0.0001419, -0.00019030000000000002, -0.0002211, -0.00019030000000000002, -0.0001419, -0.0001485, -0.00019470000000000002, -0.0002211, -0.00019580000000000002, -0.0001397, -0.0001386, -0.00018810000000000002, -0.0002057, -0.00020240000000000001, -0.0001441, -0.0001463, -0.00019030000000000002, -0.0002112, -0.00018920000000000002, -0.0001441, -0.0001364, -0.00018700000000000002, -0.0002057, -0.00019910000000000001, -0.000154, -0.0001364, -0.00019030000000000002, -0.0002178, -0.00019360000000000002, -0.0001419, -0.0001364, -0.00019250000000000002, -0.0002167, -0.00019140000000000002, -0.0001507, -0.0001342, -0.00019030000000000002, -0.000209, -0.00018920000000000002, -0.0001397, -0.0001342, -0.00019250000000000002, -0.000209, -0.00019580000000000002, -0.0001419, -0.000143, -0.00019140000000000002, -0.00022, -0.00019470000000000002, -0.0001397, -0.0001309, -0.00018700000000000002, -0.0002288, -0.00020240000000000001, -0.0001397, -0.0001331, -0.00019580000000000002, -0.0002156, -0.00019470000000000002, -0.0001496, -0.0001364, -0.00018590000000000002, -0.0002178, -0.00019360000000000002, -0.0001408, -0.0001441, -0.00019250000000000002, -0.000209, -0.00018810000000000002, -0.0001452, -0.000132, -0.00018920000000000002, -0.0002178, -0.00019250000000000002, -0.0001474, -0.0001309, -0.00018700000000000002, -0.0002101, -0.00018590000000000002, -0.000143, -0.0001397, -0.00018370000000000002, -0.0002222, -0.00019250000000000002, -0.0001496, -0.0001375, -0.00018810000000000002, -0.0002167, -0.00020020000000000001, -0.000154, -0.0001331, -0.00018480000000000002, -0.0002145, -0.00019140000000000002, -0.0001463, -0.0001397, -0.0001738, -0.0002145, -0.00018810000000000002, -0.0001419, -0.0001441, -0.00019250000000000002, -0.0002266, -0.00018590000000000002, -0.0001485, -0.0001375, -0.00018260000000000002, -0.0002211, -0.00019800000000000002, -0.0001419, -0.0001331, -0.00018150000000000002, -0.0002134, -0.00020020000000000001, -0.0001408, -0.0001441, -0.00018920000000000002, -0.0002134, -0.00018370000000000002, -0.0001397, -0.0001474, -0.00018480000000000002, -0.0002167, -0.00019910000000000001, -0.0001408, -0.0001386, -0.00018480000000000002]","[0.0009427000000000001, 0.000704, 0.0003355, 0.00037620000000000004, 0.0007557, 0.0009394000000000001, 0.0007029, 0.0003366, 0.00037840000000000004, 0.0007546, 0.0009383000000000001, 0.0006996, 0.0003432, 0.0003729, 0.0007480000000000001, 0.0009317, 0.000704, 0.0003366, 0.00037620000000000004, 0.0007524000000000001, 0.0009405, 0.0007007000000000001, 0.00033, 0.0003707, 0.0007557, 0.0009394000000000001, 0.0006941, 0.0003355, 0.0003861, 0.0007568000000000001, 0.0009449, 0.0006941, 0.0003388, 0.00037400000000000004, 0.0007502, 0.0009405, 0.0006952, 0.0003366, 0.0003839, 0.0007623, 0.0009350000000000001, 0.0006974, 0.0003322, 0.0003729, 0.0007480000000000001, 0.0009350000000000001, 0.0006941, 0.00033, 0.0003751, 0.0007623, 0.0009361, 0.0006985, 0.0003322, 0.00037620000000000004, 0.0007524000000000001, 0.0009295000000000001, 0.0006974, 0.0003421, 0.0003883, 0.0007524000000000001, 0.0009383000000000001, 0.0006908, 0.0003388, 0.00038500000000000003, 0.000759, 0.0009383000000000001, 0.0007029, 0.0003366, 0.0003707, 0.0007579, 0.0009405, 0.0006952, 0.0003355, 0.00037620000000000004, 0.0007601, 0.0009339000000000001, 0.0006963000000000001, 0.0003355, 0.00037840000000000004, 0.0007579, 0.0009328, 0.000704, 0.0003344, 0.00038060000000000004, 0.0007579, 0.0009416, 0.0007007000000000001, 0.0003366, 0.00037620000000000004, 0.0007535, 0.0009350000000000001, 0.0007007000000000001, 0.0003432, 0.00037620000000000004, 0.0007678, 0.0009273, 0.0007062, 0.0003355, 0.00038500000000000003, 0.0007601, 0.0009361, 0.0007029, 0.0003388, 0.0003707, 0.0007546, 0.0009427000000000001, 0.0006996, 0.0003344, 0.00037620000000000004, 0.0007502, 0.0009317, 0.000693, 0.0003355, 0.00038060000000000004, 0.000759, 0.000946, 0.0006996, 0.0003432, 0.00037620000000000004, 0.0007557, 0.0009383000000000001, 0.0006864, 0.0003432, 0.0003729, 0.0007502, 0.0009548, 0.0006941, 0.0003454, 0.0003839, 0.0007436000000000001, 0.0009339000000000001, 0.0006985, 0.000341, 0.00038060000000000004, 0.0007579, 0.0009504, 0.0006952, 0.0003355, 0.0003773, 0.0007612000000000001, 0.0009339000000000001, 0.0006996, 0.0003498, 0.0003839, 0.0007612000000000001, 0.0009394000000000001, 0.0007117, 0.0003388, 0.0003861, 0.0007612000000000001, 0.0009405, 0.0007018, 0.0003377, 0.0003861, 0.0007733, 0.0009339000000000001, 0.0006952, 0.0003432, 0.0003773, 0.000759, 0.0009317, 0.0006963000000000001, 0.0003322, 0.00037840000000000004, 0.0007579, 0.0009394000000000001, 0.0006974, 0.00032230000000000003, 0.00038280000000000003, 0.0007612000000000001, 0.0009438000000000001, 0.0006941, 0.0003344, 0.00037620000000000004, 0.000759, 0.0009361, 0.0007018, 0.0003443, 0.00037620000000000004, 0.0007667, 0.0009405, 0.0006952, 0.0003388, 0.0003795, 0.0007634, 0.0009350000000000001, 0.0006941, 0.0003355, 0.0003729, 0.0007656000000000001, 0.0009339000000000001, 0.0006985, 0.000341, 0.0003707, 0.0007535, 0.0009383000000000001, 0.000693, 0.0003377, 0.00037400000000000004, 0.0007678, 0.0009339000000000001, 0.0006985, 0.0003366, 0.0003729, 0.0007579, 0.0009328, 0.0007007000000000001, 0.0003355, 0.0003751, 0.000759, 0.0009361, 0.0006919000000000001, 0.0003333, 0.00038060000000000004, 0.000759, 0.0009383000000000001, 0.0006974, 0.0003432, 0.0003773, 0.0007546, 0.0009284, 0.0006952, 0.0003289, 0.00038280000000000003, 0.0007535, 0.0009394000000000001, 0.0006941, 0.0003333, 0.0003817, 0.0007491, 0.0009339000000000001, 0.0006952, 0.0003344, 0.00037840000000000004, 0.0007601, 0.0009438000000000001, 0.0007007000000000001, 0.0003366, 0.00038060000000000004, 0.0007502, 0.0009317, 0.0006941, 0.000341, 0.0003751, 0.0007601, 0.0009427000000000001, 0.0006886, 0.0003278, 0.0003795, 0.000759, 0.0009361, 0.0006941, 0.0003388, 0.0003795, 0.0007568000000000001, 0.0009361, 0.0006952, 0.0003399, 0.00037840000000000004, 0.0007546, 0.0009361, 0.000693, 0.0003333, 0.0003729, 0.0007700000000000001, 0.0009207000000000001, 0.0006996, 0.0003366, 0.0003773, 0.0007623, 0.0009339000000000001, 0.0007018, 0.0003465, 0.00037400000000000004, 0.0007667, 0.0009317, 0.0006919000000000001, 0.0003377, 0.0003707, 0.0007546, 0.0009328, 0.0006963000000000001, 0.0003454, 0.00037620000000000004, 0.0007502, 0.0009273, 0.0006864, 0.0003454, 0.00037620000000000004, 0.000759, 0.0009493, 0.0006897, 0.0003399, 0.0003905, 0.0007568000000000001, 0.0009471000000000001, 0.0006996, 0.00033, 0.00037840000000000004, 0.0007557, 0.0009394000000000001, 0.0006886, 0.0003377, 0.0003817, 0.0007733, 0.0009284, 0.0006897, 0.0003443, 0.00037620000000000004, 0.0007568000000000001, 0.0009317, 0.0006853, 0.000341, 0.0003839, 0.0007535, 0.0009284, 0.000693, 0.0003366, 0.00037620000000000004, 0.0007568000000000001, 0.0009306000000000001, 0.0006996, 0.00033, 0.00038280000000000003, 0.0007645, 0.0009284, 0.0006864, 0.0003355, 0.0003773, 0.0007645, 0.0009361, 0.0006974, 0.0003344, 0.00037620000000000004, 0.0007612000000000001, 0.0009339000000000001, 0.000693, 0.000341, 0.0003817, 0.0007568000000000001, 0.0009339000000000001, 0.0006864, 0.0003322, 0.0003817, 0.0007546, 0.0009328, 0.0006853, 0.0003344, 0.0003729, 0.0007546, 0.0009405, 0.000693, 0.0003344, 0.0003795, 0.0007568000000000001, 0.0009405, 0.0006919000000000001, 0.0003388, 0.0003751, 0.0007579, 0.0009251000000000001, 0.0007007000000000001, 0.0003322, 0.0003817, 0.0007656000000000001, 0.0009405, 0.0006897, 0.0003421, 0.00038940000000000003, 0.0007634, 0.0009339000000000001, 0.0006963000000000001, 0.0003454, 0.0003905, 0.000759, 0.0009361, 0.0006996, 0.0003388, 0.0003751, 0.0007667, 0.0009295000000000001, 0.0006886, 0.000341, 0.0003795, 0.0007656000000000001, 0.0009306000000000001, 0.000693, 0.0003366, 0.00037840000000000004, 0.0007612000000000001, 0.0009372, 0.0006963000000000001, 0.0003322, 0.00038720000000000003, 0.0007546, 0.0009416, 0.0006886, 0.0003355, 0.00037620000000000004, 0.0007623, 0.0009383000000000001, 0.0006974, 0.00033, 0.0003773, 0.0007535, 0.0009328, 0.0006875000000000001, 0.0003355, 0.0003795, 0.0007557, 0.0009306000000000001, 0.0006897, 0.0003355, 0.0003795, 0.0007612000000000001, 0.0009372, 0.0007007000000000001, 0.0003267, 0.0003817, 0.0007678, 0.0009416, 0.0006941, 0.00032450000000000003, 0.0003685, 0.0007546, 0.0009416, 0.0006919000000000001, 0.0003322, 0.0003839, 0.000759, 0.0009207000000000001, 0.0006952, 0.0003377, 0.0003905, 0.0007689, 0.0009306000000000001, 0.0006919000000000001, 0.0003289, 0.0003883, 0.0007623, 0.0009361, 0.0006886, 0.000341, 0.00038280000000000003, 0.0007667, 0.0009394000000000001, 0.0007007000000000001, 0.0003333, 0.0003839, 0.0007645, 0.0009339000000000001, 0.0006875000000000001, 0.0003377, 0.0003839, 0.000759, 0.0009427000000000001, 0.0006831000000000001, 0.000341, 0.00038500000000000003, 0.0007568000000000001, 0.0009306000000000001, 0.0006875000000000001, 0.0003432, 0.0003861, 0.0007612000000000001, 0.0009328, 0.0006864, 0.0003355, 0.00037840000000000004, 0.0007623, 0.0009383000000000001, 0.000693, 0.0003311, 0.00038060000000000004, 0.0007722, 0.0009328, 0.0006941, 0.0003366, 0.0003861, 0.0007524000000000001, 0.0009273, 0.0006974, 0.0003366, 0.0003861, 0.0007678, 0.0009317, 0.0006952, 0.0003366, 0.00038060000000000004, 0.0007689, 0.0009339000000000001, 0.0006853, 0.0003355, 0.0003839, 0.0007678, 0.0009306000000000001, 0.0006875000000000001, 0.0003355, 0.0003817, 0.0007700000000000001]",-1
35,"[-5.72e-05, -4.6200000000000005e-05, -3.52e-05, -4.9500000000000004e-05, -5.72e-05, -5.72e-05, -5.0600000000000003e-05, -2.75e-05, -4.4e-05, -5.83e-05, -5.61e-05, -4.18e-05, -2.86e-05, -4.5100000000000005e-05, -6.27e-05, -5.83e-05, -4.18e-05, -4.5100000000000005e-05, -4.07e-05, -5.72e-05, -5.39e-05, -4.6200000000000005e-05, -3.08e-05, -3.96e-05, -5.83e-05, -5.28e-05, -4.9500000000000004e-05, -3.52e-05, -4.7300000000000005e-05, -6.27e-05, -5.17e-05, -4.9500000000000004e-05, -4.7300000000000005e-05, -3.85e-05, -5.39e-05, -5.28e-05, -4.5100000000000005e-05, -3.52e-05, -4.07e-05, -4.5100000000000005e-05, -6.16e-05, -4.4e-05, -3.96e-05, -3.74e-05, -4.8400000000000004e-05, -5.72e-05, -4.29e-05, -3.19e-05, -4.5100000000000005e-05, -6.49e-05, -5.83e-05, -4.9500000000000004e-05, -3.63e-05, -4.8400000000000004e-05, -5.0600000000000003e-05, -5.5e-05, -4.7300000000000005e-05, -3.41e-05, -4.5100000000000005e-05, -5.83e-05, -5.72e-05, -4.5100000000000005e-05, -3.74e-05, -3.19e-05, -5.72e-05, -5.17e-05, -4.4e-05, -3.74e-05, -4.29e-05, -6.16e-05, -6.27e-05, -4.4e-05, -3.08e-05, -4.5100000000000005e-05, -5.17e-05, -6.49e-05, -3.96e-05, -3.63e-05, -4.7300000000000005e-05, -6.05e-05, -5.39e-05, -4.7300000000000005e-05, -4.29e-05, -4.4e-05, -5.17e-05, -6.27e-05, -4.7300000000000005e-05, -3.74e-05, -4.7300000000000005e-05, -5.0600000000000003e-05, -6.05e-05, -4.7300000000000005e-05, -4.07e-05, -4.4e-05, -6.27e-05, -5.83e-05, -3.85e-05, -3.63e-05, -3.52e-05, -5.5e-05, -5.5e-05, -4.07e-05, -2.86e-05, -4.9500000000000004e-05, -5.28e-05, -5.72e-05, -2.86e-05, -3.52e-05, -4.4e-05, -5.83e-05, -5.5e-05, -4.7300000000000005e-05, -3.63e-05, -4.4e-05, -5.94e-05, -5.28e-05, -3.96e-05, -3.08e-05, -5.39e-05, -6.6e-05, -5.61e-05, -4.8400000000000004e-05, -3.3e-05, -5.17e-05, -6.05e-05, -4.8400000000000004e-05, -4.8400000000000004e-05, -3.19e-05, -3.85e-05, -5.61e-05, -5.72e-05, -4.4e-05, -3.41e-05, -4.18e-05, -5.0600000000000003e-05, -4.8400000000000004e-05, -4.4e-05, -3.41e-05, -3.52e-05, -6.71e-05, -6.49e-05, -4.7300000000000005e-05, -3.85e-05, -4.18e-05, -5.61e-05, -5.61e-05, -3.96e-05, -2.75e-05, -4.5100000000000005e-05, -5.72e-05, -5.94e-05, -5.0600000000000003e-05, -2.86e-05, -4.9500000000000004e-05, -4.9500000000000004e-05, -5.61e-05, -5.17e-05, -3.3e-05, -4.7300000000000005e-05, -5.17e-05, -6.82e-05, -3.63e-05, -3.85e-05, -4.6200000000000005e-05, -5.5e-05, -6.49e-05, -4.7300000000000005e-05, -3.85e-05, -4.4e-05, -5.17e-05, -5.83e-05, -4.9500000000000004e-05, -3.3e-05, -2.97e-05, -6.05e-05, -5.39e-05, -4.9500000000000004e-05, -3.52e-05, -3.74e-05, -5.0600000000000003e-05, -6.05e-05, -3.85e-05, -3.19e-05, -3.41e-05, -5.61e-05, -5.0600000000000003e-05, -4.4e-05, -2.97e-05, -4.5100000000000005e-05, -6.16e-05, -5.83e-05, -4.4e-05, -2.97e-05, -4.6200000000000005e-05, -5.94e-05, -5.5e-05, -3.41e-05, -3.85e-05, -3.41e-05, -5.61e-05, -4.7300000000000005e-05, -4.07e-05, -3.74e-05, -4.6200000000000005e-05, -5.5e-05, -5.5e-05, -5.28e-05, -3.74e-05, -4.18e-05, -5.17e-05, -5.94e-05, -4.9500000000000004e-05, -3.41e-05, -3.74e-05, -7.04e-05, -6.49e-05, -4.29e-05, -3.85e-05, -4.9500000000000004e-05, -5.5e-05, -4.9500000000000004e-05, -4.18e-05, -3.3e-05, -3.96e-05, -6.16e-05, -6.6e-05, -4.7300000000000005e-05, -4.5100000000000005e-05, -4.6200000000000005e-05, -6.16e-05, -5.72e-05, -3.41e-05, -4.7300000000000005e-05, -4.18e-05, -6.6e-05, -5.83e-05, -4.7300000000000005e-05, -3.96e-05, -5.39e-05, -6.27e-05, -5.94e-05, -4.6200000000000005e-05, -2.64e-05, -4.07e-05, -6.27e-05, -6.38e-05, -3.96e-05, -3.08e-05, -3.85e-05, -5.28e-05, -5.61e-05, -4.29e-05, -3.08e-05, -3.85e-05, -5.94e-05, -5.61e-05, -5.0600000000000003e-05, -3.74e-05, -4.8400000000000004e-05, -4.8400000000000004e-05, -5.28e-05, -4.8400000000000004e-05, -4.07e-05, -3.96e-05, -6.49e-05, -5.5e-05, -4.07e-05, -2.75e-05, -4.4e-05, -5.17e-05, -5.72e-05, -4.4e-05, -3.3e-05, -4.8400000000000004e-05, -6.27e-05, -5.94e-05, -5.17e-05, -3.52e-05, -3.74e-05, -5.61e-05, -5.28e-05, -4.5100000000000005e-05, -4.07e-05, -4.6200000000000005e-05, -6.05e-05, -5.5e-05, -4.6200000000000005e-05, -4.18e-05, -3.41e-05, -6.16e-05, -4.8400000000000004e-05, -4.7300000000000005e-05, -2.75e-05, -4.4e-05, -4.6200000000000005e-05, -6.16e-05, -4.7300000000000005e-05, -4.6200000000000005e-05, -4.4e-05, -5.61e-05, -5.72e-05, -4.7300000000000005e-05, -3.52e-05, -4.8400000000000004e-05, -5.28e-05, -5.83e-05, -4.6200000000000005e-05, -4.29e-05, -4.6200000000000005e-05, -5.83e-05, -6.38e-05, -5.39e-05, -2.3100000000000002e-05, -4.29e-05, -5.17e-05, -6.38e-05, -3.85e-05, -3.85e-05, -3.63e-05, -5.61e-05, -6.16e-05, -4.18e-05, -3.41e-05, -3.85e-05, -5.5e-05, -5.61e-05, -4.6200000000000005e-05, -3.96e-05, -4.6200000000000005e-05, -5.28e-05, -6.27e-05, -4.8400000000000004e-05, -3.3e-05, -4.5100000000000005e-05, -5.28e-05, -6.6e-05, -4.07e-05, -3.19e-05, -4.5100000000000005e-05, -5.94e-05, -5.72e-05, -4.7300000000000005e-05, -3.52e-05, -4.18e-05, -6.16e-05, -5.39e-05, -5.17e-05, -3.63e-05, -3.96e-05, -5.0600000000000003e-05, -6.16e-05, -4.7300000000000005e-05, -3.19e-05, -3.96e-05, -5.94e-05, -6.16e-05, -5.72e-05, -3.63e-05, -4.5100000000000005e-05, -4.8400000000000004e-05, -5.94e-05, -4.29e-05, -3.74e-05, -4.07e-05, -6.16e-05, -4.9500000000000004e-05, -4.5100000000000005e-05, -2.75e-05, -4.9500000000000004e-05, -5.5e-05, -4.9500000000000004e-05, -4.8400000000000004e-05, -3.74e-05, -3.52e-05, -5.17e-05, -6.05e-05, -4.4e-05, -3.52e-05, -3.85e-05, -5.5e-05, -5.83e-05, -4.5100000000000005e-05, -2.86e-05, -4.29e-05, -4.9500000000000004e-05, -5.39e-05, -4.6200000000000005e-05, -2.09e-05, -4.4e-05, -5.0600000000000003e-05, -4.8400000000000004e-05, -5.17e-05, -4.4e-05, -4.18e-05, -5.0600000000000003e-05, -5.17e-05, -4.07e-05, -3.41e-05, -5.28e-05, -6.27e-05, -6.05e-05, -3.52e-05, -3.19e-05, -3.63e-05, -5.83e-05, -5.61e-05, -4.18e-05, -3.08e-05, -4.18e-05, -5.39e-05, -5.61e-05, -3.96e-05, -2.97e-05, -4.4e-05, -4.9500000000000004e-05, -4.8400000000000004e-05, -3.85e-05, -4.07e-05, -5.17e-05, -5.72e-05, -6.38e-05, -3.96e-05, -3.63e-05, -3.3e-05, -5.94e-05, -6.05e-05, -3.41e-05, -3.41e-05, -4.4e-05, -5.72e-05, -5.94e-05, -4.7300000000000005e-05, -3.41e-05, -4.07e-05, -5.17e-05, -5.72e-05, -4.5100000000000005e-05, -3.74e-05, -4.9500000000000004e-05, -5.61e-05, -6.16e-05, -4.18e-05, -3.85e-05, -3.85e-05, -5.28e-05, -6.38e-05, -4.29e-05, -3.3e-05, -3.85e-05, -6.16e-05, -4.8400000000000004e-05, -5.17e-05, -3.74e-05, -4.4e-05, -6.05e-05, -5.61e-05, -4.18e-05, -3.63e-05, -3.74e-05, -6.6e-05, -5.94e-05, -5.39e-05, -3.3e-05, -4.8400000000000004e-05, -5.83e-05, -6.71e-05, -4.07e-05, -2.97e-05, -4.29e-05, -5.5e-05, -5.5e-05, -4.8400000000000004e-05, -3.85e-05, -5.39e-05, -6.93e-05, -4.9500000000000004e-05, -5.83e-05, -3.08e-05, -4.9500000000000004e-05, -5.5e-05, -5.61e-05, -4.29e-05, -3.52e-05, -3.96e-05, -5.83e-05, -5.39e-05, -3.96e-05, -3.52e-05, -4.7300000000000005e-05, -5.72e-05, -5.83e-05, -4.8400000000000004e-05, -4.07e-05, -4.29e-05, -5.94e-05, -5.61e-05, -4.29e-05, -3.96e-05, -3.96e-05, -6.49e-05]","[-0.00019250000000000002, -0.0002145, -0.00018370000000000002, -0.0001474, -0.0001419, -0.00018590000000000002, -0.0002167, -0.00018590000000000002, -0.0001441, -0.0001265, -0.00018150000000000002, -0.0002189, -0.00019910000000000001, -0.0001364, -0.000143, -0.00019690000000000002, -0.0002167, -0.00018810000000000002, -0.0001342, -0.0001441, -0.00019360000000000002, -0.0002211, -0.00019250000000000002, -0.0001463, -0.0001342, -0.00018920000000000002, -0.0002189, -0.00019470000000000002, -0.0001397, -0.0001397, -0.00018810000000000002, -0.00022, -0.00018480000000000002, -0.0001353, -0.0001397, -0.00018370000000000002, -0.0002145, -0.00020130000000000001, -0.0001342, -0.000143, -0.00018810000000000002, -0.0002134, -0.00020020000000000001, -0.0001518, -0.000143, -0.00018480000000000002, -0.0002101, -0.00019360000000000002, -0.0001529, -0.0001463, -0.00018150000000000002, -0.0002068, -0.00018590000000000002, -0.0001496, -0.0001353, -0.00018700000000000002, -0.0002178, -0.00018590000000000002, -0.0001419, -0.0001364, -0.00018480000000000002, -0.000209, -0.00019030000000000002, -0.0001441, -0.0001353, -0.00017820000000000002, -0.0002156, -0.00019140000000000002, -0.0001375, -0.0001386, -0.00019470000000000002, -0.0002156, -0.00019140000000000002, -0.0001474, -0.0001441, -0.00019470000000000002, -0.0002288, -0.00018920000000000002, -0.0001408, -0.000143, -0.00018700000000000002, -0.0002211, -0.00018700000000000002, -0.0001408, -0.000143, -0.00018040000000000002, -0.0002211, -0.00018810000000000002, -0.0001474, -0.0001441, -0.00018480000000000002, -0.0002112, -0.00019250000000000002, -0.0001452, -0.0001309, -0.00018590000000000002, -0.0002101, -0.00019580000000000002, -0.0001485, -0.0001331, -0.00018700000000000002, -0.0002156, -0.00018920000000000002, -0.0001463, -0.0001419, -0.00018590000000000002, -0.0002211, -0.00018370000000000002, -0.000143, -0.0001331, -0.00019360000000000002, -0.0002222, -0.00019030000000000002, -0.0001452, -0.0001419, -0.00018920000000000002, -0.0002189, -0.00019250000000000002, -0.0001474, -0.0001408, -0.00019360000000000002, -0.0002145, -0.00018150000000000002, -0.0001353, -0.0001331, -0.00019140000000000002, -0.0002123, -0.00018260000000000002, -0.0001452, -0.000143, -0.00018810000000000002, -0.0002189, -0.00019470000000000002, -0.0001518, -0.0001496, -0.00019580000000000002, -0.0002211, -0.00018150000000000002, -0.0001408, -0.0001496, -0.00018700000000000002, -0.0002233, -0.00018590000000000002, -0.0001386, -0.0001441, -0.00018260000000000002, -0.0002233, -0.00018590000000000002, -0.0001408, -0.0001419, -0.00019470000000000002, -0.0002178, -0.00018150000000000002, -0.0001364, -0.0001474, -0.00019030000000000002, -0.0002101, -0.00018370000000000002, -0.0001408, -0.0001353, -0.00018920000000000002, -0.000209, -0.00019030000000000002, -0.000143, -0.0001518, -0.00019030000000000002, -0.0002178, -0.00019580000000000002, -0.0001408, -0.0001342, -0.00018370000000000002, -0.00022, -0.00019250000000000002, -0.0001452, -0.0001529, -0.00019030000000000002, -0.0002167, -0.00019250000000000002, -0.0001529, -0.0001375, -0.00018260000000000002, -0.0002189, -0.00019250000000000002, -0.0001518, -0.0001364, -0.00019250000000000002, -0.0002112, -0.00018480000000000002, -0.0001452, -0.0001474, -0.00018920000000000002, -0.0002233, -0.00019800000000000002, -0.0001463, -0.000143, -0.00019140000000000002, -0.0002057, -0.00019250000000000002, -0.0001485, -0.0001419, -0.00018260000000000002, -0.0002178, -0.00019360000000000002, -0.0001507, -0.0001474, -0.00018920000000000002, -0.0002211, -0.00018920000000000002, -0.0001474, -0.0001309, -0.00018150000000000002, -0.0002123, -0.00018810000000000002, -0.0001507, -0.0001386, -0.00018260000000000002, -0.0002189, -0.0001727, -0.000143, -0.0001463, -0.00018480000000000002, -0.0002178, -0.00018700000000000002, -0.0001408, -0.0001441, -0.00018920000000000002, -0.00022, -0.00018370000000000002, -0.0001463, -0.0001287, -0.00018700000000000002, -0.0002178, -0.00018810000000000002, -0.0001452, -0.0001386, -0.00018370000000000002, -0.0002068, -0.00018480000000000002, -0.0001353, -0.0001331, -0.00018810000000000002, -0.0002145, -0.00019690000000000002, -0.0001408, -0.0001375, -0.00017930000000000002, -0.0002156, -0.00019140000000000002, -0.0001496, -0.0001364, -0.00018810000000000002, -0.000209, -0.00018920000000000002, -0.000143, -0.000132, -0.00018370000000000002, -0.0002123, -0.00018590000000000002, -0.0001298, -0.0001463, -0.00018920000000000002, -0.0002134, -0.0002057, -0.0001408, -0.0001452, -0.00019470000000000002, -0.0002145, -0.00018590000000000002, -0.0001364, -0.0001375, -0.00018480000000000002, -0.0002189, -0.00018590000000000002, -0.0001507, -0.0001287, -0.00019470000000000002, -0.0002145, -0.00019360000000000002, -0.000143, -0.0001265, -0.00019800000000000002, -0.0002123, -0.00018810000000000002, -0.0001518, -0.0001529, -0.00018260000000000002, -0.0002255, -0.00018920000000000002, -0.0001364, -0.0001419, -0.00018480000000000002, -0.0002145, -0.00019140000000000002, -0.0001452, -0.000154, -0.00019250000000000002, -0.0002222, -0.00018700000000000002, -0.0001452, -0.000143, -0.00018590000000000002, -0.0002178, -0.00019690000000000002, -0.0001419, -0.0001452, -0.00018590000000000002, -0.000209, -0.00018700000000000002, -0.0001485, -0.0001298, -0.00020240000000000001, -0.0002101, -0.00019690000000000002, -0.0001463, -0.0001419, -0.00017710000000000002, -0.0002178, -0.00019140000000000002, -0.000143, -0.0001309, -0.00017930000000000002, -0.0002167, -0.00018700000000000002, -0.0001452, -0.0001452, -0.00018810000000000002, -0.0002167, -0.00019030000000000002, -0.0001496, -0.0001463, -0.00018370000000000002, -0.0002101, -0.00019470000000000002, -0.0001419, -0.0001386, -0.00018480000000000002, -0.0002123, -0.00019470000000000002, -0.0001485, -0.0001507, -0.00019250000000000002, -0.0002222, -0.00019360000000000002, -0.0001419, -0.0001441, -0.00019030000000000002, -0.0002156, -0.00018700000000000002, -0.0001452, -0.000132, -0.00018370000000000002, -0.0002167, -0.00019030000000000002, -0.0001419, -0.000143, -0.00018150000000000002, -0.0002222, -0.00019140000000000002, -0.0001441, -0.0001452, -0.00018920000000000002, -0.000209, -0.00019360000000000002, -0.0001397, -0.0001463, -0.00018700000000000002, -0.0002134, -0.00018370000000000002, -0.0001342, -0.0001364, -0.00018040000000000002, -0.0002178, -0.00019140000000000002, -0.0001441, -0.0001364, -0.00018810000000000002, -0.0002233, -0.00019690000000000002, -0.0001496, -0.0001386, -0.00019030000000000002, -0.0002145, -0.00019140000000000002, -0.0001353, -0.0001441, -0.00019250000000000002, -0.0002057, -0.00018810000000000002, -0.0001463, -0.000143, -0.00019250000000000002, -0.0002134, -0.00019690000000000002, -0.0001419, -0.0001452, -0.00019360000000000002, -0.0002156, -0.00018810000000000002, -0.0001452, -0.0001463, -0.00019140000000000002, -0.0002046, -0.00018590000000000002, -0.0001463, -0.0001254, -0.00018370000000000002, -0.0002134, -0.00020020000000000001, -0.0001529, -0.0001441, -0.00018040000000000002, -0.0002277, -0.00018810000000000002, -0.0001463, -0.0001397, -0.00018480000000000002, -0.0002112, -0.00019470000000000002, -0.0001375, -0.0001408, -0.00019030000000000002, -0.0002233, -0.00018920000000000002, -0.0001408, -0.0001364, -0.00019360000000000002, -0.0002167, -0.00018260000000000002, -0.0001452, -0.000143, -0.00018370000000000002, -0.0002156, -0.00019030000000000002, -0.0001309, -0.000154, -0.00018150000000000002, -0.0002189, -0.00019580000000000002, -0.0001419, -0.0001364, -0.00018700000000000002, -0.0002134, -0.00019470000000000002, -0.0001419, -0.0001496, -0.00019360000000000002, -0.0002244, -0.00018920000000000002, -0.0001397, -0.0001342, -0.00019360000000000002, -0.0002101, -0.00019140000000000002, -0.000143, -0.0001529, -0.00019250000000000002, -0.00022, -0.00018480000000000002, -0.0001375, -0.000143, -0.00019250000000000002, -0.0002211, -0.00019250000000000002, -0.0001408, -0.0001485, -0.00019140000000000002, -0.0002134, -0.00019140000000000002, -0.0001364, -0.0001364, -0.00018700000000000002, -0.0002178, -0.00018920000000000002, -0.000143, -0.0001408, -0.00019250000000000002, -0.0002112, -0.00019250000000000002, -0.0001364, -0.000143, -0.00019250000000000002, -0.0002244, -0.00020130000000000001, -0.0001408, -0.0001419, -0.00019030000000000002, -0.0002189, -0.00019030000000000002, -0.0001397, -0.0001353, -0.00020130000000000001, -0.0002145, -0.00018480000000000002, -0.0001386, -0.0001496, -0.00019800000000000002, -0.00022, -0.00018920000000000002, -0.0001463, -0.000132]","[0.0007744000000000001, 0.0009295000000000001, 0.0006941, 0.00033, 0.0003883, 0.0007689, 0.0009328, 0.0006842, 0.0003234, 0.0003905, 0.0007678, 0.0009328, 0.0006809, 0.0003311, 0.0003993, 0.0007678, 0.0009284, 0.0006798, 0.0003311, 0.0003927, 0.0007667, 0.0009383000000000001, 0.0006787000000000001, 0.0003311, 0.0003927, 0.0007766, 0.0009372, 0.0006853, 0.0003267, 0.0003971, 0.0007733, 0.0009383000000000001, 0.0006853, 0.00032450000000000003, 0.00038500000000000003, 0.0007711, 0.0009317, 0.0006842, 0.0003333, 0.0003861, 0.0007832000000000001, 0.0009361, 0.0006875000000000001, 0.0003333, 0.0003883, 0.0007766, 0.0009361, 0.0006853, 0.0003311, 0.0003971, 0.0007678, 0.0009306000000000001, 0.000671, 0.0003388, 0.0003949, 0.0007645, 0.0009328, 0.0006743000000000001, 0.0003267, 0.00038940000000000003, 0.0007689, 0.0009306000000000001, 0.000682, 0.0003366, 0.0003883, 0.0007744000000000001, 0.0009405, 0.0006787000000000001, 0.0003278, 0.00039380000000000003, 0.0007799, 0.0009328, 0.0006809, 0.0003377, 0.00039160000000000003, 0.0007634, 0.0009383000000000001, 0.0006765, 0.0003322, 0.00038500000000000003, 0.0007755, 0.0009372, 0.0006754, 0.0003344, 0.0003949, 0.0007854, 0.0009306000000000001, 0.000682, 0.00033, 0.0003927, 0.0007766, 0.0009449, 0.0006787000000000001, 0.0003399, 0.00038720000000000003, 0.0007744000000000001, 0.0009317, 0.0006699000000000001, 0.0003289, 0.0003993, 0.0007700000000000001, 0.0009339000000000001, 0.0006743000000000001, 0.0003289, 0.0003949, 0.0007634, 0.0009306000000000001, 0.0006732, 0.0003388, 0.0003971, 0.0007832000000000001, 0.0009251000000000001, 0.0006721, 0.0003322, 0.0003905, 0.0007722, 0.0009438000000000001, 0.0006776, 0.00031790000000000003, 0.00038940000000000003, 0.0007667, 0.0009405, 0.0006732, 0.0003267, 0.0003883, 0.0007733, 0.0009350000000000001, 0.0006754, 0.0003377, 0.00039820000000000003, 0.0007678, 0.0009361, 0.0006842, 0.0003399, 0.0003839, 0.0007689, 0.0009350000000000001, 0.0006853, 0.00033, 0.00038720000000000003, 0.0007656000000000001, 0.0009339000000000001, 0.0006875000000000001, 0.0003234, 0.0003971, 0.0007821000000000001, 0.0009339000000000001, 0.0006787000000000001, 0.0003355, 0.0003927, 0.0007689, 0.0009306000000000001, 0.0006754, 0.00032010000000000003, 0.0003971, 0.0007777000000000001, 0.0009416, 0.0006809, 0.0003234, 0.0003905, 0.0007700000000000001, 0.0009328, 0.0006765, 0.0003333, 0.00039600000000000003, 0.000759, 0.0009394000000000001, 0.0006809, 0.00033, 0.00039160000000000003, 0.0007722, 0.0009383000000000001, 0.0006798, 0.0003322, 0.00038280000000000003, 0.0007777000000000001, 0.0009306000000000001, 0.0006875000000000001, 0.0003278, 0.00039160000000000003, 0.0007722, 0.0009306000000000001, 0.0006853, 0.0003333, 0.00038500000000000003, 0.0007689, 0.0009372, 0.0006787000000000001, 0.0003267, 0.00038720000000000003, 0.0007711, 0.0009361, 0.0006776, 0.0003256, 0.0003993, 0.0007799, 0.0009350000000000001, 0.0006776, 0.0003278, 0.00039160000000000003, 0.0007711, 0.0009361, 0.0006787000000000001, 0.0003333, 0.00038940000000000003, 0.0007689, 0.0009405, 0.0006765, 0.0003366, 0.00039380000000000003, 0.0007788000000000001, 0.0009306000000000001, 0.0006831000000000001, 0.00032230000000000003, 0.0003949, 0.0007821000000000001, 0.0009317, 0.0006787000000000001, 0.0003355, 0.0003993, 0.0007777000000000001, 0.0009405, 0.000682, 0.00033, 0.00039380000000000003, 0.0007722, 0.0009394000000000001, 0.0006754, 0.00033, 0.00040040000000000003, 0.0007799, 0.0009427000000000001, 0.0006732, 0.0003432, 0.00038720000000000003, 0.0007634, 0.0009339000000000001, 0.0006688, 0.0003344, 0.00038720000000000003, 0.0007755, 0.0009361, 0.0006842, 0.0003278, 0.00039380000000000003, 0.0007711, 0.0009295000000000001, 0.0006655000000000001, 0.0003311, 0.0003905, 0.0007766, 0.0009383000000000001, 0.0006721, 0.0003234, 0.0003883, 0.0007733, 0.0009317, 0.0006776, 0.00033, 0.0003927, 0.000781, 0.0009317, 0.0006732, 0.0003234, 0.0003927, 0.0007799, 0.0009306000000000001, 0.0006754, 0.00033, 0.0004081, 0.0007755, 0.0009350000000000001, 0.0006853, 0.0003267, 0.0003993, 0.0007755, 0.0009306000000000001, 0.0006809, 0.00033, 0.0003949, 0.0007700000000000001, 0.0009306000000000001, 0.0006787000000000001, 0.0003355, 0.00039820000000000003, 0.0007733, 0.0009416, 0.0006743000000000001, 0.00033, 0.00039600000000000003, 0.0007656000000000001, 0.0009361, 0.0006699000000000001, 0.00033, 0.0003971, 0.0007832000000000001, 0.0009372, 0.0006787000000000001, 0.0003333, 0.00039160000000000003, 0.0007832000000000001, 0.0009328, 0.0006776, 0.0003267, 0.0003971, 0.000781, 0.0009361, 0.000671, 0.0003267, 0.0003949, 0.0007722, 0.0009350000000000001, 0.0006765, 0.0003267, 0.0003971, 0.0007722, 0.0009339000000000001, 0.000671, 0.0003278, 0.00038720000000000003, 0.0007799, 0.0009383000000000001, 0.0006655000000000001, 0.0003344, 0.00038940000000000003, 0.0007667, 0.0009372, 0.0006765, 0.0003234, 0.0003993, 0.0007711, 0.0009449, 0.0006864, 0.0003366, 0.00039160000000000003, 0.0007799, 0.0009350000000000001, 0.0006853, 0.00033, 0.00038940000000000003, 0.0007821000000000001, 0.0009416, 0.0006831000000000001, 0.0003267, 0.00039380000000000003, 0.0007755, 0.0009416, 0.0006864, 0.00032230000000000003, 0.00040040000000000003, 0.0007744000000000001, 0.0009317, 0.0006732, 0.0003322, 0.0003927, 0.000781, 0.0009317, 0.0006754, 0.0003366, 0.0003927, 0.0007788000000000001, 0.0009262000000000001, 0.0006831000000000001, 0.0003344, 0.00038940000000000003, 0.0007755, 0.0009251000000000001, 0.0006754, 0.0003234, 0.0003927, 0.0007821000000000001, 0.0009581, 0.0006754, 0.0003344, 0.00039820000000000003, 0.0007722, 0.0009361, 0.000693, 0.0003278, 0.0003927, 0.0007799, 0.0009262000000000001, 0.0006787000000000001, 0.0003333, 0.0003993, 0.0007766, 0.0009339000000000001, 0.0006842, 0.0003311, 0.00038940000000000003, 0.0007766, 0.0009328, 0.0006831000000000001, 0.0003311, 0.0003927, 0.0007678, 0.0009449, 0.000671, 0.0003212, 0.00040260000000000003, 0.0007832000000000001, 0.000924, 0.0006743000000000001, 0.0003256, 0.00038280000000000003, 0.0007689, 0.0009328, 0.0006809, 0.000319, 0.00038500000000000003, 0.0007887, 0.0009405, 0.0006754, 0.0003278, 0.0003949, 0.0007744000000000001, 0.0009350000000000001, 0.0006743000000000001, 0.0003267, 0.00040260000000000003, 0.0007755, 0.0009328, 0.000682, 0.0003289, 0.00039600000000000003, 0.0007777000000000001, 0.0009339000000000001, 0.0006699000000000001, 0.0003355, 0.0004059, 0.0007799, 0.0009328, 0.0006853, 0.0003256, 0.00039380000000000003, 0.0007766, 0.0009372, 0.0006765, 0.0003256, 0.0003883, 0.0007788000000000001, 0.0009262000000000001, 0.0006798, 0.00032230000000000003, 0.00040480000000000003, 0.0007755, 0.0009273, 0.0006732, 0.0003146, 0.0004015, 0.0007777000000000001, 0.0009317, 0.0006699000000000001, 0.0003278, 0.00039820000000000003, 0.0007788000000000001, 0.000924, 0.0006754, 0.00032230000000000003, 0.00039600000000000003, 0.0007634, 0.0009284, 0.0006787000000000001, 0.0003333, 0.0004037, 0.0007667, 0.0009328, 0.0006765, 0.0003267, 0.0003927, 0.0007821000000000001, 0.0009361, 0.0006732, 0.0003267, 0.00039820000000000003, 0.0007766, 0.0009328, 0.0006655000000000001, 0.0003311, 0.00040040000000000003, 0.0007832000000000001, 0.0009416, 0.000671, 0.0003256, 0.00039820000000000003, 0.0007722, 0.0009306000000000001, 0.0006754, 0.00033, 0.0003905, 0.0007788000000000001, 0.0009295000000000001, 0.0006699000000000001, 0.0003278, 0.00038940000000000003, 0.0007832000000000001, 0.0009328, 0.0006732, 0.0003421, 0.0003993]",0
36,"[-5.94e-05, -4.18e-05, -3.52e-05, -5.0600000000000003e-05, -6.71e-05, -5.94e-05, -4.5100000000000005e-05, -3.96e-05, -4.8400000000000004e-05, -5.61e-05, -5.83e-05, -4.9500000000000004e-05, -4.29e-05, -4.5100000000000005e-05, -6.38e-05, -7.26e-05, -6.05e-05, -4.4e-05, -5.72e-05, -6.71e-05, -7.48e-05, -4.6200000000000005e-05, -4.29e-05, -5.5e-05, -6.38e-05, -7.04e-05, -6.05e-05, -5.5e-05, -5.17e-05, -5.61e-05, -6.49e-05, -5.5e-05, -5.0600000000000003e-05, -5.28e-05, -6.82e-05, -7.04e-05, -5.17e-05, -4.4e-05, -5.17e-05, -5.72e-05, -7.48e-05, -6.6e-05, -5.39e-05, -4.8400000000000004e-05, -6.27e-05, -6.71e-05, -6.16e-05, -5.0600000000000003e-05, -4.7300000000000005e-05, -7.26e-05, -6.93e-05, -6.05e-05, -5.83e-05, -6.38e-05, -6.82e-05, -6.93e-05, -7.04e-05, -4.7300000000000005e-05, -4.07e-05, -6.93e-05, -7.48e-05, -5.83e-05, -5.0600000000000003e-05, -5.5e-05, -6.6e-05, -5.83e-05, -5.0600000000000003e-05, -6.27e-05, -4.9500000000000004e-05, -6.27e-05, -7.7e-05, -6.05e-05, -5.5e-05, -4.7300000000000005e-05, -7.26e-05, -7.81e-05, -5.28e-05, -4.6200000000000005e-05, -6.49e-05, -6.27e-05, -7.59e-05, -5.72e-05, -3.74e-05, -4.9500000000000004e-05, -6.27e-05, -7.26e-05, -6.05e-05, -4.8400000000000004e-05, -4.8400000000000004e-05, -6.93e-05, -7.15e-05, -5.61e-05, -3.3e-05, -4.29e-05, -6.71e-05, -7.48e-05, -5.83e-05, -5.61e-05, -4.9500000000000004e-05, -6.05e-05, -7.04e-05, -6.38e-05, -5.72e-05, -5.17e-05, -6.6e-05, -7.26e-05, -6.6e-05, -4.07e-05, -5.0600000000000003e-05, -6.82e-05, -7.59e-05, -6.16e-05, -4.8400000000000004e-05, -5.94e-05, -7.81e-05, -7.48e-05, -5.72e-05, -4.29e-05, -5.17e-05, -6.82e-05, -6.93e-05, -5.83e-05, -5.72e-05, -4.9500000000000004e-05, -6.93e-05, -7.81e-05, -5.61e-05, -4.5100000000000005e-05, -5.28e-05, -6.49e-05, -7.26e-05, -6.05e-05, -5.61e-05, -5.61e-05, -6.82e-05, -6.82e-05, -5.72e-05, -4.7300000000000005e-05, -5.28e-05, -5.72e-05, -6.6e-05, -6.49e-05, -5.5e-05, -5.0600000000000003e-05, -6.82e-05, -7.48e-05, -6.38e-05, -4.9500000000000004e-05, -3.96e-05, -7.15e-05, -7.48e-05, -6.49e-05, -5.0600000000000003e-05, -5.17e-05, -7.04e-05, -7.04e-05, -6.16e-05, -3.3e-05, -5.39e-05, -5.83e-05, -7.04e-05, -6.38e-05, -4.18e-05, -4.07e-05, -7.37e-05, -7.59e-05, -6.49e-05, -6.05e-05, -5.0600000000000003e-05, -6.38e-05, -7.92e-05, -6.05e-05, -4.9500000000000004e-05, -5.72e-05, -6.82e-05, -7.15e-05, -6.16e-05, -4.18e-05, -5.39e-05, -6.27e-05, -6.93e-05, -5.94e-05, -4.8400000000000004e-05, -4.7300000000000005e-05, -6.71e-05, -7.7e-05, -5.28e-05, -6.16e-05, -4.5100000000000005e-05, -7.04e-05, -6.93e-05, -6.49e-05, -5.39e-05, -6.49e-05, -7.37e-05, -7.81e-05, -5.5e-05, -4.4e-05, -5.0600000000000003e-05, -6.82e-05, -7.81e-05, -6.16e-05, -4.7300000000000005e-05, -3.96e-05, -5.94e-05, -6.71e-05, -6.38e-05, -4.18e-05, -5.0600000000000003e-05, -6.05e-05, -7.04e-05, -4.8400000000000004e-05, -4.9500000000000004e-05, -5.17e-05, -5.61e-05, -7.04e-05, -6.05e-05, -4.29e-05, -4.8400000000000004e-05, -6.49e-05, -6.71e-05, -5.83e-05, -4.7300000000000005e-05, -5.61e-05, -7.59e-05, -6.27e-05, -6.16e-05, -5.17e-05, -5.28e-05, -6.38e-05, -6.93e-05, -6.05e-05, -4.18e-05, -4.5100000000000005e-05, -7.04e-05, -7.37e-05, -6.6e-05, -4.9500000000000004e-05, -5.17e-05, -6.27e-05, -7.7e-05, -5.94e-05, -3.63e-05, -4.6200000000000005e-05, -6.93e-05, -7.92e-05, -5.72e-05, -4.5100000000000005e-05, -5.0600000000000003e-05, -6.49e-05, -6.71e-05, -5.94e-05, -5.0600000000000003e-05, -5.0600000000000003e-05, -6.27e-05, -6.38e-05, -5.72e-05, -4.8400000000000004e-05, -4.9500000000000004e-05, -5.94e-05, -6.82e-05, -5.0600000000000003e-05, -4.07e-05, -5.0600000000000003e-05, -6.27e-05, -7.26e-05, -5.61e-05, -5.0600000000000003e-05, -5.17e-05, -5.94e-05, -7.37e-05, -6.38e-05, -5.61e-05, -5.72e-05, -6.6e-05, -5.83e-05, -6.16e-05, -4.8400000000000004e-05, -4.9500000000000004e-05, -7.26e-05, -7.92e-05, -6.05e-05, -4.29e-05, -5.61e-05, -5.94e-05, -7.04e-05, -5.83e-05, -4.5100000000000005e-05, -5.5e-05, -5.17e-05, -7.37e-05, -6.38e-05, -4.8400000000000004e-05, -5.39e-05, -6.05e-05, -7.59e-05, -6.71e-05, -4.9500000000000004e-05, -5.17e-05, -6.71e-05, -7.48e-05, -6.16e-05, -4.8400000000000004e-05, -5.17e-05, -6.82e-05, -7.04e-05, -6.6e-05, -4.07e-05, -4.6200000000000005e-05, -6.05e-05, -6.6e-05, -5.72e-05, -4.5100000000000005e-05, -4.8400000000000004e-05, -7.37e-05, -7.7e-05, -6.27e-05, -4.6200000000000005e-05, -4.9500000000000004e-05, -7.15e-05, -6.49e-05, -5.61e-05, -4.6200000000000005e-05, -4.7300000000000005e-05, -6.38e-05, -5.72e-05, -5.72e-05, -4.7300000000000005e-05, -4.4e-05, -6.49e-05, -7.59e-05, -6.71e-05, -5.72e-05, -5.17e-05, -6.49e-05, -7.15e-05, -6.16e-05, -4.9500000000000004e-05, -4.18e-05, -6.93e-05, -6.82e-05, -6.05e-05, -3.96e-05, -6.05e-05, -6.49e-05, -6.71e-05, -5.83e-05, -4.6200000000000005e-05, -5.39e-05, -5.83e-05, -6.93e-05, -6.82e-05, -5.0600000000000003e-05, -5.0600000000000003e-05, -7.37e-05, -6.49e-05, -6.05e-05, -4.18e-05, -5.17e-05, -6.6e-05, -6.71e-05, -5.94e-05, -4.7300000000000005e-05, -5.17e-05, -6.38e-05, -7.37e-05, -6.27e-05, -4.8400000000000004e-05, -3.85e-05, -6.49e-05, -6.82e-05, -5.61e-05, -5.61e-05, -4.29e-05, -6.71e-05, -7.48e-05, -5.61e-05, -3.85e-05, -5.0600000000000003e-05, -7.26e-05, -6.93e-05, -5.5e-05, -4.5100000000000005e-05, -5.5e-05, -6.82e-05, -6.93e-05, -6.71e-05, -5.61e-05, -4.8400000000000004e-05, -6.6e-05, -6.38e-05, -5.61e-05, -5.0600000000000003e-05, -4.4e-05, -5.72e-05, -7.26e-05, -6.05e-05, -4.29e-05, -4.18e-05, -6.71e-05, -7.37e-05, -5.83e-05, -4.6200000000000005e-05, -5.28e-05, -6.49e-05, -7.59e-05, -5.83e-05, -4.18e-05, -5.5e-05, -5.94e-05, -7.15e-05, -6.6e-05, -4.29e-05, -5.61e-05, -6.27e-05, -7.26e-05, -7.15e-05, -4.8400000000000004e-05, -5.0600000000000003e-05, -6.6e-05, -5.83e-05, -6.05e-05, -4.6200000000000005e-05, -6.16e-05, -7.15e-05, -6.82e-05, -6.82e-05, -4.29e-05, -5.28e-05, -6.93e-05, -6.82e-05, -5.17e-05, -4.5100000000000005e-05, -4.5100000000000005e-05, -6.38e-05, -7.81e-05, -5.83e-05, -5.0600000000000003e-05, -5.28e-05, -6.6e-05, -7.37e-05, -5.28e-05, -5.28e-05, -5.0600000000000003e-05, -6.71e-05, -7.15e-05, -6.93e-05, -4.9500000000000004e-05, -4.4e-05, -6.6e-05, -7.26e-05, -5.0600000000000003e-05, -5.0600000000000003e-05, -4.7300000000000005e-05, -6.82e-05, -6.93e-05, -5.28e-05, -5.39e-05, -5.39e-05, -6.27e-05, -6.27e-05, -5.0600000000000003e-05, -3.74e-05, -5.17e-05, -6.16e-05, -6.82e-05, -5.72e-05, -4.6200000000000005e-05, -5.94e-05, -6.38e-05, -7.26e-05, -6.38e-05, -4.29e-05, -4.9500000000000004e-05, -7.15e-05, -7.26e-05, -6.16e-05, -4.6200000000000005e-05, -5.17e-05, -5.83e-05, -6.49e-05, -6.38e-05, -5.94e-05, -5.61e-05, -6.82e-05, -6.16e-05, -5.39e-05, -5.94e-05, -5.61e-05, -6.27e-05, -6.93e-05, -4.9500000000000004e-05, -5.0600000000000003e-05, -5.0600000000000003e-05, -6.93e-05, -6.71e-05, -5.61e-05, -4.4e-05, -4.9500000000000004e-05, -6.71e-05]","[-0.00018590000000000002, -0.0002222, -0.000176, -0.0001386, -0.0001551, -0.00019580000000000002, -0.0002167, -0.00018700000000000002, -0.0001452, -0.0001353, -0.00019030000000000002, -0.0002233, -0.00019250000000000002, -0.0001463, -0.0001375, -0.00018260000000000002, -0.0002167, -0.00018700000000000002, -0.0001408, -0.0001386, -0.00018480000000000002, -0.0002189, -0.00019800000000000002, -0.0001408, -0.0001474, -0.00018810000000000002, -0.0002189, -0.00018920000000000002, -0.0001441, -0.0001463, -0.00018260000000000002, -0.0002332, -0.00019580000000000002, -0.0001386, -0.0001419, -0.00019360000000000002, -0.0002068, -0.00018920000000000002, -0.0001441, -0.0001474, -0.00019580000000000002, -0.0002167, -0.00018810000000000002, -0.0001397, -0.000143, -0.00019360000000000002, -0.0002134, -0.00019140000000000002, -0.0001419, -0.000143, -0.00019250000000000002, -0.0002167, -0.00018590000000000002, -0.0001397, -0.0001353, -0.00018810000000000002, -0.0002189, -0.00018590000000000002, -0.0001452, -0.0001375, -0.00019470000000000002, -0.0002167, -0.00018700000000000002, -0.0001397, -0.000154, -0.00019910000000000001, -0.0002178, -0.00018370000000000002, -0.0001408, -0.0001441, -0.00019470000000000002, -0.0002211, -0.00018590000000000002, -0.000132, -0.0001375, -0.00019140000000000002, -0.0002167, -0.00019030000000000002, -0.0001386, -0.0001463, -0.00018590000000000002, -0.0002134, -0.0002046, -0.0001397, -0.0001529, -0.00019140000000000002, -0.00022, -0.00019140000000000002, -0.0001353, -0.0001452, -0.00019470000000000002, -0.0002112, -0.00018260000000000002, -0.0001419, -0.0001485, -0.00019030000000000002, -0.0002255, -0.00018040000000000002, -0.0001485, -0.0001331, -0.00019250000000000002, -0.0002211, -0.00018920000000000002, -0.0001441, -0.0001386, -0.00019030000000000002, -0.00022, -0.00018150000000000002, -0.0001408, -0.0001375, -0.00019140000000000002, -0.0002233, -0.00018040000000000002, -0.0001375, -0.000143, -0.00018700000000000002, -0.00022, -0.00019140000000000002, -0.000143, -0.0001507, -0.00018810000000000002, -0.0002145, -0.00020240000000000001, -0.0001463, -0.000143, -0.00019030000000000002, -0.0002068, -0.00019800000000000002, -0.0001452, -0.0001507, -0.00019030000000000002, -0.0002101, -0.00018480000000000002, -0.0001397, -0.0001386, -0.00018040000000000002, -0.0002211, -0.00019470000000000002, -0.0001529, -0.0001364, -0.00018920000000000002, -0.0002123, -0.00019140000000000002, -0.0001375, -0.0001485, -0.00018920000000000002, -0.0002145, -0.00019250000000000002, -0.0001342, -0.0001331, -0.00018810000000000002, -0.0002068, -0.00019690000000000002, -0.0001529, -0.000143, -0.00018700000000000002, -0.0002156, -0.00018810000000000002, -0.0001364, -0.0001474, -0.00018920000000000002, -0.0002244, -0.00019140000000000002, -0.0001562, -0.0001342, -0.00019470000000000002, -0.0002288, -0.00019030000000000002, -0.0001353, -0.0001408, -0.00018700000000000002, -0.0002068, -0.00019580000000000002, -0.0001342, -0.0001496, -0.00018480000000000002, -0.0002222, -0.00019250000000000002, -0.0001419, -0.0001386, -0.00019910000000000001, -0.0002189, -0.00018150000000000002, -0.0001452, -0.0001496, -0.00019140000000000002, -0.0002046, -0.00019580000000000002, -0.0001485, -0.0001364, -0.00019470000000000002, -0.000209, -0.00018920000000000002, -0.0001507, -0.000143, -0.00019690000000000002, -0.0002101, -0.00019030000000000002, -0.0001496, -0.0001463, -0.00018590000000000002, -0.0002178, -0.00019140000000000002, -0.0001397, -0.0001375, -0.00019140000000000002, -0.0002112, -0.00018810000000000002, -0.0001507, -0.0001408, -0.00019470000000000002, -0.0002167, -0.00019140000000000002, -0.0001474, -0.0001474, -0.00018150000000000002, -0.00022, -0.00018480000000000002, -0.0001375, -0.0001331, -0.00019580000000000002, -0.0002123, -0.00018590000000000002, -0.0001485, -0.000143, -0.00018700000000000002, -0.0002211, -0.00018920000000000002, -0.0001375, -0.0001452, -0.00019140000000000002, -0.0002189, -0.00018590000000000002, -0.0001386, -0.0001331, -0.00018810000000000002, -0.0002101, -0.00018150000000000002, -0.0001364, -0.0001386, -0.00019250000000000002, -0.0002112, -0.00019690000000000002, -0.0001309, -0.0001342, -0.00019690000000000002, -0.00022, -0.00019030000000000002, -0.0001397, -0.000143, -0.00018810000000000002, -0.0002167, -0.00018810000000000002, -0.0001518, -0.0001529, -0.00019030000000000002, -0.0002156, -0.00019250000000000002, -0.000132, -0.0001463, -0.00019910000000000001, -0.0002233, -0.00018810000000000002, -0.0001386, -0.0001375, -0.00019470000000000002, -0.0002134, -0.00018260000000000002, -0.0001463, -0.0001452, -0.00019140000000000002, -0.0002101, -0.00018590000000000002, -0.0001419, -0.0001375, -0.00020240000000000001, -0.0002167, -0.00018480000000000002, -0.0001452, -0.0001452, -0.00018260000000000002, -0.0002222, -0.00020130000000000001, -0.0001419, -0.0001441, -0.00019250000000000002, -0.0002145, -0.00019690000000000002, -0.0001496, -0.0001408, -0.00019800000000000002, -0.0002134, -0.00019580000000000002, -0.0001485, -0.0001342, -0.00019030000000000002, -0.000209, -0.00019030000000000002, -0.0001353, -0.0001408, -0.0001749, -0.0002189, -0.00019140000000000002, -0.0001463, -0.0001441, -0.00019360000000000002, -0.0002134, -0.00018810000000000002, -0.0001353, -0.0001518, -0.00018260000000000002, -0.0002266, -0.00019030000000000002, -0.0001386, -0.000154, -0.00019140000000000002, -0.0002277, -0.00018810000000000002, -0.0001342, -0.0001353, -0.00019470000000000002, -0.0002178, -0.00019030000000000002, -0.0001551, -0.0001507, -0.00019140000000000002, -0.0002101, -0.00019360000000000002, -0.0001408, -0.0001364, -0.00018810000000000002, -0.0002211, -0.00019250000000000002, -0.0001463, -0.0001496, -0.00019470000000000002, -0.0002211, -0.00018260000000000002, -0.0001441, -0.0001463, -0.00019360000000000002, -0.0002156, -0.00019360000000000002, -0.0001463, -0.0001364, -0.00019140000000000002, -0.0002156, -0.00019580000000000002, -0.0001419, -0.0001397, -0.00018150000000000002, -0.0002101, -0.00019580000000000002, -0.0001375, -0.0001386, -0.00019030000000000002, -0.0002189, -0.00018920000000000002, -0.0001342, -0.000143, -0.00019800000000000002, -0.0002156, -0.00019250000000000002, -0.0001441, -0.0001485, -0.00019140000000000002, -0.00022, -0.00019030000000000002, -0.0001408, -0.0001463, -0.00019360000000000002, -0.0002101, -0.00018590000000000002, -0.0001397, -0.0001441, -0.00019360000000000002, -0.0002156, -0.00018810000000000002, -0.0001353, -0.0001342, -0.00019360000000000002, -0.0002156, -0.00019030000000000002, -0.0001408, -0.0001441, -0.00019140000000000002, -0.00022, -0.00019250000000000002, -0.0001331, -0.000143, -0.00018150000000000002, -0.0002189, -0.00018260000000000002, -0.0001408, -0.0001474, -0.00019360000000000002, -0.0002167, -0.00019360000000000002, -0.0001353, -0.0001364, -0.00019800000000000002, -0.0002178, -0.00019030000000000002, -0.0001397, -0.0001419, -0.00018810000000000002, -0.0002145, -0.00017930000000000002, -0.0001419, -0.0001441, -0.00019140000000000002, -0.0002156, -0.00017710000000000002, -0.0001463, -0.0001518, -0.00019250000000000002, -0.0002189, -0.00018810000000000002, -0.0001342, -0.0001441, -0.00019690000000000002, -0.0002178, -0.00018040000000000002, -0.000143, -0.0001408, -0.00018700000000000002, -0.0002134, -0.00018370000000000002, -0.0001474, -0.0001518, -0.00018920000000000002, -0.000209, -0.00019030000000000002, -0.0001452, -0.0001441, -0.00019250000000000002, -0.0002189, -0.00019030000000000002, -0.0001342, -0.0001375, -0.00018480000000000002, -0.0002211, -0.00017930000000000002, -0.0001452, -0.0001474, -0.00019470000000000002, -0.0002057, -0.00019470000000000002, -0.000143, -0.0001419, -0.00019360000000000002, -0.0002211, -0.00018590000000000002, -0.0001529, -0.0001474, -0.00018370000000000002, -0.0002222, -0.00018480000000000002, -0.0001397, -0.000143, -0.00019360000000000002, -0.0002112, -0.00018700000000000002, -0.0001353, -0.0001529, -0.00018810000000000002, -0.0002211, -0.00018040000000000002, -0.0001331, -0.0001419, -0.00017820000000000002, -0.0002167, -0.00018590000000000002, -0.0001353, -0.0001496, -0.00018590000000000002, -0.0002189, -0.00018700000000000002, -0.0001375, -0.000143, -0.00018920000000000002, -0.0002178, -0.00019690000000000002, -0.0001474, -0.0001441, -0.00019360000000000002, -0.0002156, -0.00019140000000000002, -0.0001309, -0.0001397, -0.00019250000000000002, -0.0002156, -0.00019360000000000002, -0.0001507, -0.0001452, -0.00019360000000000002, -0.0002145, -0.00018150000000000002, -0.0001408, -0.0001474]","[0.0007854, 0.0009372, 0.0006677, 0.00031790000000000003, 0.00040260000000000003, 0.0007733, 0.0009317, 0.0006732, 0.00033, 0.0004092, 0.0007876000000000001, 0.0009383000000000001, 0.0006743000000000001, 0.0003256, 0.00040040000000000003, 0.0007942, 0.0009405, 0.000671, 0.0003278, 0.0004158, 0.0007942, 0.0009416, 0.0006677, 0.0003267, 0.0004125, 0.0007953000000000001, 0.0009438000000000001, 0.0006688, 0.0003256, 0.0003971, 0.0007986, 0.0009317, 0.0006754, 0.0003432, 0.00040480000000000003, 0.0007909000000000001, 0.0009394000000000001, 0.0006622, 0.0003212, 0.0004059, 0.0007931, 0.0009306000000000001, 0.0006732, 0.0003124, 0.0004103, 0.0007931, 0.0009559000000000001, 0.0006633, 0.00033, 0.0004125, 0.0007942, 0.0009427000000000001, 0.0006633, 0.0003256, 0.0004092, 0.0007931, 0.0009438000000000001, 0.0006688, 0.0003256, 0.00040260000000000003, 0.0007909000000000001, 0.0009350000000000001, 0.0006743000000000001, 0.0003366, 0.0003993, 0.0007931, 0.0009328, 0.0006765, 0.0003278, 0.0004015, 0.0007920000000000001, 0.0009383000000000001, 0.0006754, 0.0003278, 0.0004015, 0.0007953000000000001, 0.0009295000000000001, 0.000671, 0.0003234, 0.000407, 0.0008041000000000001, 0.0009383000000000001, 0.0006754, 0.00032230000000000003, 0.0004136, 0.0007997000000000001, 0.0009383000000000001, 0.0006655000000000001, 0.0003256, 0.000407, 0.0007876000000000001, 0.0009361, 0.0006798, 0.00032450000000000003, 0.0004158, 0.0007986, 0.0009372, 0.0006633, 0.0003355, 0.0004037, 0.0007997000000000001, 0.0009438000000000001, 0.0006765, 0.0003234, 0.0004015, 0.0007920000000000001, 0.0009350000000000001, 0.0006677, 0.0003267, 0.00040480000000000003, 0.0007931, 0.0009383000000000001, 0.0006633, 0.00033, 0.0004202, 0.0007942, 0.0009416, 0.0006677, 0.0003212, 0.0003971, 0.0007997000000000001, 0.0009361, 0.0006578, 0.00032450000000000003, 0.0004081, 0.0007942, 0.0009229, 0.0006655000000000001, 0.0003289, 0.000407, 0.0008019, 0.0009471000000000001, 0.0006732, 0.00033, 0.0004125, 0.0008041000000000001, 0.0009394000000000001, 0.0006567000000000001, 0.0003256, 0.0004092, 0.0007942, 0.0009372, 0.000682, 0.0003311, 0.00040480000000000003, 0.000803, 0.0009427000000000001, 0.0006699000000000001, 0.0003256, 0.0004136, 0.0007953000000000001, 0.0009317, 0.0006611000000000001, 0.00033, 0.0004059, 0.0007898, 0.0009372, 0.0006732, 0.0003168, 0.0004037, 0.0008019, 0.0009394000000000001, 0.0006754, 0.0003289, 0.0004015, 0.0008052000000000001, 0.0009416, 0.0006743000000000001, 0.0003212, 0.000407, 0.0007986, 0.0009339000000000001, 0.0006677, 0.0003322, 0.0004147, 0.0007887, 0.0009372, 0.0006556, 0.0003289, 0.0004125, 0.0007909000000000001, 0.0009383000000000001, 0.000671, 0.0003289, 0.0004114, 0.0007920000000000001, 0.0009361, 0.000671, 0.0003289, 0.000407, 0.0007975, 0.0009515000000000001, 0.0006589, 0.0003289, 0.0004081, 0.0007865000000000001, 0.0009416, 0.0006721, 0.0003234, 0.0004059, 0.0007953000000000001, 0.0009350000000000001, 0.0006666, 0.00033, 0.0004125, 0.000803, 0.0009449, 0.0006776, 0.0003256, 0.000407, 0.0007953000000000001, 0.0009394000000000001, 0.0006732, 0.00032230000000000003, 0.0004114, 0.0008008000000000001, 0.000946, 0.0006666, 0.0003212, 0.000407, 0.0008019, 0.0009306000000000001, 0.000671, 0.000319, 0.0004158, 0.0007975, 0.0009416, 0.0006677, 0.0003289, 0.0004125, 0.0007964000000000001, 0.0009383000000000001, 0.0006754, 0.0003311, 0.0004191, 0.0007942, 0.0009361, 0.0006633, 0.0003289, 0.0004158, 0.0008019, 0.0009504, 0.0006644, 0.00031350000000000003, 0.0004092, 0.0007964000000000001, 0.0009427000000000001, 0.0006688, 0.0003355, 0.0004059, 0.000803, 0.0009493, 0.0006611000000000001, 0.0003278, 0.0004169, 0.0007975, 0.0009394000000000001, 0.0006644, 0.0003388, 0.0004037, 0.0007986, 0.0009394000000000001, 0.0006699000000000001, 0.00031790000000000003, 0.000407, 0.0007898, 0.0009361, 0.00066, 0.0003344, 0.00040480000000000003, 0.0007953000000000001, 0.0009372, 0.00066, 0.00032010000000000003, 0.0004092, 0.0007975, 0.0009372, 0.0006644, 0.0003278, 0.0004103, 0.0007986, 0.0009394000000000001, 0.0006754, 0.0003311, 0.0004147, 0.0007953000000000001, 0.0009295000000000001, 0.0006644, 0.00033, 0.0004059, 0.0007953000000000001, 0.0009361, 0.0006699000000000001, 0.0003322, 0.0004147, 0.0007997000000000001, 0.0009350000000000001, 0.0006688, 0.00032010000000000003, 0.0004191, 0.0007909000000000001, 0.0009383000000000001, 0.0006556, 0.00033, 0.0004158, 0.0007975, 0.0009328, 0.0006622, 0.00032450000000000003, 0.0004125, 0.0008019, 0.0009416, 0.0006677, 0.0003256, 0.0004103, 0.0007975, 0.0009405, 0.0006721, 0.00033, 0.0004136, 0.0007986, 0.0009427000000000001, 0.0006655000000000001, 0.0003234, 0.000418, 0.0007931, 0.0009361, 0.0006666, 0.0003454, 0.0004158, 0.0007887, 0.0009394000000000001, 0.0006666, 0.0003234, 0.0004125, 0.0007876000000000001, 0.0009350000000000001, 0.0006699000000000001, 0.00032230000000000003, 0.000407, 0.0007986, 0.0009350000000000001, 0.0006655000000000001, 0.00032450000000000003, 0.0004158, 0.0007920000000000001, 0.0009361, 0.0006611000000000001, 0.00032450000000000003, 0.000418, 0.0007920000000000001, 0.0009394000000000001, 0.0006578, 0.00032450000000000003, 0.0004169, 0.0008074, 0.0009350000000000001, 0.0006666, 0.0003278, 0.0004147, 0.0007909000000000001, 0.0009306000000000001, 0.0006655000000000001, 0.0003355, 0.0004059, 0.0007997000000000001, 0.0009416, 0.0006589, 0.0003256, 0.000407, 0.0007931, 0.000946, 0.000671, 0.00033, 0.0004059, 0.0007942, 0.0009328, 0.0006611000000000001, 0.0003289, 0.0004125, 0.0007975, 0.0009416, 0.0006611000000000001, 0.00031570000000000003, 0.0004158, 0.0007964000000000001, 0.0009339000000000001, 0.0006578, 0.0003311, 0.0004125, 0.0008074, 0.0009504, 0.0006743000000000001, 0.00031790000000000003, 0.0004081, 0.0007953000000000001, 0.0009438000000000001, 0.0006732, 0.0003256, 0.0004147, 0.0007986, 0.0009394000000000001, 0.0006644, 0.0003102, 0.0004081, 0.0007931, 0.0009438000000000001, 0.0006534, 0.0003333, 0.0004103, 0.0008008000000000001, 0.0009405, 0.0006556, 0.0003278, 0.0004147, 0.0007997000000000001, 0.000946, 0.0006490000000000001, 0.0003344, 0.0004114, 0.0007986, 0.0009251000000000001, 0.0006622, 0.00032230000000000003, 0.0004136, 0.0007909000000000001, 0.0009328, 0.0006732, 0.00032010000000000003, 0.0004191, 0.0008008000000000001, 0.0009405, 0.0006699000000000001, 0.00032450000000000003, 0.000418, 0.0007898, 0.0009317, 0.0006655000000000001, 0.0003311, 0.0004125, 0.0008074, 0.0009416, 0.0006721, 0.00032230000000000003, 0.0004114, 0.0008008000000000001, 0.0009394000000000001, 0.0006688, 0.00032230000000000003, 0.0004114, 0.0007942, 0.000946, 0.0006578, 0.0003256, 0.0004202, 0.0007942, 0.0009416, 0.0006611000000000001, 0.0003234, 0.0004191, 0.0008107, 0.0009405, 0.0006699000000000001, 0.0003234, 0.0004092, 0.0007986, 0.0009449, 0.0006677, 0.0003278, 0.0004202, 0.0008041000000000001, 0.0009416, 0.0006611000000000001, 0.0003333, 0.0004136, 0.0008019, 0.0009383000000000001, 0.0006589, 0.0003322, 0.0004114, 0.0007997000000000001, 0.0009482000000000001, 0.0006666, 0.0003256, 0.0004224, 0.0007975, 0.0009394000000000001, 0.00066, 0.0003256, 0.0004081, 0.0007920000000000001, 0.0009361, 0.0006644, 0.00032230000000000003, 0.0004015, 0.0008052000000000001, 0.0009295000000000001, 0.0006699000000000001, 0.0003168, 0.0004037]",1
37,"[-5.17e-05, -5.83e-05, -6.27e-05, -8.14e-05, -6.6e-05, -4.9500000000000004e-05, -5.17e-05, -6.38e-05, -7.48e-05, -5.39e-05, -4.8400000000000004e-05, -4.8400000000000004e-05, -6.82e-05, -7.59e-05, -6.82e-05, -5.39e-05, -5.72e-05, -6.38e-05, -7.92e-05, -6.82e-05, -5.28e-05, -5.39e-05, -6.49e-05, -7.37e-05, -7.04e-05, -5.28e-05, -6.16e-05, -7.37e-05, -7.81e-05, -6.27e-05, -4.5100000000000005e-05, -4.4e-05, -7.59e-05, -7.81e-05, -7.15e-05, -5.28e-05, -5.0600000000000003e-05, -7.37e-05, -7.48e-05, -6.6e-05, -6.27e-05, -5.5e-05, -6.6e-05, -7.7e-05, -6.93e-05, -5.17e-05, -5.39e-05, -8.14e-05, -7.04e-05, -6.38e-05, -5.61e-05, -6.27e-05, -6.27e-05, -7.81e-05, -6.16e-05, -4.9500000000000004e-05, -6.27e-05, -7.15e-05, -7.59e-05, -7.37e-05, -5.61e-05, -5.39e-05, -6.6e-05, -8.36e-05, -6.27e-05, -5.17e-05, -3.74e-05, -7.04e-05, -8.14e-05, -6.49e-05, -5.39e-05, -4.8400000000000004e-05, -6.71e-05, -8.03e-05, -6.6e-05, -5.5e-05, -5.28e-05, -7.81e-05, -7.59e-05, -6.71e-05, -5.5e-05, -5.61e-05, -7.7e-05, -7.92e-05, -6.93e-05, -5.61e-05, -6.05e-05, -6.16e-05, -8.03e-05, -7.15e-05, -5.72e-05, -5.72e-05, -6.49e-05, -8.14e-05, -6.82e-05, -5.83e-05, -6.49e-05, -6.93e-05, -7.15e-05, -6.38e-05, -5.5e-05, -5.28e-05, -7.37e-05, -8.03e-05, -6.82e-05, -5.0600000000000003e-05, -6.27e-05, -6.82e-05, -8.25e-05, -7.15e-05, -4.6200000000000005e-05, -5.72e-05, -7.26e-05, -8.03e-05, -6.6e-05, -5.94e-05, -5.28e-05, -7.04e-05, -7.59e-05, -6.71e-05, -5.61e-05, -5.72e-05, -7.15e-05, -7.7e-05, -7.48e-05, -5.17e-05, -5.28e-05, -7.59e-05, -7.81e-05, -6.49e-05, -4.18e-05, -5.94e-05, -6.6e-05, -7.7e-05, -7.37e-05, -4.6200000000000005e-05, -4.29e-05, -6.38e-05, -6.82e-05, -6.71e-05, -5.28e-05, -5.94e-05, -7.26e-05, -8.03e-05, -6.49e-05, -6.16e-05, -5.28e-05, -6.16e-05, -7.59e-05, -7.37e-05, -4.8400000000000004e-05, -5.5e-05, -7.37e-05, -8.14e-05, -7.15e-05, -5.0600000000000003e-05, -5.39e-05, -7.04e-05, -8.03e-05, -6.27e-05, -6.27e-05, -5.5e-05, -6.93e-05, -7.92e-05, -6.38e-05, -4.6200000000000005e-05, -5.17e-05, -6.71e-05, -7.7e-05, -7.04e-05, -5.72e-05, -6.6e-05, -6.27e-05, -7.37e-05, -6.93e-05, -5.61e-05, -4.07e-05, -6.6e-05, -7.26e-05, -7.15e-05, -5.5e-05, -4.4e-05, -6.71e-05, -7.37e-05, -6.16e-05, -5.83e-05, -5.5e-05, -6.71e-05, -8.03e-05, -5.5e-05, -5.61e-05, -6.05e-05, -7.26e-05, -7.7e-05, -6.93e-05, -5.61e-05, -5.0600000000000003e-05, -6.93e-05, -7.7e-05, -7.48e-05, -5.5e-05, -5.72e-05, -7.15e-05, -7.59e-05, -7.7e-05, -5.61e-05, -5.94e-05, -7.48e-05, -6.93e-05, -6.82e-05, -4.5100000000000005e-05, -5.39e-05, -6.82e-05, -8.69e-05, -7.26e-05, -4.9500000000000004e-05, -6.05e-05, -7.59e-05, -8.14e-05, -7.15e-05, -5.5e-05, -6.27e-05, -7.04e-05, -7.81e-05, -6.82e-05, -5.0600000000000003e-05, -5.83e-05, -6.93e-05, -7.48e-05, -6.05e-05, -6.05e-05, -4.8400000000000004e-05, -7.37e-05, -7.92e-05, -6.05e-05, -5.61e-05, -4.9500000000000004e-05, -7.59e-05, -7.37e-05, -6.6e-05, -5.5e-05, -4.8400000000000004e-05, -6.71e-05, -7.81e-05, -7.04e-05, -5.5e-05, -5.39e-05, -7.7e-05, -7.04e-05, -7.04e-05, -5.28e-05, -5.17e-05, -6.71e-05, -7.92e-05, -7.15e-05, -4.8400000000000004e-05, -5.61e-05, -6.71e-05, -7.04e-05, -6.82e-05, -5.94e-05, -4.9500000000000004e-05, -6.38e-05, -7.26e-05, -6.6e-05, -4.29e-05, -4.9500000000000004e-05, -6.82e-05, -7.59e-05, -6.49e-05, -6.05e-05, -6.16e-05, -7.7e-05, -7.81e-05, -7.7e-05, -5.61e-05, -5.72e-05, -7.04e-05, -8.25e-05, -5.94e-05, -6.05e-05, -4.9500000000000004e-05, -8.03e-05, -7.37e-05, -6.38e-05, -5.83e-05, -5.61e-05, -6.6e-05, -7.48e-05, -6.49e-05, -4.6200000000000005e-05, -4.9500000000000004e-05, -6.16e-05, -7.7e-05, -6.16e-05, -5.0600000000000003e-05, -5.5e-05, -6.6e-05, -7.7e-05, -7.15e-05, -5.61e-05, -4.8400000000000004e-05, -7.81e-05, -8.03e-05, -6.49e-05, -5.17e-05, -4.9500000000000004e-05, -6.93e-05, -8.14e-05, -6.71e-05, -5.83e-05, -5.39e-05, -7.48e-05, -7.92e-05, -5.94e-05, -6.49e-05, -5.72e-05, -6.71e-05, -7.59e-05, -8.47e-05, -5.83e-05, -5.28e-05, -6.93e-05, -8.14e-05, -8.25e-05, -7.15e-05, -5.72e-05, -6.82e-05, -8.36e-05, -7.26e-05, -5.39e-05, -6.05e-05, -7.15e-05, -8.03e-05, -6.71e-05, -5.17e-05, -5.28e-05, -7.7e-05, -8.03e-05, -7.59e-05, -4.7300000000000005e-05, -5.0600000000000003e-05, -7.48e-05, -7.92e-05, -6.93e-05, -5.17e-05, -5.28e-05, -6.49e-05, -8.14e-05, -6.93e-05, -5.0600000000000003e-05, -5.28e-05, -6.93e-05, -8.25e-05, -6.49e-05, -4.9500000000000004e-05, -5.83e-05, -6.71e-05, -7.81e-05, -6.49e-05, -4.8400000000000004e-05, -5.83e-05, -7.59e-05, -7.92e-05, -7.04e-05, -5.83e-05, -5.94e-05, -6.93e-05, -7.37e-05, -6.6e-05, -4.7300000000000005e-05, -4.8400000000000004e-05, -7.37e-05, -8.47e-05, -6.71e-05, -5.83e-05, -6.05e-05, -8.36e-05, -8.03e-05, -7.37e-05, -5.17e-05, -5.17e-05, -6.82e-05, -7.7e-05, -8.25e-05, -5.61e-05, -5.72e-05, -7.37e-05, -7.04e-05, -5.83e-05, -4.9500000000000004e-05, -5.61e-05, -8.14e-05, -8.36e-05, -5.72e-05, -4.7300000000000005e-05, -4.8400000000000004e-05, -6.6e-05, -8.03e-05, -6.82e-05, -5.17e-05, -5.83e-05, -6.71e-05, -7.48e-05, -7.04e-05, -4.9500000000000004e-05, -5.5e-05, -7.7e-05, -7.7e-05, -7.59e-05, -5.5e-05, -5.5e-05, -7.04e-05, -7.92e-05, -7.59e-05, -5.94e-05, -5.83e-05, -6.82e-05, -7.81e-05, -6.38e-05, -5.17e-05, -5.61e-05, -6.82e-05, -6.71e-05, -6.71e-05, -5.39e-05, -4.8400000000000004e-05, -7.04e-05, -7.37e-05, -6.71e-05, -5.72e-05, -5.5e-05, -7.15e-05, -7.59e-05, -6.16e-05, -4.9500000000000004e-05, -5.61e-05, -5.94e-05, -8.58e-05, -5.83e-05, -5.61e-05, -4.9500000000000004e-05, -7.15e-05, -8.47e-05, -5.72e-05, -5.39e-05, -5.39e-05, -7.26e-05, -7.7e-05, -7.37e-05, -5.28e-05, -4.7300000000000005e-05, -7.04e-05, -8.58e-05, -6.6e-05, -5.83e-05, -5.83e-05, -7.81e-05, -8.03e-05, -7.04e-05, -5.61e-05, -5.5e-05, -6.93e-05, -8.25e-05, -7.15e-05, -5.5e-05, -5.0600000000000003e-05, -6.16e-05, -7.59e-05, -6.82e-05, -5.5e-05, -5.0600000000000003e-05, -8.03e-05, -7.37e-05, -7.37e-05, -5.72e-05, -5.0600000000000003e-05, -6.93e-05, -6.71e-05, -6.38e-05, -5.17e-05, -5.17e-05, -6.93e-05, -7.92e-05, -7.15e-05, -4.8400000000000004e-05, -4.9500000000000004e-05, -7.92e-05, -8.8e-05, -7.26e-05, -6.05e-05, -5.28e-05, -6.05e-05, -7.92e-05, -7.81e-05, -5.28e-05, -5.28e-05, -6.05e-05, -8.03e-05, -6.05e-05]","[-0.00019690000000000002, -0.0001441, -0.0001452, -0.00019030000000000002, -0.0002266, -0.00018480000000000002, -0.0001342, -0.0001408, -0.00018370000000000002, -0.0002134, -0.00018590000000000002, -0.0001441, -0.0001452, -0.00018480000000000002, -0.0002233, -0.00018700000000000002, -0.0001419, -0.0001419, -0.00018260000000000002, -0.0002145, -0.00019580000000000002, -0.0001419, -0.0001419, -0.00018920000000000002, -0.0002222, -0.00019470000000000002, -0.0001331, -0.0001408, -0.00019800000000000002, -0.00020240000000000001, -0.00019030000000000002, -0.0001463, -0.0001463, -0.00020240000000000001, -0.0002046, -0.00019140000000000002, -0.0001452, -0.0001485, -0.00019800000000000002, -0.0002068, -0.00018150000000000002, -0.0001441, -0.0001419, -0.00019250000000000002, -0.0002134, -0.00019030000000000002, -0.0001452, -0.0001441, -0.00019690000000000002, -0.0002266, -0.00018700000000000002, -0.0001342, -0.0001496, -0.00018920000000000002, -0.0002167, -0.00019030000000000002, -0.000143, -0.0001419, -0.00019470000000000002, -0.0002156, -0.00018700000000000002, -0.0001419, -0.000154, -0.00019250000000000002, -0.0002233, -0.00019250000000000002, -0.0001463, -0.0001496, -0.00018150000000000002, -0.0002134, -0.00018260000000000002, -0.0001507, -0.0001507, -0.00018700000000000002, -0.000231, -0.00018260000000000002, -0.0001309, -0.0001386, -0.00019360000000000002, -0.0002167, -0.00019580000000000002, -0.0001419, -0.0001551, -0.00019910000000000001, -0.0002222, -0.00018700000000000002, -0.0001353, -0.0001386, -0.00019140000000000002, -0.0002255, -0.0001749, -0.0001419, -0.0001529, -0.00020130000000000001, -0.0002123, -0.00019030000000000002, -0.0001353, -0.0001353, -0.00018810000000000002, -0.0002211, -0.00019360000000000002, -0.000143, -0.000143, -0.00019690000000000002, -0.0002233, -0.00019250000000000002, -0.0001342, -0.0001452, -0.00019800000000000002, -0.0002233, -0.00017930000000000002, -0.0001397, -0.0001485, -0.00019360000000000002, -0.0002134, -0.00018370000000000002, -0.0001452, -0.0001408, -0.00018920000000000002, -0.0002101, -0.00019580000000000002, -0.0001375, -0.000132, -0.00018260000000000002, -0.0002244, -0.00018370000000000002, -0.0001408, -0.0001474, -0.00019580000000000002, -0.0002178, -0.00019030000000000002, -0.0001397, -0.0001529, -0.00018590000000000002, -0.0002189, -0.00019030000000000002, -0.0001485, -0.0001485, -0.00019250000000000002, -0.0002189, -0.00018260000000000002, -0.0001507, -0.0001562, -0.00019030000000000002, -0.0002167, -0.00019580000000000002, -0.000143, -0.0001331, -0.00019140000000000002, -0.00022, -0.00019140000000000002, -0.0001386, -0.0001441, -0.00019690000000000002, -0.0002288, -0.00018590000000000002, -0.0001507, -0.0001463, -0.00019250000000000002, -0.0002244, -0.00018810000000000002, -0.0001386, -0.0001496, -0.00019800000000000002, -0.0002123, -0.00019470000000000002, -0.0001397, -0.0001518, -0.00018920000000000002, -0.0002145, -0.00019360000000000002, -0.0001375, -0.0001485, -0.00019140000000000002, -0.0002145, -0.00018920000000000002, -0.0001397, -0.0001408, -0.00019910000000000001, -0.0002035, -0.00019800000000000002, -0.0001463, -0.0001408, -0.00019250000000000002, -0.0002112, -0.00018590000000000002, -0.000143, -0.0001408, -0.00018810000000000002, -0.0002233, -0.00018590000000000002, -0.0001331, -0.0001507, -0.00019690000000000002, -0.0002178, -0.00019470000000000002, -0.0001309, -0.0001375, -0.00019580000000000002, -0.0002244, -0.00018700000000000002, -0.0001397, -0.0001573, -0.00020020000000000001, -0.0002178, -0.00019690000000000002, -0.0001441, -0.0001463, -0.00020130000000000001, -0.0002079, -0.00019250000000000002, -0.0001485, -0.0001485, -0.00018370000000000002, -0.0002222, -0.00018920000000000002, -0.000143, -0.0001507, -0.00019800000000000002, -0.0002211, -0.00018370000000000002, -0.0001474, -0.000143, -0.00019800000000000002, -0.0002145, -0.00018480000000000002, -0.0001518, -0.0001331, -0.00019250000000000002, -0.00022, -0.00019910000000000001, -0.0001452, -0.0001573, -0.00018700000000000002, -0.0002101, -0.00018480000000000002, -0.0001386, -0.0001397, -0.00019690000000000002, -0.0002233, -0.00017930000000000002, -0.0001397, -0.0001463, -0.00019470000000000002, -0.0002134, -0.00018260000000000002, -0.0001463, -0.0001441, -0.00018700000000000002, -0.0002244, -0.00019030000000000002, -0.0001551, -0.0001419, -0.0002046, -0.0002189, -0.00019250000000000002, -0.0001375, -0.0001386, -0.00019690000000000002, -0.0002156, -0.00019690000000000002, -0.0001298, -0.0001463, -0.0002035, -0.0002156, -0.00019140000000000002, -0.0001364, -0.0001397, -0.00019470000000000002, -0.0002266, -0.00019580000000000002, -0.0001364, -0.0001353, -0.00020130000000000001, -0.0002167, -0.00019140000000000002, -0.0001397, -0.0001474, -0.00019580000000000002, -0.0002156, -0.00018920000000000002, -0.0001364, -0.0001419, -0.00018700000000000002, -0.0002299, -0.00019030000000000002, -0.0001364, -0.0001518, -0.00019580000000000002, -0.0002145, -0.00020240000000000001, -0.0001309, -0.0001485, -0.00019250000000000002, -0.0002222, -0.00018810000000000002, -0.0001364, -0.0001397, -0.00019030000000000002, -0.0002156, -0.00018700000000000002, -0.0001441, -0.0001496, -0.00020240000000000001, -0.0002112, -0.00018700000000000002, -0.0001386, -0.0001496, -0.00018590000000000002, -0.0002222, -0.00018920000000000002, -0.0001419, -0.0001342, -0.00019690000000000002, -0.00022, -0.00018590000000000002, -0.0001441, -0.0001342, -0.00019580000000000002, -0.0002233, -0.00018590000000000002, -0.0001375, -0.0001507, -0.00019030000000000002, -0.0002244, -0.00018920000000000002, -0.0001331, -0.0001452, -0.00019140000000000002, -0.0002299, -0.00019140000000000002, -0.0001331, -0.0001441, -0.00019580000000000002, -0.0002145, -0.00018590000000000002, -0.0001298, -0.0001496, -0.00020020000000000001, -0.0002167, -0.00018040000000000002, -0.0001408, -0.0001408, -0.00019360000000000002, -0.0002156, -0.00018590000000000002, -0.0001441, -0.0001386, -0.00019360000000000002, -0.0002134, -0.00018040000000000002, -0.0001375, -0.0001397, -0.00020130000000000001, -0.0002101, -0.00018920000000000002, -0.000132, -0.0001452, -0.00019470000000000002, -0.0002233, -0.00018480000000000002, -0.000143, -0.0001485, -0.0002035, -0.0002189, -0.00018150000000000002, -0.0001397, -0.0001507, -0.00019140000000000002, -0.0002145, -0.00018700000000000002, -0.0001419, -0.0001485, -0.00019360000000000002, -0.0002167, -0.00019580000000000002, -0.0001408, -0.0001408, -0.00018810000000000002, -0.0002211, -0.00019250000000000002, -0.0001408, -0.0001474, -0.00019360000000000002, -0.0002079, -0.00018810000000000002, -0.0001375, -0.0001507, -0.00017820000000000002, -0.0002101, -0.00019030000000000002, -0.0001397, -0.000143, -0.00019580000000000002, -0.0002134, -0.00018810000000000002, -0.000143, -0.0001386, -0.00018590000000000002, -0.0002178, -0.00018150000000000002, -0.0001408, -0.0001419, -0.00019580000000000002, -0.0002134, -0.00018150000000000002, -0.0001496, -0.0001507, -0.00018590000000000002, -0.0002211, -0.00018260000000000002, -0.000143, -0.0001474, -0.00019250000000000002, -0.0002112, -0.00019250000000000002, -0.0001463, -0.0001375, -0.00018920000000000002, -0.0002167, -0.00019140000000000002, -0.0001342, -0.0001419, -0.00019470000000000002, -0.00022, -0.00018810000000000002, -0.0001298, -0.0001496, -0.00019910000000000001, -0.00022, -0.00019250000000000002, -0.0001419, -0.0001474, -0.00020240000000000001, -0.0002123, -0.00018150000000000002, -0.0001408, -0.0001496, -0.00019470000000000002, -0.0002134, -0.00020130000000000001, -0.0001353, -0.0001441, -0.00019910000000000001, -0.0002167, -0.0001749, -0.0001408, -0.0001507, -0.00019030000000000002, -0.0002178, -0.00018150000000000002, -0.000132, -0.0001452, -0.00019580000000000002, -0.0002112, -0.00017930000000000002, -0.0001375, -0.000143, -0.00019250000000000002, -0.0002167, -0.00019140000000000002, -0.0001463, -0.0001518, -0.00020130000000000001, -0.0002134, -0.00018370000000000002, -0.0001364, -0.0001452, -0.00018040000000000002, -0.0002178, -0.00018700000000000002, -0.0001386, -0.0001529, -0.00019140000000000002, -0.0002101, -0.0001716, -0.0001309, -0.0001408, -0.00019140000000000002, -0.0002189, -0.00018810000000000002, -0.0001375, -0.0001529, -0.0002035, -0.0002101, -0.00018040000000000002, -0.0001386, -0.000143, -0.00020130000000000001, -0.0002178, -0.00018590000000000002, -0.0001496, -0.000143, -0.0002046, -0.0002222, -0.000176, -0.000132, -0.0001452, -0.00019140000000000002, -0.0002189]","[0.0006589, 0.00031790000000000003, 0.0004224, 0.0008052000000000001, 0.0009372, 0.0006578, 0.00032010000000000003, 0.0004191, 0.0008184, 0.0009471000000000001, 0.0006501, 0.0003212, 0.0004169, 0.0008151, 0.0009383000000000001, 0.0006534, 0.00032230000000000003, 0.0004224, 0.0008063, 0.0009361, 0.0006578, 0.0003278, 0.0004312, 0.0008107, 0.0009394000000000001, 0.0006622, 0.00032230000000000003, 0.00042570000000000005, 0.0008151, 0.0009449, 0.0006556, 0.00032010000000000003, 0.000429, 0.0008041000000000001, 0.0009350000000000001, 0.00066, 0.000319, 0.0004213, 0.0008041000000000001, 0.0009427000000000001, 0.0006578, 0.00032230000000000003, 0.0004158, 0.0008151, 0.0009427000000000001, 0.0006589, 0.0003267, 0.0004224, 0.0008063, 0.0009350000000000001, 0.0006556, 0.00032010000000000003, 0.00042350000000000005, 0.0008151, 0.0009427000000000001, 0.0006567000000000001, 0.0003311, 0.00043010000000000005, 0.000825, 0.0009394000000000001, 0.0006578, 0.0003168, 0.000429, 0.0008008000000000001, 0.0009471000000000001, 0.0006545, 0.00032010000000000003, 0.0004246, 0.0008184, 0.0009438000000000001, 0.0006589, 0.0003212, 0.0004246, 0.0008151, 0.000946, 0.0006567000000000001, 0.00032230000000000003, 0.00042570000000000005, 0.0008151, 0.0009405, 0.0006622, 0.0003289, 0.0004268, 0.0008085000000000001, 0.0009449, 0.0006578, 0.00031790000000000003, 0.0004246, 0.0008239, 0.0009537, 0.0006567000000000001, 0.0003344, 0.00043230000000000005, 0.0008107, 0.0009317, 0.0006534, 0.00031130000000000003, 0.00042790000000000005, 0.0008151, 0.0009427000000000001, 0.0006589, 0.0003289, 0.00042570000000000005, 0.0008107, 0.0009350000000000001, 0.0006545, 0.00030910000000000003, 0.00042350000000000005, 0.0008184, 0.0009482000000000001, 0.0006567000000000001, 0.0003234, 0.00043010000000000005, 0.0008184, 0.0009372, 0.0006523000000000001, 0.000319, 0.000429, 0.000814, 0.0009339000000000001, 0.0006633, 0.000319, 0.0004268, 0.0008063, 0.0009482000000000001, 0.0006490000000000001, 0.00031350000000000003, 0.0004246, 0.0008217000000000001, 0.0009350000000000001, 0.0006534, 0.0003289, 0.0004246, 0.0008283, 0.0009482000000000001, 0.0006567000000000001, 0.0003234, 0.0004191, 0.0008173000000000001, 0.0009372, 0.0006688, 0.00032230000000000003, 0.0004213, 0.0008129000000000001, 0.0009405, 0.0006567000000000001, 0.00033, 0.000429, 0.0008129000000000001, 0.0009416, 0.0006556, 0.00032450000000000003, 0.00042570000000000005, 0.0008085000000000001, 0.0009449, 0.00066, 0.0003256, 0.0004191, 0.0008096000000000001, 0.0009416, 0.0006534, 0.0003311, 0.00043230000000000005, 0.0008206, 0.0009416, 0.0006633, 0.0003256, 0.00042790000000000005, 0.0008085000000000001, 0.0009548, 0.0006556, 0.00031790000000000003, 0.00042570000000000005, 0.0008129000000000001, 0.0009482000000000001, 0.0006545, 0.00032010000000000003, 0.00043010000000000005, 0.0008162, 0.0009383000000000001, 0.0006512, 0.0003168, 0.000429, 0.0008206, 0.0009449, 0.0006545, 0.0003102, 0.000429, 0.0008151, 0.0009372, 0.0006512, 0.00032230000000000003, 0.00043010000000000005, 0.0008162, 0.0009416, 0.0006479000000000001, 0.0003212, 0.00042790000000000005, 0.0008162, 0.0009416, 0.0006556, 0.00032230000000000003, 0.000429, 0.0008162, 0.0009438000000000001, 0.0006512, 0.000319, 0.0004169, 0.0008107, 0.0009394000000000001, 0.0006556, 0.0003256, 0.0004268, 0.0008217000000000001, 0.0009449, 0.0006545, 0.0003289, 0.0004312, 0.0008173000000000001, 0.0009295000000000001, 0.0006611000000000001, 0.0003333, 0.00043010000000000005, 0.0008096000000000001, 0.000946, 0.0006556, 0.0003267, 0.0004334, 0.0008107, 0.0009416, 0.0006589, 0.0003289, 0.0004268, 0.0008151, 0.0009438000000000001, 0.0006490000000000001, 0.000319, 0.00043230000000000005, 0.0008206, 0.0009383000000000001, 0.0006523000000000001, 0.0003146, 0.00042350000000000005, 0.0008096000000000001, 0.0009427000000000001, 0.0006512, 0.00032010000000000003, 0.00043230000000000005, 0.0008173000000000001, 0.0009295000000000001, 0.0006589, 0.00032010000000000003, 0.0004224, 0.0008173000000000001, 0.0009350000000000001, 0.0006545, 0.00032230000000000003, 0.0004268, 0.0008173000000000001, 0.0009317, 0.0006490000000000001, 0.0003278, 0.00043010000000000005, 0.0008162, 0.0009339000000000001, 0.0006545, 0.0003256, 0.0004147, 0.0008085000000000001, 0.0009438000000000001, 0.0006556, 0.00032230000000000003, 0.0004312, 0.0008085000000000001, 0.0009482000000000001, 0.0006501, 0.00031570000000000003, 0.0004312, 0.0008184, 0.0009328, 0.0006578, 0.00032010000000000003, 0.0004356, 0.0008195, 0.0009350000000000001, 0.0006556, 0.000319, 0.000429, 0.0008107, 0.0009416, 0.0006622, 0.0003234, 0.000429, 0.0008151, 0.0009372, 0.0006435000000000001, 0.0003234, 0.000429, 0.0008217000000000001, 0.0009416, 0.0006512, 0.0003256, 0.0004202, 0.000814, 0.0009405, 0.0006512, 0.00033, 0.0004356, 0.0008107, 0.0009372, 0.0006534, 0.00031570000000000003, 0.00042790000000000005, 0.0008173000000000001, 0.0009295000000000001, 0.0006501, 0.00032010000000000003, 0.0004268, 0.0008096000000000001, 0.0009383000000000001, 0.0006479000000000001, 0.0003234, 0.0004268, 0.0008217000000000001, 0.0009361, 0.0006523000000000001, 0.0003146, 0.000429, 0.0008228, 0.0009449, 0.0006545, 0.00031570000000000003, 0.0004356, 0.0008151, 0.0009383000000000001, 0.0006534, 0.0003278, 0.000429, 0.0008151, 0.0009328, 0.0006358000000000001, 0.00032230000000000003, 0.000418, 0.0008228, 0.0009427000000000001, 0.0006479000000000001, 0.0003267, 0.00042790000000000005, 0.0008096000000000001, 0.0009383000000000001, 0.0006468, 0.0003234, 0.00042790000000000005, 0.0008096000000000001, 0.0009416, 0.0006611000000000001, 0.00031570000000000003, 0.000418, 0.0008074, 0.0009526000000000001, 0.0006534, 0.0003278, 0.00043230000000000005, 0.0008162, 0.0009416, 0.0006479000000000001, 0.00032010000000000003, 0.00042350000000000005, 0.0008217000000000001, 0.0009427000000000001, 0.0006567000000000001, 0.0003267, 0.00042570000000000005, 0.000825, 0.0009416, 0.0006545, 0.0003212, 0.0004268, 0.0008096000000000001, 0.0009438000000000001, 0.0006545, 0.0003267, 0.0004268, 0.0008173000000000001, 0.0009372, 0.0006468, 0.0003168, 0.00043450000000000004, 0.0008129000000000001, 0.0009405, 0.0006490000000000001, 0.0003168, 0.0004224, 0.000814, 0.0009306000000000001, 0.0006633, 0.00031790000000000003, 0.000418, 0.0008206, 0.0009471000000000001, 0.0006479000000000001, 0.00031790000000000003, 0.0004213, 0.0008272, 0.0009372, 0.0006556, 0.00031570000000000003, 0.0004224, 0.0008151, 0.0009350000000000001, 0.0006468, 0.0003124, 0.00043890000000000004, 0.000814, 0.0009471000000000001, 0.0006655000000000001, 0.0003278, 0.00043670000000000004, 0.0008228, 0.0009361, 0.0006512, 0.0003256, 0.00043230000000000005, 0.0008107, 0.000946, 0.0006479000000000001, 0.0003234, 0.000418, 0.0008195, 0.0009449, 0.0006512, 0.0003267, 0.00042790000000000005, 0.0008151, 0.0009339000000000001, 0.0006490000000000001, 0.0003168, 0.0004268, 0.0008239, 0.0009449, 0.0006468, 0.0003212, 0.0004246, 0.0008228, 0.0009361, 0.0006446000000000001, 0.0003212, 0.00042350000000000005, 0.0008195, 0.0009416, 0.0006501, 0.00031790000000000003, 0.000429, 0.0008129000000000001, 0.0009438000000000001, 0.0006490000000000001, 0.0003102, 0.00043230000000000005, 0.0008129000000000001, 0.0009416, 0.0006501, 0.00032010000000000003, 0.0004312, 0.0008184, 0.0009405, 0.0006512, 0.00032450000000000003, 0.0004246, 0.0008195, 0.0009372, 0.0006523000000000001, 0.0003212, 0.00042790000000000005, 0.0008085000000000001, 0.0009328, 0.0006556, 0.0003344, 0.0004334, 0.0008195, 0.0009317, 0.0006611000000000001, 0.0003256, 0.0004378, 0.0008239, 0.0009383000000000001, 0.0006589, 0.00031130000000000003, 0.000429, 0.0008074, 0.0009372, 0.0006446000000000001, 0.0003267, 0.00043010000000000005, 0.0008217000000000001, 0.0009328, 0.0006402000000000001, 0.0003234, 0.0004422, 0.000814, 0.0009394000000000001]",2
38,"[-7.7e-05, -7.37e-05, -6.71e-05, -5.72e-05, -5.61e-05, -7.15e-05, -8.69e-05, -7.81e-05, -5.72e-05, -5.72e-05, -7.81e-05, -8.47e-05, -7.59e-05, -5.94e-05, -5.83e-05, -7.15e-05, -8.69e-05, -7.48e-05, -5.83e-05, -6.38e-05, -6.93e-05, -8.69e-05, -7.37e-05, -5.0600000000000003e-05, -6.38e-05, -7.26e-05, -8.47e-05, -8.14e-05, -6.05e-05, -6.27e-05, -8.14e-05, -9.020000000000001e-05, -7.81e-05, -6.71e-05, -5.72e-05, -7.04e-05, -9.020000000000001e-05, -7.7e-05, -5.17e-05, -6.05e-05, -8.14e-05, -9.680000000000001e-05, -8.47e-05, -6.49e-05, -6.27e-05, -6.93e-05, -8.25e-05, -7.37e-05, -5.39e-05, -5.94e-05, -7.48e-05, -9.240000000000001e-05, -7.7e-05, -5.94e-05, -5.72e-05, -7.15e-05, -8.910000000000001e-05, -8.03e-05, -6.71e-05, -6.6e-05, -7.92e-05, -9.680000000000001e-05, -7.7e-05, -5.17e-05, -5.94e-05, -7.15e-05, -9.020000000000001e-05, -7.37e-05, -5.83e-05, -6.05e-05, -7.26e-05, -8.69e-05, -8.69e-05, -6.49e-05, -5.39e-05, -7.7e-05, -8.8e-05, -7.04e-05, -6.82e-05, -5.94e-05, -8.03e-05, -8.8e-05, -8.36e-05, -6.49e-05, -5.72e-05, -7.37e-05, -8.69e-05, -6.93e-05, -5.83e-05, -5.17e-05, -7.81e-05, -7.92e-05, -8.36e-05, -5.61e-05, -5.0600000000000003e-05, -6.49e-05, -8.25e-05, -8.910000000000001e-05, -5.39e-05, -5.0600000000000003e-05, -8.14e-05, -9.130000000000001e-05, -8.36e-05, -5.61e-05, -6.27e-05, -7.26e-05, -7.92e-05, -7.15e-05, -5.94e-05, -6.6e-05, -7.59e-05, -8.69e-05, -7.59e-05, -5.5e-05, -5.83e-05, -7.92e-05, -8.14e-05, -8.25e-05, -6.71e-05, -5.72e-05, -7.15e-05, -7.92e-05, -7.48e-05, -5.61e-05, -6.16e-05, -7.81e-05, -8.8e-05, -7.48e-05, -5.72e-05, -5.83e-05, -7.59e-05, -8.69e-05, -7.48e-05, -6.05e-05, -5.17e-05, -6.6e-05, -8.8e-05, -8.14e-05, -6.6e-05, -5.28e-05, -7.7e-05, -8.47e-05, -6.82e-05, -6.16e-05, -5.5e-05, -7.92e-05, -9.020000000000001e-05, -8.69e-05, -4.6200000000000005e-05, -5.0600000000000003e-05, -7.59e-05, -9.020000000000001e-05, -8.8e-05, -6.6e-05, -6.16e-05, -8.03e-05, -8.47e-05, -6.71e-05, -5.0600000000000003e-05, -5.94e-05, -7.26e-05, -8.8e-05, -7.15e-05, -6.82e-05, -6.27e-05, -7.81e-05, -8.58e-05, -7.15e-05, -5.94e-05, -5.94e-05, -8.69e-05, -9.680000000000001e-05, -8.14e-05, -6.27e-05, -5.17e-05, -6.71e-05, -8.910000000000001e-05, -6.71e-05, -5.61e-05, -6.82e-05, -7.37e-05, -8.910000000000001e-05, -8.58e-05, -5.72e-05, -6.16e-05, -6.82e-05, -8.69e-05, -6.93e-05, -6.16e-05, -4.8400000000000004e-05, -7.59e-05, -8.910000000000001e-05, -8.25e-05, -4.8400000000000004e-05, -5.94e-05, -7.7e-05, -9.020000000000001e-05, -8.03e-05, -7.04e-05, -5.61e-05, -7.26e-05, -9.680000000000001e-05, -7.48e-05, -6.93e-05, -5.94e-05, -7.81e-05, -8.03e-05, -8.910000000000001e-05, -5.28e-05, -6.38e-05, -6.82e-05, -7.48e-05, -8.58e-05, -6.6e-05, -6.27e-05, -8.03e-05, -8.58e-05, -8.69e-05, -5.94e-05, -6.27e-05, -7.15e-05, -9.020000000000001e-05, -8.25e-05, -7.26e-05, -6.27e-05, -8.03e-05, -9.790000000000001e-05, -7.48e-05, -5.61e-05, -6.27e-05, -6.49e-05, -8.36e-05, -8.25e-05, -5.94e-05, -6.71e-05, -7.37e-05, -8.69e-05, -7.37e-05, -5.17e-05, -6.27e-05, -6.93e-05, -8.58e-05, -7.37e-05, -5.94e-05, -6.38e-05, -7.59e-05, -9.350000000000001e-05, -7.7e-05, -5.83e-05, -6.82e-05, -6.82e-05, -8.69e-05, -6.71e-05, -6.05e-05, -5.28e-05, -7.37e-05, -9.130000000000001e-05, -8.25e-05, -6.05e-05, -5.39e-05, -7.15e-05, -9.240000000000001e-05, -8.47e-05, -6.05e-05, -5.72e-05, -7.92e-05, -8.14e-05, -7.81e-05, -5.39e-05, -5.72e-05, -7.37e-05, -8.25e-05, -7.81e-05, -6.05e-05, -5.94e-05, -8.47e-05, -8.47e-05, -8.58e-05, -5.5e-05, -5.17e-05, -6.93e-05, -8.36e-05, -7.92e-05, -5.61e-05, -6.82e-05, -7.81e-05, -8.47e-05, -7.81e-05, -5.72e-05, -5.83e-05, -7.48e-05, -9.680000000000001e-05, -7.26e-05, -6.05e-05, -6.38e-05, -7.92e-05, -8.910000000000001e-05, -7.81e-05, -6.05e-05, -5.61e-05, -7.48e-05, -9.130000000000001e-05, -7.37e-05, -6.82e-05, -5.39e-05, -7.37e-05, -8.03e-05, -7.81e-05, -5.83e-05, -6.05e-05, -6.49e-05, -8.03e-05, -7.7e-05, -5.61e-05, -6.27e-05, -8.25e-05, -9.020000000000001e-05, -8.910000000000001e-05, -5.72e-05, -5.61e-05, -7.92e-05, -7.7e-05, -7.48e-05, -5.61e-05, -6.16e-05, -7.48e-05, -8.69e-05, -7.92e-05, -5.5e-05, -5.72e-05, -8.03e-05, -9.240000000000001e-05, -7.59e-05, -6.05e-05, -6.38e-05, -7.04e-05, -8.8e-05, -8.69e-05, -6.6e-05, -5.28e-05, -7.81e-05, -8.47e-05, -7.81e-05, -5.94e-05, -5.83e-05, -7.37e-05, -8.36e-05, -8.14e-05, -5.61e-05, -6.27e-05, -7.15e-05, -8.910000000000001e-05, -8.47e-05, -6.05e-05, -5.61e-05, -7.37e-05, -8.8e-05, -8.47e-05, -5.61e-05, -5.5e-05, -7.48e-05, -8.25e-05, -8.25e-05, -6.38e-05, -5.72e-05, -7.59e-05, -8.8e-05, -7.7e-05, -6.16e-05, -5.5e-05, -8.03e-05, -8.03e-05, -8.36e-05, -6.38e-05, -4.8400000000000004e-05, -7.81e-05, -9.020000000000001e-05, -7.59e-05, -6.16e-05, -5.5e-05, -7.37e-05, -9.570000000000001e-05, -8.47e-05, -5.72e-05, -6.16e-05, -8.03e-05, -8.69e-05, -7.26e-05, -6.05e-05, -5.61e-05, -6.71e-05, -8.8e-05, -8.58e-05, -6.27e-05, -5.5e-05, -6.93e-05, -8.36e-05, -7.81e-05, -5.83e-05, -6.27e-05, -7.59e-05, -9.240000000000001e-05, -8.25e-05, -6.6e-05, -5.39e-05, -7.7e-05, -8.25e-05, -8.14e-05, -6.16e-05, -5.28e-05, -7.26e-05, -9.460000000000001e-05, -8.03e-05, -5.83e-05, -5.5e-05, -6.27e-05, -8.69e-05, -7.81e-05, -6.05e-05, -5.94e-05, -7.37e-05, -9.130000000000001e-05, -7.48e-05, -6.27e-05, -5.17e-05, -7.59e-05, -9.020000000000001e-05, -8.14e-05, -6.16e-05, -5.39e-05, -6.6e-05, -7.92e-05, -9.020000000000001e-05, -6.27e-05, -5.28e-05, -7.7e-05, -9.130000000000001e-05, -7.81e-05, -5.83e-05, -5.5e-05, -7.81e-05, -8.8e-05, -8.14e-05, -6.05e-05, -6.05e-05, -7.92e-05, -8.58e-05, -8.14e-05, -6.38e-05, -5.17e-05, -7.81e-05, -8.47e-05, -8.69e-05, -4.7300000000000005e-05, -5.5e-05, -6.82e-05, -8.03e-05, -8.8e-05, -5.61e-05, -5.94e-05, -7.7e-05, -8.58e-05, -7.7e-05, -5.83e-05, -5.0600000000000003e-05, -7.59e-05, -8.47e-05, -7.59e-05, -6.16e-05, -6.38e-05, -6.71e-05, -8.69e-05, -7.26e-05, -5.94e-05, -6.05e-05, -7.92e-05, -0.00010010000000000001, -8.03e-05, -7.15e-05, -6.27e-05, -7.26e-05, -8.58e-05, -8.14e-05, -5.83e-05, -6.27e-05, -7.15e-05, -9.460000000000001e-05, -7.7e-05, -5.17e-05, -5.5e-05, -8.25e-05, -8.25e-05, -8.25e-05, -5.72e-05, -5.94e-05, -8.910000000000001e-05, -8.8e-05, -7.48e-05, -6.71e-05]","[-0.0001463, -0.00019800000000000002, -0.0002255, -0.00019250000000000002, -0.0001419, -0.0001529, -0.00019800000000000002, -0.0002211, -0.00019470000000000002, -0.0001408, -0.000143, -0.00019250000000000002, -0.0002101, -0.00019030000000000002, -0.0001474, -0.0001397, -0.00019580000000000002, -0.0002156, -0.00019030000000000002, -0.0001452, -0.0001551, -0.00019690000000000002, -0.0002233, -0.00018700000000000002, -0.0001441, -0.0001397, -0.00019690000000000002, -0.0002222, -0.00018370000000000002, -0.0001364, -0.0001507, -0.00019800000000000002, -0.0002156, -0.00019030000000000002, -0.0001408, -0.0001485, -0.00018260000000000002, -0.0002101, -0.00019030000000000002, -0.0001463, -0.0001551, -0.00019910000000000001, -0.0002189, -0.00018480000000000002, -0.0001397, -0.0001408, -0.00019800000000000002, -0.0002244, -0.00019140000000000002, -0.0001331, -0.0001485, -0.00019470000000000002, -0.0002101, -0.00018810000000000002, -0.000132, -0.0001353, -0.00019140000000000002, -0.0002101, -0.00018040000000000002, -0.0001452, -0.0001397, -0.00018810000000000002, -0.0002156, -0.00018480000000000002, -0.0001408, -0.0001441, -0.00019800000000000002, -0.0002222, -0.00017820000000000002, -0.0001386, -0.0001485, -0.0002035, -0.0002145, -0.00018480000000000002, -0.000132, -0.0001551, -0.00019910000000000001, -0.00022, -0.00019910000000000001, -0.0001364, -0.0001496, -0.00018920000000000002, -0.0002244, -0.00018150000000000002, -0.0001419, -0.0001353, -0.00019470000000000002, -0.0002167, -0.00018810000000000002, -0.0001386, -0.0001529, -0.00019800000000000002, -0.0002211, -0.00018040000000000002, -0.0001397, -0.0001441, -0.00020020000000000001, -0.0002178, -0.00018370000000000002, -0.0001408, -0.0001419, -0.00018920000000000002, -0.0002266, -0.00019140000000000002, -0.0001342, -0.0001441, -0.00020130000000000001, -0.0002156, -0.00018590000000000002, -0.0001331, -0.0001584, -0.00019580000000000002, -0.0002178, -0.00018480000000000002, -0.0001375, -0.0001353, -0.00019030000000000002, -0.00022, -0.00019030000000000002, -0.0001452, -0.0001419, -0.00019470000000000002, -0.00022, -0.00018810000000000002, -0.0001375, -0.000143, -0.000209, -0.0002233, -0.00018810000000000002, -0.0001408, -0.0001408, -0.00019470000000000002, -0.0002123, -0.00017930000000000002, -0.0001397, -0.0001375, -0.00019800000000000002, -0.0002189, -0.00018370000000000002, -0.0001496, -0.0001408, -0.0002035, -0.0002145, -0.00018920000000000002, -0.0001397, -0.0001463, -0.00019250000000000002, -0.0002255, -0.00018810000000000002, -0.0001441, -0.000143, -0.00019910000000000001, -0.0002057, -0.00018150000000000002, -0.000143, -0.0001452, -0.00020020000000000001, -0.0002145, -0.00019030000000000002, -0.0001408, -0.0001562, -0.00020130000000000001, -0.000231, -0.00018700000000000002, -0.0001386, -0.0001408, -0.00019910000000000001, -0.000209, -0.00018590000000000002, -0.000143, -0.0001496, -0.00020020000000000001, -0.0002211, -0.00018590000000000002, -0.0001342, -0.0001485, -0.00019580000000000002, -0.0002266, -0.00017930000000000002, -0.0001408, -0.000143, -0.00019910000000000001, -0.0002222, -0.00018150000000000002, -0.0001452, -0.0001397, -0.0002035, -0.0002255, -0.00018480000000000002, -0.0001408, -0.0001452, -0.00019690000000000002, -0.0002134, -0.00018040000000000002, -0.0001397, -0.0001463, -0.00020130000000000001, -0.0002255, -0.00018810000000000002, -0.0001485, -0.000154, -0.00019580000000000002, -0.0002332, -0.00019140000000000002, -0.0001518, -0.0001485, -0.00018920000000000002, -0.0002266, -0.00019360000000000002, -0.0001342, -0.0001496, -0.00018810000000000002, -0.0002156, -0.00018810000000000002, -0.0001441, -0.0001496, -0.00019470000000000002, -0.0002189, -0.00019360000000000002, -0.0001419, -0.0001331, -0.00019250000000000002, -0.0002167, -0.00018920000000000002, -0.0001408, -0.0001408, -0.00019250000000000002, -0.0002145, -0.00018150000000000002, -0.0001342, -0.000143, -0.00020020000000000001, -0.0002211, -0.00018370000000000002, -0.0001419, -0.0001463, -0.00019580000000000002, -0.0002112, -0.00019030000000000002, -0.0001507, -0.0001496, -0.00019140000000000002, -0.0002255, -0.00018700000000000002, -0.0001419, -0.0001452, -0.00019250000000000002, -0.0002145, -0.00019030000000000002, -0.0001353, -0.0001496, -0.00019800000000000002, -0.0002189, -0.00018700000000000002, -0.0001364, -0.0001584, -0.00018590000000000002, -0.00022, -0.00019140000000000002, -0.0001375, -0.0001507, -0.00018480000000000002, -0.0002134, -0.00018920000000000002, -0.0001386, -0.0001441, -0.00019360000000000002, -0.0002145, -0.00018480000000000002, -0.0001375, -0.0001463, -0.00020020000000000001, -0.0002112, -0.00019140000000000002, -0.000143, -0.0001573, -0.00019470000000000002, -0.0002233, -0.00018590000000000002, -0.0001397, -0.0001584, -0.0002068, -0.0002211, -0.00018040000000000002, -0.0001408, -0.0001463, -0.00019360000000000002, -0.00022, -0.00019030000000000002, -0.0001353, -0.0001496, -0.0002035, -0.0002244, -0.00018480000000000002, -0.0001331, -0.0001463, -0.00019580000000000002, -0.0002211, -0.00018260000000000002, -0.0001419, -0.0001397, -0.00020020000000000001, -0.00022, -0.00019360000000000002, -0.0001309, -0.0001485, -0.00019580000000000002, -0.0002211, -0.00018700000000000002, -0.0001419, -0.0001595, -0.00019360000000000002, -0.0002178, -0.000176, -0.0001353, -0.000154, -0.00019690000000000002, -0.0002244, -0.00018590000000000002, -0.0001485, -0.0001408, -0.00019690000000000002, -0.0002167, -0.00018920000000000002, -0.0001452, -0.0001386, -0.00019580000000000002, -0.0002167, -0.00018370000000000002, -0.000143, -0.0001529, -0.00019250000000000002, -0.0002112, -0.00019250000000000002, -0.0001298, -0.0001485, -0.00019800000000000002, -0.0002145, -0.00019250000000000002, -0.000143, -0.0001474, -0.00020020000000000001, -0.00022, -0.00018810000000000002, -0.0001474, -0.0001474, -0.00018700000000000002, -0.0002123, -0.00018480000000000002, -0.0001419, -0.0001518, -0.00018810000000000002, -0.0002079, -0.00018370000000000002, -0.000143, -0.0001452, -0.00018810000000000002, -0.0002189, -0.00018480000000000002, -0.0001397, -0.0001562, -0.00020240000000000001, -0.0002211, -0.00018260000000000002, -0.0001375, -0.0001507, -0.00019910000000000001, -0.0002189, -0.00018590000000000002, -0.0001408, -0.0001507, -0.00019910000000000001, -0.0002211, -0.00018150000000000002, -0.0001364, -0.0001353, -0.00019910000000000001, -0.0002255, -0.00019030000000000002, -0.0001353, -0.0001441, -0.00019910000000000001, -0.0002167, -0.00018700000000000002, -0.0001408, -0.0001529, -0.00019800000000000002, -0.0002134, -0.00018260000000000002, -0.0001353, -0.000143, -0.00018920000000000002, -0.0002145, -0.00018920000000000002, -0.0001309, -0.0001452, -0.00020130000000000001, -0.0002046, -0.00019030000000000002, -0.0001441, -0.0001496, -0.0002046, -0.0002233, -0.00018480000000000002, -0.0001353, -0.0001452, -0.00018700000000000002, -0.0002189, -0.00018590000000000002, -0.0001419, -0.0001474, -0.00019910000000000001, -0.000209, -0.00018700000000000002, -0.000143, -0.0001441, -0.00020020000000000001, -0.0002321, -0.00018370000000000002, -0.0001419, -0.0001441, -0.00019470000000000002, -0.0002123, -0.00018590000000000002, -0.0001353, -0.0001452, -0.00019690000000000002, -0.0002134, -0.00018040000000000002, -0.0001441, -0.0001452, -0.00019030000000000002, -0.0002321, -0.00018370000000000002, -0.0001342, -0.000154, -0.00019360000000000002, -0.0002211, -0.00018260000000000002, -0.0001474, -0.0001386, -0.00019360000000000002, -0.0002156, -0.00018370000000000002, -0.0001364, -0.0001386, -0.00018920000000000002, -0.0002178, -0.00018810000000000002, -0.0001331, -0.0001496, -0.00019360000000000002, -0.0002101, -0.00018590000000000002, -0.0001452, -0.0001485, -0.0002035, -0.0002211, -0.00019140000000000002, -0.0001408, -0.0001518, -0.00018370000000000002, -0.0002266, -0.00018920000000000002, -0.0001364, -0.0001474, -0.0002035, -0.0002288, -0.00018920000000000002, -0.0001419, -0.0001474, -0.00019690000000000002, -0.0002255, -0.00018150000000000002, -0.0001386, -0.0001419, -0.00020130000000000001, -0.0002222, -0.00018590000000000002, -0.0001485, -0.0001529, -0.00018920000000000002, -0.0002167, -0.00018590000000000002, -0.0001441, -0.0001419, -0.00019030000000000002, -0.00022, -0.00019250000000000002, -0.0001375, -0.0001408, -0.0002035, -0.0002134, -0.00018150000000000002, -0.000143, -0.0001463, -0.0002035, -0.0002145, -0.00018810000000000002]","[0.0004356, 0.0008338, 0.0009372, 0.0006479000000000001, 0.00030690000000000003, 0.0004466, 0.0008261000000000001, 0.0009383000000000001, 0.0006468, 0.0003124, 0.00043890000000000004, 0.0008283, 0.0009383000000000001, 0.0006523000000000001, 0.00032010000000000003, 0.00044330000000000004, 0.0008316, 0.0009372, 0.0006435000000000001, 0.00032230000000000003, 0.00043670000000000004, 0.0008294, 0.0009449, 0.0006446000000000001, 0.0003146, 0.0004422, 0.0008338, 0.0009383000000000001, 0.0006402000000000001, 0.00031790000000000003, 0.00044550000000000004, 0.0008327, 0.0009438000000000001, 0.0006501, 0.000308, 0.0004378, 0.0008305000000000001, 0.0009416, 0.0006413, 0.00031130000000000003, 0.0004422, 0.0008371, 0.0009427000000000001, 0.0006501, 0.00032010000000000003, 0.0004532, 0.0008327, 0.0009438000000000001, 0.0006468, 0.0003267, 0.00043890000000000004, 0.0008173000000000001, 0.0009405, 0.0006446000000000001, 0.0003146, 0.00044110000000000004, 0.0008261000000000001, 0.0009537, 0.0006413, 0.0003168, 0.0004444, 0.000825, 0.0009482000000000001, 0.0006457, 0.0003256, 0.0004466, 0.0008327, 0.000946, 0.0006435000000000001, 0.00031350000000000003, 0.0004378, 0.0008283, 0.0009339000000000001, 0.0006545, 0.00032010000000000003, 0.00043670000000000004, 0.0008349000000000001, 0.0009394000000000001, 0.0006391000000000001, 0.000308, 0.0004356, 0.0008294, 0.0009405, 0.0006501, 0.00030690000000000003, 0.00044550000000000004, 0.0008338, 0.0009372, 0.0006369, 0.0003146, 0.00044550000000000004, 0.000836, 0.0009416, 0.0006369, 0.0003212, 0.0004554, 0.0008305000000000001, 0.0009416, 0.0006402000000000001, 0.000319, 0.00044990000000000004, 0.0008437000000000001, 0.0009416, 0.0006358000000000001, 0.000319, 0.00043450000000000004, 0.0008415, 0.0009515000000000001, 0.0006358000000000001, 0.0003146, 0.00043890000000000004, 0.0008371, 0.0009372, 0.0006325, 0.00031790000000000003, 0.00044770000000000004, 0.000825, 0.0009471000000000001, 0.0006534, 0.00031790000000000003, 0.00045210000000000004, 0.0008382, 0.0009427000000000001, 0.0006468, 0.00032010000000000003, 0.0004422, 0.0008239, 0.0009372, 0.0006413, 0.00030910000000000003, 0.0004356, 0.0008338, 0.0009471000000000001, 0.0006226000000000001, 0.0003256, 0.0004422, 0.000836, 0.0009427000000000001, 0.0006402000000000001, 0.0003146, 0.00043450000000000004, 0.0008294, 0.0009427000000000001, 0.0006479000000000001, 0.00032010000000000003, 0.00044330000000000004, 0.0008426, 0.0009383000000000001, 0.0006358000000000001, 0.000319, 0.00043450000000000004, 0.0008338, 0.0009405, 0.000638, 0.00031130000000000003, 0.0004378, 0.0008316, 0.0009482000000000001, 0.000638, 0.00031790000000000003, 0.0004488, 0.0008371, 0.0009350000000000001, 0.0006435000000000001, 0.0003124, 0.0004378, 0.000836, 0.0009416, 0.0006424, 0.00031790000000000003, 0.00044770000000000004, 0.0008338, 0.0009416, 0.0006468, 0.0003234, 0.0004378, 0.0008316, 0.0009394000000000001, 0.0006391000000000001, 0.00031570000000000003, 0.00044330000000000004, 0.0008349000000000001, 0.0009405, 0.0006325, 0.0003212, 0.0004466, 0.0008393000000000001, 0.0009317, 0.0006446000000000001, 0.00031350000000000003, 0.000451, 0.0008327, 0.0009350000000000001, 0.0006391000000000001, 0.00031570000000000003, 0.00044770000000000004, 0.0008338, 0.000946, 0.0006446000000000001, 0.00032230000000000003, 0.00045210000000000004, 0.0008327, 0.0009449, 0.0006369, 0.0003234, 0.00044550000000000004, 0.0008283, 0.0009471000000000001, 0.0006435000000000001, 0.00030910000000000003, 0.0004488, 0.0008305000000000001, 0.0009482000000000001, 0.0006303, 0.00031570000000000003, 0.00044330000000000004, 0.0008404, 0.0009515000000000001, 0.0006424, 0.000319, 0.0004488, 0.000836, 0.0009405, 0.0006347000000000001, 0.000319, 0.0004444, 0.0008338, 0.0009515000000000001, 0.0006446000000000001, 0.0003212, 0.00044770000000000004, 0.000836, 0.0009427000000000001, 0.0006457, 0.000319, 0.0004378, 0.0008338, 0.0009427000000000001, 0.000638, 0.0003146, 0.0004356, 0.0008393000000000001, 0.0009295000000000001, 0.0006303, 0.00031350000000000003, 0.0004532, 0.0008283, 0.0009405, 0.0006391000000000001, 0.0003289, 0.0004444, 0.0008426, 0.000946, 0.0006391000000000001, 0.00031130000000000003, 0.000451, 0.0008393000000000001, 0.0009317, 0.0006446000000000001, 0.00031570000000000003, 0.00045210000000000004, 0.000836, 0.0009317, 0.000638, 0.00031350000000000003, 0.00046090000000000004, 0.0008415, 0.0009449, 0.0006446000000000001, 0.0003256, 0.00043450000000000004, 0.0008393000000000001, 0.0009361, 0.000638, 0.0003212, 0.0004422, 0.0008448, 0.0009482000000000001, 0.0006347000000000001, 0.0003234, 0.00044330000000000004, 0.0008382, 0.0009427000000000001, 0.000638, 0.000319, 0.0004488, 0.0008382, 0.0009427000000000001, 0.0006512, 0.0003146, 0.00044330000000000004, 0.0008338, 0.0009394000000000001, 0.0006391000000000001, 0.00032450000000000003, 0.00045430000000000004, 0.0008404, 0.0009416, 0.0006457, 0.0003058, 0.00043890000000000004, 0.0008393000000000001, 0.000946, 0.0006479000000000001, 0.00031570000000000003, 0.00045870000000000004, 0.0008437000000000001, 0.000946, 0.0006413, 0.00033, 0.000451, 0.0008426, 0.0009427000000000001, 0.000638, 0.00031130000000000003, 0.0004422, 0.0008448, 0.0009405, 0.0006347000000000001, 0.00031570000000000003, 0.000451, 0.0008404, 0.0009416, 0.0006358000000000001, 0.0003212, 0.0004444, 0.0008316, 0.0009361, 0.000638, 0.0003234, 0.00044990000000000004, 0.0008272, 0.0009471000000000001, 0.0006457, 0.000308, 0.00044330000000000004, 0.0008415, 0.0009350000000000001, 0.0006358000000000001, 0.0003124, 0.0004422, 0.0008393000000000001, 0.0009482000000000001, 0.0006369, 0.0003168, 0.0004466, 0.0008371, 0.0009482000000000001, 0.0006402000000000001, 0.00031130000000000003, 0.0004554, 0.0008404, 0.0009427000000000001, 0.0006424, 0.00031790000000000003, 0.0004466, 0.0008382, 0.0009526000000000001, 0.0006402000000000001, 0.00031790000000000003, 0.00045430000000000004, 0.0008382, 0.0009328, 0.0006424, 0.000319, 0.00044770000000000004, 0.0008327, 0.0009394000000000001, 0.0006369, 0.0003146, 0.0004378, 0.0008327, 0.000946, 0.0006336, 0.000319, 0.00044330000000000004, 0.0008393000000000001, 0.0009416, 0.000638, 0.00031790000000000003, 0.0004422, 0.000836, 0.0009471000000000001, 0.0006457, 0.00030690000000000003, 0.00044550000000000004, 0.0008382, 0.0009361, 0.0006391000000000001, 0.00031570000000000003, 0.00044550000000000004, 0.0008327, 0.0009449, 0.0006391000000000001, 0.00031790000000000003, 0.00044330000000000004, 0.0008382, 0.0009405, 0.0006479000000000001, 0.0003124, 0.0004488, 0.0008415, 0.0009438000000000001, 0.0006479000000000001, 0.00031130000000000003, 0.00045650000000000004, 0.0008316, 0.0009449, 0.0006281, 0.00032450000000000003, 0.00043890000000000004, 0.0008426, 0.0009427000000000001, 0.0006424, 0.00031130000000000003, 0.0004356, 0.000836, 0.0009372, 0.0006347000000000001, 0.0003256, 0.00043890000000000004, 0.0008349000000000001, 0.0009394000000000001, 0.0006347000000000001, 0.0003168, 0.00044990000000000004, 0.0008514000000000001, 0.0009427000000000001, 0.0006424, 0.00032450000000000003, 0.00045210000000000004, 0.0008404, 0.0009416, 0.0006369, 0.000319, 0.00044990000000000004, 0.0008371, 0.0009427000000000001, 0.0006424, 0.0003212, 0.00045430000000000004, 0.000836, 0.0009449, 0.0006358000000000001, 0.00032010000000000003, 0.0004488, 0.0008415, 0.0009449, 0.0006281, 0.0003124, 0.00045430000000000004, 0.0008371, 0.0009306000000000001, 0.0006358000000000001, 0.0003124, 0.00044770000000000004, 0.0008327, 0.0009383000000000001, 0.000638, 0.0003267, 0.00045210000000000004, 0.0008349000000000001, 0.0009427000000000001, 0.0006347000000000001, 0.0003124, 0.00044330000000000004, 0.0008382, 0.0009383000000000001, 0.0006358000000000001, 0.0003168, 0.00044550000000000004, 0.0008327, 0.0009383000000000001, 0.0006413, 0.000319, 0.00044, 0.0008503, 0.0009405, 0.0006446000000000001, 0.000308, 0.0004466, 0.0008393000000000001, 0.0009482000000000001, 0.0006303, 0.00031790000000000003, 0.000451, 0.0008283, 0.0009372, 0.0006413, 0.00031130000000000003, 0.00044770000000000004, 0.0008338, 0.0009416, 0.0006314000000000001, 0.0003146, 0.00044770000000000004, 0.0008393000000000001, 0.0009504, 0.0006314000000000001]",3
39,"[-8.58e-05, -8.36e-05, -5.5e-05, -6.49e-05, -7.26e-05, -9.130000000000001e-05, -8.36e-05, -5.72e-05, -5.94e-05, -7.7e-05, -9.130000000000001e-05, -7.81e-05, -6.6e-05, -5.39e-05, -8.47e-05, -9.900000000000001e-05, -8.25e-05, -6.05e-05, -6.38e-05, -7.81e-05, -8.36e-05, -8.25e-05, -8.14e-05, -6.27e-05, -6.93e-05, -9.240000000000001e-05, -8.69e-05, -7.15e-05, -6.38e-05, -8.47e-05, -8.8e-05, -8.36e-05, -6.6e-05, -6.27e-05, -7.92e-05, -9.790000000000001e-05, -8.8e-05, -5.94e-05, -6.16e-05, -7.92e-05, -9.680000000000001e-05, -0.00010010000000000001, -6.27e-05, -5.39e-05, -7.92e-05, -9.240000000000001e-05, -8.36e-05, -5.94e-05, -6.49e-05, -8.47e-05, -9.240000000000001e-05, -9.240000000000001e-05, -7.26e-05, -5.72e-05, -6.49e-05, -9.130000000000001e-05, -7.37e-05, -6.82e-05, -5.72e-05, -8.69e-05, -9.790000000000001e-05, -8.36e-05, -6.38e-05, -6.6e-05, -7.59e-05, -9.130000000000001e-05, -7.48e-05, -7.59e-05, -5.61e-05, -8.58e-05, -9.350000000000001e-05, -8.58e-05, -7.04e-05, -6.71e-05, -8.47e-05, -0.0001034, -8.14e-05, -6.05e-05, -5.61e-05, -7.92e-05, -8.8e-05, -9.130000000000001e-05, -6.93e-05, -5.83e-05, -8.14e-05, -9.570000000000001e-05, -9.130000000000001e-05, -7.04e-05, -6.05e-05, -8.03e-05, -9.460000000000001e-05, -7.15e-05, -6.16e-05, -6.49e-05, -7.81e-05, -9.570000000000001e-05, -7.7e-05, -5.72e-05, -5.94e-05, -8.14e-05, -9.130000000000001e-05, -9.350000000000001e-05, -6.93e-05, -6.05e-05, -7.26e-05, -9.570000000000001e-05, -8.910000000000001e-05, -6.6e-05, -6.82e-05, -8.03e-05, -9.790000000000001e-05, -7.81e-05, -6.38e-05, -5.94e-05, -7.48e-05, -0.0001023, -7.7e-05, -6.6e-05, -6.27e-05, -8.14e-05, -9.020000000000001e-05, -7.7e-05, -6.6e-05, -6.93e-05, -8.25e-05, -8.47e-05, -8.69e-05, -6.16e-05, -5.94e-05, -7.48e-05, -9.020000000000001e-05, -9.130000000000001e-05, -6.71e-05, -6.49e-05, -8.25e-05, -8.47e-05, -9.240000000000001e-05, -6.49e-05, -5.5e-05, -7.48e-05, -8.910000000000001e-05, -8.910000000000001e-05, -6.93e-05, -6.16e-05, -7.81e-05, -9.240000000000001e-05, -8.25e-05, -7.37e-05, -6.38e-05, -8.14e-05, -8.36e-05, -8.69e-05, -6.49e-05, -5.94e-05, -7.7e-05, -9.130000000000001e-05, -8.8e-05, -6.82e-05, -5.61e-05, -7.81e-05, -0.00010120000000000001, -8.58e-05, -6.82e-05, -6.6e-05, -8.47e-05, -8.36e-05, -8.25e-05, -7.48e-05, -6.16e-05, -7.7e-05, -9.900000000000001e-05, -8.910000000000001e-05, -7.37e-05, -6.93e-05, -7.37e-05, -0.0001045, -7.81e-05, -6.27e-05, -7.37e-05, -7.92e-05, -9.130000000000001e-05, -9.020000000000001e-05, -7.26e-05, -7.04e-05, -7.81e-05, -9.570000000000001e-05, -8.69e-05, -6.71e-05, -5.5e-05, -8.69e-05, -0.00010120000000000001, -8.910000000000001e-05, -6.16e-05, -6.93e-05, -7.04e-05, -8.8e-05, -9.570000000000001e-05, -6.71e-05, -6.05e-05, -8.910000000000001e-05, -8.69e-05, -9.020000000000001e-05, -6.38e-05, -7.26e-05, -7.59e-05, -9.460000000000001e-05, -8.8e-05, -7.26e-05, -6.93e-05, -7.59e-05, -9.460000000000001e-05, -8.910000000000001e-05, -6.49e-05, -6.82e-05, -8.25e-05, -9.570000000000001e-05, -9.020000000000001e-05, -6.27e-05, -6.71e-05, -7.7e-05, -9.570000000000001e-05, -8.8e-05, -6.16e-05, -6.6e-05, -8.8e-05, -0.00010010000000000001, -9.240000000000001e-05, -6.71e-05, -6.38e-05, -8.03e-05, -0.00010010000000000001, -8.8e-05, -6.6e-05, -5.83e-05, -8.36e-05, -9.460000000000001e-05, -9.020000000000001e-05, -7.7e-05, -6.49e-05, -7.92e-05, -9.130000000000001e-05, -8.25e-05, -7.81e-05, -6.49e-05, -8.8e-05, -9.460000000000001e-05, -7.92e-05, -6.38e-05, -7.04e-05, -8.58e-05, -0.00010010000000000001, -9.240000000000001e-05, -6.49e-05, -6.38e-05, -9.240000000000001e-05, -9.680000000000001e-05, -0.00010010000000000001, -5.5e-05, -6.16e-05, -8.47e-05, -9.020000000000001e-05, -8.14e-05, -5.72e-05, -6.27e-05, -7.81e-05, -9.240000000000001e-05, -9.240000000000001e-05, -7.26e-05, -5.5e-05, -8.03e-05, -9.130000000000001e-05, -8.69e-05, -6.6e-05, -5.61e-05, -8.03e-05, -9.460000000000001e-05, -8.25e-05, -6.6e-05, -6.16e-05, -9.020000000000001e-05, -9.350000000000001e-05, -8.47e-05, -8.14e-05, -5.83e-05, -8.36e-05, -9.240000000000001e-05, -8.14e-05, -7.04e-05, -6.38e-05, -7.81e-05, -9.900000000000001e-05, -9.350000000000001e-05, -6.6e-05, -5.94e-05, -7.59e-05, -9.350000000000001e-05, -9.570000000000001e-05, -6.38e-05, -7.04e-05, -8.25e-05, -8.8e-05, -8.69e-05, -6.16e-05, -7.15e-05, -7.92e-05, -9.350000000000001e-05, -8.69e-05, -6.71e-05, -6.71e-05, -8.03e-05, -9.680000000000001e-05, -9.240000000000001e-05, -6.38e-05, -6.49e-05, -7.48e-05, -9.130000000000001e-05, -9.130000000000001e-05, -5.94e-05, -4.9500000000000004e-05, -8.25e-05, -9.240000000000001e-05, -8.36e-05, -5.94e-05, -5.61e-05, -8.03e-05, -9.680000000000001e-05, -8.25e-05, -6.93e-05, -5.17e-05, -8.58e-05, -9.680000000000001e-05, -8.8e-05, -7.7e-05, -6.82e-05, -9.790000000000001e-05, -9.020000000000001e-05, -9.350000000000001e-05, -6.6e-05, -6.05e-05, -8.14e-05, -0.00010120000000000001, -8.8e-05, -5.61e-05, -5.94e-05, -8.58e-05, -9.680000000000001e-05, -8.03e-05, -5.39e-05, -5.5e-05, -8.14e-05, -0.00010010000000000001, -8.69e-05, -6.16e-05, -4.4e-05, -7.59e-05, -8.910000000000001e-05, -8.910000000000001e-05, -6.38e-05, -6.27e-05, -8.03e-05, -9.240000000000001e-05, -8.36e-05, -6.71e-05, -6.71e-05, -8.36e-05, -9.130000000000001e-05, -8.8e-05, -6.38e-05, -6.38e-05, -8.58e-05, -9.680000000000001e-05, -8.47e-05, -7.04e-05, -6.82e-05, -8.25e-05, -9.790000000000001e-05, -9.020000000000001e-05, -6.49e-05, -6.38e-05, -8.69e-05, -9.790000000000001e-05, -9.240000000000001e-05, -6.49e-05, -7.15e-05, -7.37e-05, -8.58e-05, -8.58e-05, -6.93e-05, -6.71e-05, -8.14e-05, -9.240000000000001e-05, -8.8e-05, -7.26e-05, -6.38e-05, -8.14e-05, -9.570000000000001e-05, -8.14e-05, -6.6e-05, -5.61e-05, -7.92e-05, -9.020000000000001e-05, -9.350000000000001e-05, -6.38e-05, -5.94e-05, -8.69e-05, -9.240000000000001e-05, -8.03e-05, -6.16e-05, -6.27e-05, -7.92e-05, -9.020000000000001e-05, -7.81e-05, -6.6e-05, -7.48e-05, -7.92e-05, -9.130000000000001e-05, -8.58e-05, -7.04e-05, -6.05e-05, -7.48e-05, -8.36e-05, -8.25e-05, -7.04e-05, -6.71e-05, -7.48e-05, -9.900000000000001e-05, -9.240000000000001e-05, -6.27e-05, -6.71e-05, -8.36e-05, -8.8e-05, -9.460000000000001e-05, -6.82e-05, -6.38e-05, -7.7e-05, -0.0001056, -8.03e-05, -6.82e-05, -6.27e-05, -7.81e-05, -9.570000000000001e-05, -8.25e-05, -5.5e-05, -6.93e-05, -7.92e-05, -9.350000000000001e-05, -8.25e-05, -7.48e-05, -6.27e-05, -7.92e-05, -0.00010010000000000001, -7.81e-05, -6.49e-05, -6.27e-05, -7.15e-05, -9.790000000000001e-05, -8.36e-05, -5.72e-05, -6.38e-05, -8.03e-05, -9.570000000000001e-05, -8.8e-05, -7.81e-05, -6.49e-05, -8.69e-05, -8.03e-05, -8.03e-05, -7.26e-05, -6.49e-05, -8.25e-05, -9.900000000000001e-05, -8.69e-05, -7.59e-05, -6.27e-05, -8.03e-05, -9.350000000000001e-05, -7.92e-05, -6.71e-05, -4.9500000000000004e-05, -8.36e-05, -9.680000000000001e-05, -8.03e-05, -6.71e-05, -6.05e-05, -7.92e-05, -9.680000000000001e-05, -7.92e-05, -6.38e-05, -7.37e-05, -8.69e-05, -9.020000000000001e-05, -8.910000000000001e-05, -7.04e-05, -6.49e-05, -7.59e-05, -9.570000000000001e-05, -8.03e-05, -6.27e-05, -5.5e-05, -8.14e-05]","[-0.00020020000000000001, -0.0002112, -0.00018920000000000002, -0.0001353, -0.0001507, -0.00019580000000000002, -0.0002266, -0.00017710000000000002, -0.0001408, -0.0001529, -0.00019580000000000002, -0.0002244, -0.00019030000000000002, -0.0001375, -0.0001551, -0.0002057, -0.0002211, -0.00018040000000000002, -0.0001408, -0.000143, -0.0002112, -0.0002134, -0.00018260000000000002, -0.0001386, -0.0001518, -0.00020130000000000001, -0.0002068, -0.00019800000000000002, -0.0001375, -0.0001562, -0.00020130000000000001, -0.0002167, -0.00019140000000000002, -0.0001529, -0.0001551, -0.00019140000000000002, -0.00022, -0.00018370000000000002, -0.000143, -0.000154, -0.0002079, -0.0002244, -0.00018920000000000002, -0.0001452, -0.0001452, -0.00020020000000000001, -0.0002211, -0.00018700000000000002, -0.0001452, -0.0001496, -0.00019250000000000002, -0.00022, -0.00018480000000000002, -0.0001441, -0.0001606, -0.00018920000000000002, -0.0002189, -0.00018590000000000002, -0.0001474, -0.0001496, -0.00019580000000000002, -0.0002167, -0.00017820000000000002, -0.0001441, -0.0001375, -0.00020130000000000001, -0.00022, -0.00018810000000000002, -0.0001298, -0.0001441, -0.00019690000000000002, -0.0002156, -0.00018370000000000002, -0.0001419, -0.0001463, -0.00019360000000000002, -0.0002112, -0.000176, -0.000143, -0.000154, -0.0002035, -0.0002134, -0.00018810000000000002, -0.0001408, -0.0001463, -0.00019470000000000002, -0.0002123, -0.00017710000000000002, -0.0001331, -0.000154, -0.00019470000000000002, -0.0002134, -0.00019030000000000002, -0.0001441, -0.0001496, -0.00019360000000000002, -0.0002057, -0.00019140000000000002, -0.0001386, -0.0001485, -0.0002035, -0.0002079, -0.00018480000000000002, -0.0001309, -0.0001463, -0.0002112, -0.0002178, -0.00018810000000000002, -0.000143, -0.0001529, -0.00019690000000000002, -0.0002167, -0.00018920000000000002, -0.0001419, -0.0001518, -0.00019580000000000002, -0.0002255, -0.00018920000000000002, -0.0001353, -0.0001507, -0.00019580000000000002, -0.0002112, -0.00018590000000000002, -0.0001441, -0.0001419, -0.00018700000000000002, -0.0002299, -0.00018590000000000002, -0.0001474, -0.0001551, -0.00019580000000000002, -0.0002167, -0.00018370000000000002, -0.0001463, -0.0001474, -0.00019360000000000002, -0.0002189, -0.00019250000000000002, -0.000143, -0.0001441, -0.0002068, -0.0002211, -0.00018590000000000002, -0.0001386, -0.0001474, -0.00019690000000000002, -0.0002189, -0.00018480000000000002, -0.0001386, -0.0001441, -0.00019470000000000002, -0.0002167, -0.000176, -0.000143, -0.0001496, -0.00019250000000000002, -0.0002145, -0.00018370000000000002, -0.0001463, -0.0001562, -0.00020130000000000001, -0.00022, -0.00018590000000000002, -0.0001419, -0.0001474, -0.00019030000000000002, -0.0002167, -0.00019360000000000002, -0.0001375, -0.000143, -0.00019800000000000002, -0.0002211, -0.00019250000000000002, -0.0001463, -0.0001452, -0.00019250000000000002, -0.0002211, -0.00018260000000000002, -0.0001408, -0.0001441, -0.00019250000000000002, -0.0002156, -0.0001738, -0.0001342, -0.0001463, -0.00020020000000000001, -0.00022, -0.00018370000000000002, -0.0001397, -0.0001485, -0.00019030000000000002, -0.0002189, -0.00018810000000000002, -0.0001342, -0.0001518, -0.00020240000000000001, -0.0002189, -0.00018480000000000002, -0.0001419, -0.0001606, -0.0002068, -0.0002156, -0.00018480000000000002, -0.0001364, -0.0001485, -0.0002046, -0.0002123, -0.00019030000000000002, -0.0001386, -0.0001562, -0.00019800000000000002, -0.0002156, -0.0001694, -0.0001397, -0.0001353, -0.00019690000000000002, -0.0002156, -0.00018920000000000002, -0.000143, -0.0001507, -0.00019910000000000001, -0.0002156, -0.00018040000000000002, -0.0001331, -0.0001496, -0.0002035, -0.0002233, -0.00019140000000000002, -0.0001408, -0.0001419, -0.00019470000000000002, -0.0002189, -0.00018370000000000002, -0.0001353, -0.0001518, -0.0002046, -0.0002123, -0.00018370000000000002, -0.0001397, -0.0001551, -0.0002046, -0.0002145, -0.00018700000000000002, -0.0001331, -0.0001496, -0.00019470000000000002, -0.0002255, -0.00018700000000000002, -0.0001386, -0.0001485, -0.00019250000000000002, -0.0002167, -0.00018810000000000002, -0.0001386, -0.0001474, -0.00018260000000000002, -0.0002211, -0.00018920000000000002, -0.0001375, -0.0001562, -0.00020130000000000001, -0.0002167, -0.00018260000000000002, -0.0001342, -0.000154, -0.00019910000000000001, -0.0002222, -0.00018370000000000002, -0.0001309, -0.0001595, -0.00019250000000000002, -0.0002156, -0.00019140000000000002, -0.0001353, -0.0001584, -0.00019470000000000002, -0.0002211, -0.00018150000000000002, -0.0001298, -0.0001518, -0.00019580000000000002, -0.0002178, -0.00018920000000000002, -0.0001331, -0.0001518, -0.00019800000000000002, -0.0002134, -0.00018700000000000002, -0.0001529, -0.000132, -0.00019580000000000002, -0.00022, -0.00017820000000000002, -0.0001375, -0.0001496, -0.00020130000000000001, -0.0002123, -0.00019030000000000002, -0.0001309, -0.000154, -0.0002046, -0.00022, -0.00018150000000000002, -0.0001364, -0.0001496, -0.00019800000000000002, -0.0002145, -0.00018700000000000002, -0.0001408, -0.0001628, -0.00019580000000000002, -0.0002123, -0.00018480000000000002, -0.0001441, -0.0001606, -0.00018810000000000002, -0.0002189, -0.00018590000000000002, -0.0001397, -0.0001529, -0.00020130000000000001, -0.0002211, -0.00018700000000000002, -0.0001342, -0.000154, -0.00019250000000000002, -0.0002101, -0.00018370000000000002, -0.0001353, -0.0001496, -0.00020020000000000001, -0.0002233, -0.00018590000000000002, -0.0001452, -0.0001474, -0.00020020000000000001, -0.0002211, -0.00019030000000000002, -0.0001408, -0.0001518, -0.00020240000000000001, -0.0002101, -0.00017930000000000002, -0.0001463, -0.0001518, -0.00019250000000000002, -0.0002233, -0.00018480000000000002, -0.0001375, -0.0001496, -0.0002068, -0.0002167, -0.00018480000000000002, -0.000132, -0.0001551, -0.00019360000000000002, -0.0002189, -0.00018700000000000002, -0.0001386, -0.0001474, -0.00020130000000000001, -0.0002222, -0.00018590000000000002, -0.0001331, -0.0001496, -0.00019580000000000002, -0.0002178, -0.00018920000000000002, -0.0001386, -0.0001529, -0.00020130000000000001, -0.0002189, -0.00018370000000000002, -0.0001342, -0.0001518, -0.00019910000000000001, -0.0002134, -0.00019030000000000002, -0.0001353, -0.0001507, -0.00020130000000000001, -0.0002178, -0.00018150000000000002, -0.0001496, -0.0001408, -0.0002112, -0.0002233, -0.00017930000000000002, -0.000143, -0.0001397, -0.00019140000000000002, -0.0002211, -0.00017930000000000002, -0.0001419, -0.0001452, -0.0002035, -0.0002145, -0.00018370000000000002, -0.0001463, -0.0001518, -0.00020240000000000001, -0.0002134, -0.00018700000000000002, -0.0001353, -0.0001463, -0.00019250000000000002, -0.0002167, -0.00018040000000000002, -0.0001408, -0.0001507, -0.00019910000000000001, -0.0002167, -0.00018810000000000002, -0.0001364, -0.0001474, -0.0002046, -0.0002211, -0.00018150000000000002, -0.0001397, -0.000154, -0.00019690000000000002, -0.0002145, -0.0001716, -0.0001364, -0.0001452, -0.00019470000000000002, -0.0002079, -0.00017930000000000002, -0.0001342, -0.0001584, -0.00020240000000000001, -0.0002134, -0.00018370000000000002, -0.0001375, -0.0001485, -0.00019910000000000001, -0.0002244, -0.00017930000000000002, -0.0001375, -0.0001474, -0.00019800000000000002, -0.0002156, -0.00018370000000000002, -0.000132, -0.0001408, -0.00020130000000000001, -0.0002123, -0.00018700000000000002, -0.0001353, -0.0001485, -0.00019800000000000002, -0.0002057, -0.00018810000000000002, -0.0001441, -0.0001485, -0.00019910000000000001, -0.0002178, -0.00017820000000000002, -0.0001375, -0.0001474, -0.00019360000000000002, -0.0002145, -0.00017710000000000002, -0.0001485, -0.0001529, -0.00019800000000000002, -0.0002134, -0.00018150000000000002, -0.0001364, -0.0001474, -0.00019800000000000002, -0.0002156, -0.00018040000000000002, -0.0001298, -0.0001507, -0.00018920000000000002, -0.0002189, -0.00019030000000000002, -0.0001452, -0.0001474, -0.00020130000000000001, -0.0002035, -0.00018040000000000002, -0.000143, -0.0001441, -0.00020240000000000001, -0.0002222, -0.00018920000000000002, -0.000143, -0.0001485, -0.0002101, -0.0002145, -0.00018810000000000002, -0.0001408, -0.0001518, -0.00019910000000000001, -0.0002211, -0.00018480000000000002, -0.0001386, -0.0001474]","[0.0008492, 0.0009361, 0.0006292, 0.00030910000000000003, 0.0004598, 0.0008459, 0.0009383000000000001, 0.0006226000000000001, 0.00030910000000000003, 0.0004554, 0.0008481000000000001, 0.0009471000000000001, 0.0006237, 0.000319, 0.0004554, 0.0008514000000000001, 0.0009515000000000001, 0.0006215, 0.00030690000000000003, 0.000462, 0.0008514000000000001, 0.0009438000000000001, 0.000638, 0.00031130000000000003, 0.0004576, 0.0008437000000000001, 0.0009526000000000001, 0.0006259, 0.00030470000000000003, 0.0004664, 0.0008415, 0.0009405, 0.0006281, 0.00032010000000000003, 0.0004554, 0.0008536, 0.0009383000000000001, 0.0006347000000000001, 0.00031350000000000003, 0.00044990000000000004, 0.0008426, 0.0009350000000000001, 0.0006193, 0.0003146, 0.00046310000000000004, 0.0008536, 0.0009361, 0.0006182000000000001, 0.00031570000000000003, 0.00047190000000000003, 0.0008371, 0.0009328, 0.0006226000000000001, 0.00031130000000000003, 0.000462, 0.0008547, 0.0009570000000000001, 0.0006292, 0.00032450000000000003, 0.00045430000000000004, 0.0008481000000000001, 0.0009361, 0.0006314000000000001, 0.0003124, 0.0004642, 0.0008514000000000001, 0.0009438000000000001, 0.0006303, 0.0003168, 0.0004576, 0.0008525000000000001, 0.0009427000000000001, 0.0006325, 0.0003267, 0.0004664, 0.0008470000000000001, 0.0009438000000000001, 0.0006292, 0.00032010000000000003, 0.0004488, 0.0008481000000000001, 0.0009471000000000001, 0.0006314000000000001, 0.00030690000000000003, 0.000451, 0.0008371, 0.000946, 0.0006259, 0.0003168, 0.0004664, 0.0008547, 0.0009372, 0.0006281, 0.00031130000000000003, 0.00046090000000000004, 0.0008503, 0.0009405, 0.0006226000000000001, 0.0003168, 0.0004598, 0.0008481000000000001, 0.0009493, 0.0006314000000000001, 0.0003234, 0.00046750000000000003, 0.0008415, 0.0009438000000000001, 0.0006182000000000001, 0.00031790000000000003, 0.0004598, 0.0008448, 0.0009416, 0.0006226000000000001, 0.00031570000000000003, 0.0004598, 0.0008503, 0.0009482000000000001, 0.0006292, 0.00031790000000000003, 0.00045430000000000004, 0.0008426, 0.0009383000000000001, 0.0006226000000000001, 0.0003124, 0.00046310000000000004, 0.0008558000000000001, 0.0009427000000000001, 0.0006204, 0.00031350000000000003, 0.00046310000000000004, 0.0008547, 0.0009449, 0.0006259, 0.00030910000000000003, 0.00046750000000000003, 0.0008547, 0.0009438000000000001, 0.0006303, 0.00032230000000000003, 0.0004554, 0.000858, 0.0009471000000000001, 0.0006215, 0.00032010000000000003, 0.00046750000000000003, 0.0008514000000000001, 0.0009405, 0.0006292, 0.00032450000000000003, 0.00045650000000000004, 0.0008547, 0.0009559000000000001, 0.0006270000000000001, 0.0003278, 0.000462, 0.0008415, 0.0009405, 0.0006259, 0.00031350000000000003, 0.0004532, 0.0008481000000000001, 0.0009372, 0.0006171, 0.0003146, 0.00045870000000000004, 0.0008602000000000001, 0.0009482000000000001, 0.0006215, 0.0003146, 0.0004532, 0.0008459, 0.000946, 0.0006259, 0.00031570000000000003, 0.00046090000000000004, 0.0008547, 0.000946, 0.0006204, 0.0003212, 0.0004752, 0.0008492, 0.0009416, 0.0006138000000000001, 0.00031350000000000003, 0.0004664, 0.0008547, 0.0009427000000000001, 0.0006336, 0.0003234, 0.0004598, 0.0008492, 0.0009383000000000001, 0.0006226000000000001, 0.0003102, 0.0004598, 0.0008525000000000001, 0.0009361, 0.0006314000000000001, 0.0003267, 0.00047190000000000003, 0.0008514000000000001, 0.0009449, 0.0006138000000000001, 0.0003267, 0.00045870000000000004, 0.0008536, 0.0009361, 0.0006314000000000001, 0.0003168, 0.0004664, 0.0008503, 0.0009317, 0.0006259, 0.0003168, 0.0004642, 0.000858, 0.0009328, 0.0006226000000000001, 0.0003058, 0.00046090000000000004, 0.0008525000000000001, 0.0009350000000000001, 0.0006215, 0.0003124, 0.00047190000000000003, 0.0008536, 0.0009394000000000001, 0.0006171, 0.00030470000000000003, 0.00046530000000000003, 0.0008558000000000001, 0.0009416, 0.0006171, 0.0003168, 0.00046530000000000003, 0.0008558000000000001, 0.0009427000000000001, 0.0006259, 0.00033, 0.0004642, 0.0008437000000000001, 0.0009416, 0.0006259, 0.00030910000000000003, 0.00047190000000000003, 0.0008525000000000001, 0.0009350000000000001, 0.0006281, 0.00031790000000000003, 0.00046310000000000004, 0.0008514000000000001, 0.0009372, 0.0006259, 0.0003146, 0.00046310000000000004, 0.0008569000000000001, 0.0009427000000000001, 0.0006270000000000001, 0.0003102, 0.0004554, 0.0008679, 0.0009427000000000001, 0.0006369, 0.00032230000000000003, 0.00046970000000000003, 0.0008624, 0.0009394000000000001, 0.0006226000000000001, 0.00031130000000000003, 0.00046750000000000003, 0.0008569000000000001, 0.0009504, 0.0006358000000000001, 0.0003146, 0.0004576, 0.0008536, 0.0009273, 0.0006270000000000001, 0.00030470000000000003, 0.0004708, 0.0008558000000000001, 0.0009427000000000001, 0.0006204, 0.0003124, 0.00046970000000000003, 0.0008525000000000001, 0.0009515000000000001, 0.0006138000000000001, 0.00031570000000000003, 0.0004664, 0.0008624, 0.0009416, 0.0006226000000000001, 0.0003124, 0.00046750000000000003, 0.0008525000000000001, 0.0009361, 0.000616, 0.0003168, 0.000462, 0.0008536, 0.0009405, 0.0006182000000000001, 0.00031130000000000003, 0.0004708, 0.0008547, 0.0009449, 0.0006171, 0.00030910000000000003, 0.000462, 0.0008514000000000001, 0.0009394000000000001, 0.0006193, 0.00032230000000000003, 0.00046310000000000004, 0.0008459, 0.0009350000000000001, 0.0006215, 0.0003058, 0.00045650000000000004, 0.0008492, 0.0009482000000000001, 0.0006171, 0.000319, 0.0004664, 0.0008448, 0.0009405, 0.0006259, 0.00031790000000000003, 0.0004664, 0.0008503, 0.0009306000000000001, 0.0006226000000000001, 0.00031130000000000003, 0.00046310000000000004, 0.0008525000000000001, 0.0009438000000000001, 0.0006259, 0.0003212, 0.000462, 0.0008591, 0.0009339000000000001, 0.0006215, 0.0003124, 0.000462, 0.0008569000000000001, 0.0009394000000000001, 0.0006270000000000001, 0.000308, 0.0004664, 0.000858, 0.0009416, 0.0006292, 0.000308, 0.0004686, 0.0008503, 0.0009339000000000001, 0.0006204, 0.0003146, 0.0004686, 0.0008503, 0.0009383000000000001, 0.0006105, 0.0003146, 0.0004664, 0.0008547, 0.0009405, 0.0006358000000000001, 0.0003212, 0.0004664, 0.0008613000000000001, 0.000946, 0.0006237, 0.00032010000000000003, 0.00046090000000000004, 0.0008514000000000001, 0.0009449, 0.0006259, 0.00030910000000000003, 0.000462, 0.0008437000000000001, 0.0009427000000000001, 0.0006292, 0.0003212, 0.00046090000000000004, 0.0008492, 0.0009383000000000001, 0.0006237, 0.00031570000000000003, 0.0004576, 0.0008492, 0.0009372, 0.0006303, 0.0003124, 0.00046310000000000004, 0.0008514000000000001, 0.0009438000000000001, 0.0006204, 0.0003146, 0.0004664, 0.0008558000000000001, 0.0009328, 0.0006182000000000001, 0.00031130000000000003, 0.00045870000000000004, 0.0008624, 0.0009416, 0.0006325, 0.0003124, 0.0004554, 0.0008624, 0.0009405, 0.0006171, 0.000319, 0.00046530000000000003, 0.0008459, 0.0009405, 0.0006105, 0.000319, 0.0004708, 0.000858, 0.0009405, 0.000616, 0.0003036, 0.00046530000000000003, 0.0008602000000000001, 0.0009394000000000001, 0.0006226000000000001, 0.00031130000000000003, 0.00046970000000000003, 0.0008547, 0.0009405, 0.0006259, 0.000308, 0.00046750000000000003, 0.0008481000000000001, 0.0009438000000000001, 0.0006226000000000001, 0.00032010000000000003, 0.0004708, 0.0008481000000000001, 0.0009361, 0.0006270000000000001, 0.00031350000000000003, 0.00046310000000000004, 0.0008492, 0.0009416, 0.0006193, 0.00031570000000000003, 0.00046530000000000003, 0.0008514000000000001, 0.0009416, 0.0006259, 0.00030690000000000003, 0.0004708, 0.0008569000000000001, 0.0009405, 0.0006358000000000001, 0.000297, 0.0004642, 0.0008536, 0.0009482000000000001, 0.0006226000000000001, 0.0003212, 0.00047630000000000003, 0.000858, 0.0009317, 0.0006215, 0.0003146, 0.00046090000000000004, 0.0008492, 0.0009427000000000001, 0.0006248, 0.000319, 0.0004664, 0.0008569000000000001, 0.0009493, 0.0006325, 0.0003102, 0.0004708, 0.0008514000000000001, 0.0009350000000000001, 0.0006314000000000001, 0.0003036, 0.00046090000000000004, 0.0008569000000000001, 0.0009295000000000001, 0.0006182000000000001, 0.0003058, 0.00046970000000000003, 0.0008481000000000001, 0.0009328, 0.0006248, 0.00032230000000000003, 0.000462, 0.0008514000000000001, 0.0009350000000000001, 0.0006171, 0.00031130000000000003, 0.00046090000000000004]",4
40,"[-6.82e-05, -6.05e-05, -8.14e-05, -9.460000000000001e-05, -8.47e-05, -7.04e-05, -6.38e-05, -8.25e-05, -9.460000000000001e-05, -7.59e-05, -6.49e-05, -6.49e-05, -7.7e-05, -0.0001078, -9.240000000000001e-05, -6.38e-05, -6.49e-05, -8.910000000000001e-05, -9.570000000000001e-05, -9.460000000000001e-05, -7.15e-05, -6.27e-05, -8.910000000000001e-05, -9.900000000000001e-05, -9.350000000000001e-05, -6.6e-05, -6.27e-05, -8.58e-05, -9.900000000000001e-05, -0.0001034, -7.04e-05, -6.05e-05, -8.58e-05, -0.00010120000000000001, -9.130000000000001e-05, -7.48e-05, -6.82e-05, -8.47e-05, -0.0001067, -9.680000000000001e-05, -6.93e-05, -6.6e-05, -8.25e-05, -0.00011, -9.240000000000001e-05, -7.15e-05, -5.5e-05, -8.69e-05, -0.00010120000000000001, -9.900000000000001e-05, -7.26e-05, -7.15e-05, -8.03e-05, -9.570000000000001e-05, -8.910000000000001e-05, -6.71e-05, -7.15e-05, -8.14e-05, -0.00010010000000000001, -8.910000000000001e-05, -8.36e-05, -6.16e-05, -8.8e-05, -0.00010120000000000001, -9.680000000000001e-05, -6.71e-05, -7.26e-05, -8.47e-05, -9.790000000000001e-05, -9.790000000000001e-05, -8.03e-05, -6.27e-05, -9.130000000000001e-05, -0.00010010000000000001, -8.36e-05, -6.82e-05, -6.93e-05, -9.350000000000001e-05, -0.0001056, -0.00010010000000000001, -7.92e-05, -7.15e-05, -8.8e-05, -0.0001023, -8.8e-05, -7.48e-05, -6.71e-05, -8.69e-05, -9.790000000000001e-05, -9.350000000000001e-05, -8.03e-05, -7.15e-05, -7.7e-05, -0.0001056, -9.240000000000001e-05, -7.81e-05, -5.83e-05, -8.14e-05, -0.0001067, -9.460000000000001e-05, -7.15e-05, -6.38e-05, -8.25e-05, -0.0001034, -9.680000000000001e-05, -8.25e-05, -5.72e-05, -9.130000000000001e-05, -0.0001023, -9.240000000000001e-05, -7.26e-05, -6.93e-05, -8.36e-05, -0.0001067, -8.58e-05, -7.26e-05, -7.7e-05, -8.36e-05, -0.0001034, -0.00010010000000000001, -7.15e-05, -6.71e-05, -8.36e-05, -0.0001023, -9.570000000000001e-05, -7.15e-05, -7.04e-05, -9.020000000000001e-05, -0.0001045, -8.910000000000001e-05, -7.04e-05, -5.83e-05, -8.14e-05, -0.0001067, -9.570000000000001e-05, -8.03e-05, -6.71e-05, -8.8e-05, -0.0001023, -9.130000000000001e-05, -8.03e-05, -6.93e-05, -8.69e-05, -0.0001122, -9.020000000000001e-05, -7.15e-05, -7.48e-05, -8.03e-05, -9.680000000000001e-05, -8.36e-05, -7.7e-05, -7.48e-05, -8.36e-05, -0.0001089, -8.910000000000001e-05, -7.04e-05, -6.38e-05, -9.130000000000001e-05, -0.0001133, -9.130000000000001e-05, -7.15e-05, -6.71e-05, -8.69e-05, -9.460000000000001e-05, -9.240000000000001e-05, -7.26e-05, -7.26e-05, -8.25e-05, -9.680000000000001e-05, -9.900000000000001e-05, -7.7e-05, -7.48e-05, -9.350000000000001e-05, -0.0001023, -0.00010120000000000001, -7.7e-05, -6.6e-05, -9.020000000000001e-05, -9.460000000000001e-05, -9.350000000000001e-05, -7.37e-05, -7.26e-05, -8.14e-05, -0.00010010000000000001, -9.790000000000001e-05, -6.71e-05, -7.59e-05, -8.47e-05, -0.0001067, -9.570000000000001e-05, -7.37e-05, -7.15e-05, -8.910000000000001e-05, -0.00011, -0.0001034, -7.26e-05, -7.04e-05, -8.58e-05, -0.00010120000000000001, -9.680000000000001e-05, -7.04e-05, -7.26e-05, -9.570000000000001e-05, -0.00011, -9.350000000000001e-05, -7.48e-05, -7.04e-05, -8.910000000000001e-05, -9.020000000000001e-05, -9.460000000000001e-05, -6.6e-05, -5.83e-05, -9.020000000000001e-05, -0.0001089, -9.790000000000001e-05, -7.92e-05, -6.38e-05, -9.240000000000001e-05, -0.0001056, -8.69e-05, -6.6e-05, -7.59e-05, -8.69e-05, -0.0001034, -0.0001034, -7.59e-05, -7.04e-05, -9.240000000000001e-05, -0.00011, -9.680000000000001e-05, -6.71e-05, -6.93e-05, -8.36e-05, -0.0001056, -9.790000000000001e-05, -7.04e-05, -7.59e-05, -8.58e-05, -0.00010120000000000001, -9.240000000000001e-05, -6.71e-05, -6.16e-05, -8.25e-05, -9.240000000000001e-05, -9.680000000000001e-05, -6.93e-05, -5.83e-05, -9.350000000000001e-05, -9.900000000000001e-05, -9.790000000000001e-05, -7.7e-05, -6.6e-05, -8.8e-05, -0.0001144, -0.0001023, -6.49e-05, -5.83e-05, -9.130000000000001e-05, -0.0001034, -9.680000000000001e-05, -7.26e-05, -7.48e-05, -8.910000000000001e-05, -0.0001067, -9.350000000000001e-05, -8.03e-05, -5.94e-05, -9.790000000000001e-05, -0.0001067, -9.020000000000001e-05, -7.7e-05, -6.6e-05, -8.69e-05, -9.900000000000001e-05, -8.8e-05, -7.37e-05, -7.37e-05, -8.910000000000001e-05, -0.00010120000000000001, -9.240000000000001e-05, -7.15e-05, -7.59e-05, -9.130000000000001e-05, -0.00011, -0.0001067, -6.93e-05, -7.59e-05, -9.020000000000001e-05, -9.900000000000001e-05, -0.00010010000000000001, -8.58e-05, -7.37e-05, -8.03e-05, -0.0001023, -9.790000000000001e-05, -7.04e-05, -6.71e-05, -8.25e-05, -0.0001045, -0.0001023, -7.48e-05, -6.27e-05, -8.14e-05, -0.0001078, -9.130000000000001e-05, -7.81e-05, -6.16e-05, -9.240000000000001e-05, -0.0001111, -0.00010120000000000001, -7.48e-05, -6.82e-05, -7.81e-05, -0.0001023, -8.69e-05, -7.04e-05, -6.82e-05, -8.47e-05, -9.460000000000001e-05, -9.570000000000001e-05, -6.93e-05, -7.37e-05, -7.92e-05, -0.0001056, -0.00010010000000000001, -7.37e-05, -7.26e-05, -9.130000000000001e-05, -9.460000000000001e-05, -9.570000000000001e-05, -8.03e-05, -6.93e-05, -8.58e-05, -0.0001133, -9.900000000000001e-05, -7.37e-05, -6.6e-05, -8.910000000000001e-05, -0.00011, -9.350000000000001e-05, -7.48e-05, -6.71e-05, -7.48e-05, -0.0001133, -9.570000000000001e-05, -7.04e-05, -6.82e-05, -8.910000000000001e-05, -0.00010120000000000001, -0.00010120000000000001, -6.71e-05, -6.38e-05, -9.570000000000001e-05, -0.0001034, -9.900000000000001e-05, -7.37e-05, -6.6e-05, -9.790000000000001e-05, -0.0001067, -8.910000000000001e-05, -7.04e-05, -7.59e-05, -9.350000000000001e-05, -0.0001034, -0.00010010000000000001, -6.82e-05, -7.37e-05, -7.7e-05, -0.0001045, -8.69e-05, -7.26e-05, -5.83e-05, -8.25e-05, -0.0001111, -8.8e-05, -8.03e-05, -6.16e-05, -8.69e-05, -0.00010010000000000001, -9.570000000000001e-05, -7.26e-05, -6.38e-05, -8.14e-05, -0.0001056, -0.00010120000000000001, -7.48e-05, -6.82e-05, -8.36e-05, -0.0001056, -0.0001034, -7.15e-05, -6.16e-05, -9.020000000000001e-05, -0.0001067, -8.910000000000001e-05, -7.04e-05, -7.15e-05, -8.58e-05, -0.0001122, -8.8e-05, -6.82e-05, -6.71e-05, -9.460000000000001e-05, -9.570000000000001e-05, -0.00010010000000000001, -7.48e-05, -7.92e-05, -9.240000000000001e-05, -0.0001056, -9.240000000000001e-05, -6.71e-05, -7.04e-05, -8.25e-05, -0.00010120000000000001, -0.00010010000000000001, -7.04e-05, -6.82e-05, -8.8e-05, -9.680000000000001e-05, -0.0001056, -7.81e-05, -7.15e-05, -9.680000000000001e-05, -9.350000000000001e-05, -9.460000000000001e-05, -6.93e-05, -7.15e-05, -7.92e-05, -0.0001034, -8.8e-05, -6.71e-05, -6.82e-05, -9.020000000000001e-05, -0.0001078, -9.350000000000001e-05, -7.04e-05, -6.27e-05, -9.130000000000001e-05, -0.0001078, -9.130000000000001e-05, -8.14e-05, -7.26e-05, -8.25e-05, -0.00010120000000000001, -9.350000000000001e-05, -5.94e-05, -6.49e-05, -7.81e-05, -0.00010120000000000001, -9.570000000000001e-05, -7.48e-05, -6.71e-05, -8.36e-05, -0.0001045, -9.900000000000001e-05, -7.04e-05, -7.04e-05, -9.680000000000001e-05, -0.0001067, -9.680000000000001e-05, -7.26e-05, -7.37e-05, -8.25e-05, -0.0001056, -9.350000000000001e-05, -7.7e-05, -6.16e-05, -7.7e-05, -9.900000000000001e-05, -9.680000000000001e-05, -7.04e-05, -6.49e-05, -8.58e-05, -0.0001045, -9.790000000000001e-05, -7.81e-05, -6.6e-05, -9.020000000000001e-05, -0.0001078, -9.680000000000001e-05, -7.48e-05, -6.6e-05, -8.910000000000001e-05, -0.0001111, -9.460000000000001e-05, -8.14e-05, -6.6e-05, -9.900000000000001e-05, -0.0001034, -0.00010120000000000001, -7.7e-05, -7.04e-05, -8.58e-05, -0.0001067, -0.0001034, -7.37e-05, -6.71e-05, -8.25e-05, -0.00010120000000000001, -9.680000000000001e-05]","[-0.00018700000000000002, -0.0001276, -0.0001496, -0.00019470000000000002, -0.0002101, -0.0001749, -0.0001364, -0.0001518, -0.00020240000000000001, -0.0002145, -0.00019030000000000002, -0.0001375, -0.0001551, -0.00019580000000000002, -0.0002167, -0.00018260000000000002, -0.0001364, -0.0001496, -0.00020130000000000001, -0.0002134, -0.00018040000000000002, -0.0001386, -0.0001529, -0.0002145, -0.000209, -0.00018040000000000002, -0.0001419, -0.0001496, -0.000209, -0.0002211, -0.00018040000000000002, -0.0001342, -0.0001529, -0.00020020000000000001, -0.0002145, -0.00018700000000000002, -0.0001397, -0.0001562, -0.00018920000000000002, -0.0002244, -0.00018150000000000002, -0.0001342, -0.0001441, -0.00020130000000000001, -0.0002112, -0.00018370000000000002, -0.0001364, -0.0001386, -0.00019800000000000002, -0.0002222, -0.00018590000000000002, -0.0001364, -0.0001485, -0.000209, -0.0002178, -0.00018040000000000002, -0.000132, -0.000143, -0.00019910000000000001, -0.0002211, -0.00018150000000000002, -0.0001353, -0.0001463, -0.00019690000000000002, -0.0002211, -0.00018370000000000002, -0.0001408, -0.0001507, -0.00019910000000000001, -0.0002222, -0.00018040000000000002, -0.0001386, -0.0001529, -0.00019140000000000002, -0.0002277, -0.00018810000000000002, -0.0001397, -0.0001562, -0.00019250000000000002, -0.000209, -0.00017930000000000002, -0.0001364, -0.0001507, -0.00020020000000000001, -0.0002167, -0.00018260000000000002, -0.0001364, -0.0001463, -0.0002035, -0.0002101, -0.00018260000000000002, -0.000132, -0.0001562, -0.0002046, -0.00022, -0.00018260000000000002, -0.0001199, -0.0001474, -0.0002101, -0.0002178, -0.00018150000000000002, -0.0001309, -0.0001375, -0.00019580000000000002, -0.0002134, -0.0001705, -0.000132, -0.0001507, -0.00020240000000000001, -0.0002101, -0.00018810000000000002, -0.0001397, -0.0001518, -0.0002046, -0.0002145, -0.00018040000000000002, -0.0001397, -0.0001496, -0.00019360000000000002, -0.0002222, -0.00017820000000000002, -0.0001529, -0.0001606, -0.0002035, -0.0002266, -0.00017820000000000002, -0.0001408, -0.0001463, -0.00020020000000000001, -0.0002112, -0.000176, -0.0001342, -0.0001551, -0.00020020000000000001, -0.0002167, -0.0001749, -0.0001364, -0.0001551, -0.00019910000000000001, -0.0002189, -0.00017820000000000002, -0.0001364, -0.0001507, -0.0002123, -0.0002134, -0.00017820000000000002, -0.0001408, -0.000154, -0.0002079, -0.0002255, -0.00017820000000000002, -0.0001309, -0.0001463, -0.00019910000000000001, -0.0002057, -0.00018590000000000002, -0.000132, -0.0001485, -0.0002057, -0.00022, -0.00018040000000000002, -0.000132, -0.0001452, -0.00019360000000000002, -0.0002134, -0.00018150000000000002, -0.0001375, -0.0001595, -0.000209, -0.0002233, -0.00017710000000000002, -0.0001408, -0.0001496, -0.00020020000000000001, -0.0002145, -0.00017820000000000002, -0.000132, -0.0001507, -0.00018700000000000002, -0.0002222, -0.00017820000000000002, -0.0001331, -0.0001529, -0.00020240000000000001, -0.0002178, -0.00018480000000000002, -0.0001463, -0.0001529, -0.0002035, -0.0002288, -0.00018260000000000002, -0.0001375, -0.0001463, -0.0002035, -0.0002178, -0.0001749, -0.000143, -0.000154, -0.0002112, -0.0002255, -0.00019140000000000002, -0.000132, -0.0001529, -0.00019910000000000001, -0.0002189, -0.00018700000000000002, -0.0001397, -0.0001474, -0.00020020000000000001, -0.0002189, -0.00018260000000000002, -0.0001331, -0.0001485, -0.00019360000000000002, -0.0002222, -0.00018810000000000002, -0.0001485, -0.0001518, -0.00019030000000000002, -0.0002222, -0.00018810000000000002, -0.0001353, -0.0001452, -0.00019140000000000002, -0.0002145, -0.00018260000000000002, -0.0001485, -0.0001496, -0.00020130000000000001, -0.0002123, -0.00017930000000000002, -0.0001386, -0.0001342, -0.00019910000000000001, -0.0002101, -0.00018260000000000002, -0.0001364, -0.0001441, -0.00020130000000000001, -0.0002277, -0.00019140000000000002, -0.0001419, -0.0001507, -0.00019580000000000002, -0.0002101, -0.00019140000000000002, -0.0001375, -0.0001551, -0.00020240000000000001, -0.0002123, -0.0001727, -0.0001243, -0.0001573, -0.00019580000000000002, -0.0002167, -0.00018810000000000002, -0.0001441, -0.0001496, -0.00019800000000000002, -0.0002189, -0.00018480000000000002, -0.0001397, -0.0001518, -0.00019800000000000002, -0.0002101, -0.00018590000000000002, -0.0001408, -0.0001518, -0.00019910000000000001, -0.0002178, -0.00017930000000000002, -0.0001287, -0.0001485, -0.00020020000000000001, -0.0002222, -0.0001749, -0.0001518, -0.0001496, -0.00019800000000000002, -0.0002156, -0.00018590000000000002, -0.0001397, -0.0001474, -0.00019800000000000002, -0.0002112, -0.00018040000000000002, -0.0001408, -0.000154, -0.00019580000000000002, -0.0002211, -0.00017710000000000002, -0.0001342, -0.0001441, -0.00020130000000000001, -0.0002167, -0.00018150000000000002, -0.0001397, -0.0001562, -0.00019140000000000002, -0.0002244, -0.00018040000000000002, -0.0001353, -0.0001617, -0.00019690000000000002, -0.0002178, -0.00018260000000000002, -0.0001529, -0.0001452, -0.00020020000000000001, -0.0002145, -0.00018590000000000002, -0.0001364, -0.0001573, -0.0002046, -0.0002244, -0.00018700000000000002, -0.0001364, -0.000154, -0.00020240000000000001, -0.0002167, -0.00018260000000000002, -0.000143, -0.0001507, -0.0002057, -0.0002123, -0.00018700000000000002, -0.0001408, -0.0001485, -0.0002057, -0.0002156, -0.00018700000000000002, -0.0001353, -0.0001507, -0.00020020000000000001, -0.0002178, -0.00018260000000000002, -0.0001331, -0.0001507, -0.00019690000000000002, -0.0002167, -0.00018370000000000002, -0.0001375, -0.000143, -0.00019360000000000002, -0.0002178, -0.00018920000000000002, -0.0001507, -0.0001573, -0.00020240000000000001, -0.0002134, -0.00018370000000000002, -0.0001386, -0.0001507, -0.0002035, -0.0002167, -0.00018260000000000002, -0.0001342, -0.0001441, -0.000209, -0.0002178, -0.00018480000000000002, -0.000132, -0.0001507, -0.00020130000000000001, -0.0002222, -0.00018700000000000002, -0.000143, -0.0001441, -0.00019910000000000001, -0.000209, -0.00017820000000000002, -0.0001408, -0.0001529, -0.00020020000000000001, -0.0002079, -0.00017710000000000002, -0.0001287, -0.0001419, -0.00019910000000000001, -0.0002277, -0.00018480000000000002, -0.0001364, -0.0001507, -0.00019690000000000002, -0.0002156, -0.00018700000000000002, -0.000143, -0.0001474, -0.00020130000000000001, -0.0002156, -0.00018040000000000002, -0.0001353, -0.0001584, -0.000209, -0.0002134, -0.000176, -0.0001441, -0.0001562, -0.0002112, -0.0002244, -0.00018700000000000002, -0.0001397, -0.0001485, -0.00019800000000000002, -0.0002211, -0.00018260000000000002, -0.0001408, -0.0001518, -0.00019800000000000002, -0.0002233, -0.00019140000000000002, -0.0001309, -0.0001463, -0.00019910000000000001, -0.0002079, -0.00017710000000000002, -0.0001375, -0.0001628, -0.0002057, -0.0002266, -0.0001749, -0.0001408, -0.0001485, -0.00019580000000000002, -0.0002189, -0.000176, -0.0001342, -0.000143, -0.0002112, -0.0002222, -0.00019030000000000002, -0.0001386, -0.0001507, -0.0002079, -0.0002244, -0.00019030000000000002, -0.0001397, -0.0001463, -0.000209, -0.0002123, -0.00018260000000000002, -0.0001408, -0.0001595, -0.00020130000000000001, -0.0002211, -0.00017710000000000002, -0.0001364, -0.0001485, -0.00020020000000000001, -0.00022, -0.00018810000000000002, -0.0001342, -0.0001507, -0.00019690000000000002, -0.0002222, -0.00017930000000000002, -0.0001364, -0.0001485, -0.0002035, -0.0002145, -0.00018150000000000002, -0.0001254, -0.0001507, -0.00020020000000000001, -0.0002178, -0.00018040000000000002, -0.0001463, -0.0001485, -0.00019910000000000001, -0.0002211, -0.00018480000000000002, -0.0001419, -0.0001584, -0.0002101, -0.0002178, -0.00018040000000000002, -0.0001331, -0.0001452, -0.0002057, -0.0002167, -0.00018920000000000002, -0.0001353, -0.000143, -0.0002057, -0.0002112, -0.00018040000000000002, -0.0001419, -0.0001529, -0.00020240000000000001, -0.0002222, -0.00018370000000000002, -0.0001419, -0.000154, -0.00019910000000000001, -0.0002244, -0.00018040000000000002, -0.0001452, -0.0001518, -0.00019360000000000002, -0.00022]","[0.0006094000000000001, 0.0003058, 0.0004774, 0.0008646000000000001, 0.0009394000000000001, 0.0006116, 0.00030690000000000003, 0.00046970000000000003, 0.0008591, 0.0009372, 0.0006193, 0.000308, 0.0004708, 0.0008701000000000001, 0.0009394000000000001, 0.0006171, 0.00030690000000000003, 0.000484, 0.0008679, 0.0009416, 0.0006127, 0.0003212, 0.0004752, 0.0008701000000000001, 0.0009383000000000001, 0.0006105, 0.0003234, 0.0004818, 0.0008624, 0.0009383000000000001, 0.0006215, 0.00031350000000000003, 0.00047850000000000003, 0.0008668, 0.0009350000000000001, 0.0006182000000000001, 0.0003102, 0.0004774, 0.0008668, 0.0009438000000000001, 0.0006292, 0.0003168, 0.0004664, 0.0008646000000000001, 0.0009504, 0.0006149, 0.0003234, 0.000473, 0.0008624, 0.0009427000000000001, 0.0006171, 0.00031790000000000003, 0.0004862, 0.0008668, 0.0009493, 0.0006215, 0.00031790000000000003, 0.0004796, 0.0008701000000000001, 0.0009383000000000001, 0.0006182000000000001, 0.00031130000000000003, 0.000484, 0.0008613000000000001, 0.0009350000000000001, 0.0006116, 0.0003212, 0.0004862, 0.0008646000000000001, 0.0009284, 0.0006127, 0.00031350000000000003, 0.0004818, 0.0008734000000000001, 0.0009471000000000001, 0.0006138000000000001, 0.0003168, 0.0004796, 0.0008679, 0.0009394000000000001, 0.0006171, 0.00032010000000000003, 0.00047850000000000003, 0.0008591, 0.0009372, 0.0006083, 0.000319, 0.00048070000000000003, 0.0008712, 0.0009515000000000001, 0.0006127, 0.00030690000000000003, 0.00048290000000000003, 0.0008701000000000001, 0.0009449, 0.0006138000000000001, 0.0003036, 0.000484, 0.0008701000000000001, 0.000946, 0.0006094000000000001, 0.00030690000000000003, 0.0004873, 0.0008668, 0.0009416, 0.0006127, 0.00032230000000000003, 0.0004895, 0.0008690000000000001, 0.0009427000000000001, 0.0006193, 0.0003124, 0.00047850000000000003, 0.0008646000000000001, 0.0009438000000000001, 0.0006083, 0.00031570000000000003, 0.0004796, 0.0008756, 0.0009306000000000001, 0.0006226000000000001, 0.00031570000000000003, 0.00048290000000000003, 0.0008712, 0.0009405, 0.0006127, 0.0003146, 0.0004873, 0.0008624, 0.0009449, 0.0006105, 0.00031130000000000003, 0.0004818, 0.0008668, 0.0009273, 0.0006094000000000001, 0.0003168, 0.0004796, 0.0008690000000000001, 0.0009438000000000001, 0.0006281, 0.0003168, 0.00046970000000000003, 0.0008635, 0.0009438000000000001, 0.0006226000000000001, 0.0003168, 0.0004774, 0.0008657000000000001, 0.0009438000000000001, 0.0006105, 0.00031570000000000003, 0.0004873, 0.0008657000000000001, 0.0009394000000000001, 0.0006215, 0.00031790000000000003, 0.000484, 0.0008613000000000001, 0.0009515000000000001, 0.0006171, 0.0003058, 0.0004873, 0.0008613000000000001, 0.0009350000000000001, 0.0006116, 0.0003102, 0.0004796, 0.0008734000000000001, 0.0009383000000000001, 0.0006193, 0.00031570000000000003, 0.00047850000000000003, 0.0008624, 0.0009438000000000001, 0.0006039, 0.00031570000000000003, 0.00047630000000000003, 0.0008690000000000001, 0.0009438000000000001, 0.0006072, 0.000319, 0.000484, 0.0008734000000000001, 0.0009317, 0.0006193, 0.0003234, 0.00048290000000000003, 0.0008723, 0.0009339000000000001, 0.0006138000000000001, 0.0003234, 0.00047190000000000003, 0.0008734000000000001, 0.0009471000000000001, 0.0006149, 0.00031790000000000003, 0.0004818, 0.0008679, 0.0009306000000000001, 0.0006193, 0.00031570000000000003, 0.00047190000000000003, 0.0008690000000000001, 0.0009449, 0.0006083, 0.0003168, 0.00048070000000000003, 0.0008701000000000001, 0.0009361, 0.0006226000000000001, 0.0003256, 0.0004972, 0.0008668, 0.0009350000000000001, 0.0006039, 0.0003146, 0.0004818, 0.0008778000000000001, 0.0009493, 0.0006171, 0.000308, 0.0004862, 0.0008811, 0.0009361, 0.0006083, 0.00031350000000000003, 0.0004862, 0.000858, 0.0009449, 0.0006149, 0.00031790000000000003, 0.00047410000000000003, 0.0008701000000000001, 0.0009317, 0.000616, 0.0003124, 0.0004873, 0.0008767, 0.0009383000000000001, 0.0006116, 0.0003212, 0.00048290000000000003, 0.0008701000000000001, 0.0009350000000000001, 0.0006105, 0.00032010000000000003, 0.0004818, 0.0008690000000000001, 0.0009394000000000001, 0.0006094000000000001, 0.00031570000000000003, 0.0004873, 0.0008734000000000001, 0.0009449, 0.0006116, 0.0003102, 0.000484, 0.0008767, 0.0009350000000000001, 0.0006116, 0.00031130000000000003, 0.0004752, 0.0008668, 0.0009438000000000001, 0.0006237, 0.0003146, 0.00047410000000000003, 0.0008690000000000001, 0.0009471000000000001, 0.0006149, 0.0003124, 0.0004884, 0.0008723, 0.0009537, 0.0006149, 0.00030910000000000003, 0.0004818, 0.0008778000000000001, 0.0009350000000000001, 0.0006061, 0.00030910000000000003, 0.0004774, 0.0008657000000000001, 0.0009372, 0.0006028, 0.00031570000000000003, 0.00048510000000000003, 0.0008679, 0.0009394000000000001, 0.0006061, 0.00030910000000000003, 0.00048290000000000003, 0.0008723, 0.0009284, 0.0006050000000000001, 0.00031350000000000003, 0.0004796, 0.0008657000000000001, 0.0009372, 0.0006072, 0.00031790000000000003, 0.0004873, 0.0008723, 0.0009372, 0.0006017, 0.0003102, 0.0004873, 0.0008657000000000001, 0.0009416, 0.0006105, 0.0003256, 0.00048510000000000003, 0.0008756, 0.0009449, 0.0006149, 0.00030690000000000003, 0.00047410000000000003, 0.0008712, 0.0009350000000000001, 0.0006105, 0.0002992, 0.00047630000000000003, 0.0008811, 0.000946, 0.0006193, 0.00031350000000000003, 0.00048290000000000003, 0.0008767, 0.0009405, 0.0006083, 0.00031790000000000003, 0.0004928, 0.0008701000000000001, 0.0009493, 0.0006072, 0.0003146, 0.0004873, 0.0008778000000000001, 0.0009482000000000001, 0.0006193, 0.0003124, 0.0004895, 0.0008679, 0.0009372, 0.0006072, 0.0003168, 0.00048290000000000003, 0.0008668, 0.0009515000000000001, 0.0006050000000000001, 0.00031350000000000003, 0.0004796, 0.0008745000000000001, 0.0009449, 0.0006182000000000001, 0.00031790000000000003, 0.00048510000000000003, 0.0008745000000000001, 0.0009416, 0.0006083, 0.0003146, 0.0004895, 0.0008756, 0.0009482000000000001, 0.0006039, 0.0003212, 0.0004818, 0.0008811, 0.0009361, 0.0006171, 0.0003212, 0.000473, 0.0008756, 0.0009251000000000001, 0.0006105, 0.000308, 0.0004796, 0.0008679, 0.000946, 0.000616, 0.0003168, 0.0004796, 0.0008767, 0.0009427000000000001, 0.0006050000000000001, 0.0003168, 0.0004873, 0.0008767, 0.000946, 0.0005929, 0.000308, 0.0004895, 0.0008657000000000001, 0.0009471000000000001, 0.0006061, 0.0003212, 0.00048070000000000003, 0.0008701000000000001, 0.0009427000000000001, 0.0006072, 0.0003124, 0.00048510000000000003, 0.0008712, 0.000946, 0.0006072, 0.00031130000000000003, 0.00048070000000000003, 0.0008723, 0.0009383000000000001, 0.0006105, 0.00030910000000000003, 0.000484, 0.0008723, 0.0009383000000000001, 0.0006083, 0.00031350000000000003, 0.00048510000000000003, 0.0008778000000000001, 0.0009416, 0.0006105, 0.0003124, 0.0004873, 0.0008635, 0.000946, 0.0005951, 0.00031350000000000003, 0.0004862, 0.0008690000000000001, 0.0009416, 0.0006105, 0.000308, 0.0004906, 0.0008756, 0.0009427000000000001, 0.0005962000000000001, 0.00031570000000000003, 0.0004873, 0.00088, 0.0009416, 0.0006182000000000001, 0.00031350000000000003, 0.00047630000000000003, 0.0008745000000000001, 0.0009438000000000001, 0.0006105, 0.0003124, 0.0004862, 0.0008712, 0.0009339000000000001, 0.0006072, 0.0003124, 0.0004873, 0.0008613000000000001, 0.0009416, 0.0006083, 0.000319, 0.0004873, 0.0008668, 0.0009449, 0.0006017, 0.00031570000000000003, 0.00047850000000000003, 0.0008789000000000001, 0.0009394000000000001, 0.0006171, 0.0003124, 0.0004939, 0.0008668, 0.0009449, 0.0006072, 0.00032010000000000003, 0.0004917, 0.0008690000000000001, 0.0009416, 0.0006138000000000001, 0.0003212, 0.0004818, 0.0008734000000000001, 0.0009361, 0.0006083, 0.00031350000000000003, 0.0004884, 0.0008811, 0.0009328, 0.000616, 0.0003058, 0.00048510000000000003, 0.0008723, 0.0009372, 0.0006050000000000001, 0.0003256, 0.0004862, 0.0008657000000000001, 0.0009438000000000001, 0.0006028, 0.00030690000000000003, 0.0004873, 0.0008767, 0.0009438000000000001]",5
41,"[-8.69e-05, -0.0001133, -0.00010120000000000001, -7.7e-05, -6.71e-05, -9.570000000000001e-05, -0.0001089, -9.790000000000001e-05, -7.7e-05, -6.6e-05, -0.00010010000000000001, -0.0001056, -9.680000000000001e-05, -8.25e-05, -7.37e-05, -8.47e-05, -0.0001067, -0.0001045, -8.03e-05, -7.48e-05, -7.48e-05, -0.0001111, -9.680000000000001e-05, -7.7e-05, -7.26e-05, -8.69e-05, -0.0001122, -0.0001023, -8.8e-05, -7.37e-05, -9.900000000000001e-05, -0.0001056, -9.130000000000001e-05, -7.26e-05, -6.05e-05, -9.680000000000001e-05, -0.0001122, -9.900000000000001e-05, -7.26e-05, -7.37e-05, -9.680000000000001e-05, -0.0001056, -0.0001056, -8.14e-05, -6.38e-05, -9.790000000000001e-05, -0.0001089, -9.900000000000001e-05, -7.37e-05, -6.82e-05, -9.020000000000001e-05, -0.0001155, -0.0001155, -8.25e-05, -6.27e-05, -9.680000000000001e-05, -0.0001166, -0.00010010000000000001, -8.36e-05, -7.81e-05, -8.25e-05, -0.0001133, -0.0001133, -8.36e-05, -6.6e-05, -0.0001023, -0.0001111, -0.0001023, -7.81e-05, -7.26e-05, -8.14e-05, -0.0001133, -0.0001023, -7.7e-05, -6.93e-05, -9.790000000000001e-05, -0.0001078, -0.0001078, -7.7e-05, -7.37e-05, -9.020000000000001e-05, -0.0001089, -9.900000000000001e-05, -7.15e-05, -6.6e-05, -9.460000000000001e-05, -0.0001111, -0.0001034, -7.7e-05, -6.93e-05, -8.910000000000001e-05, -0.0001089, -0.0001111, -8.03e-05, -7.15e-05, -9.350000000000001e-05, -0.00010120000000000001, -0.0001056, -7.92e-05, -6.6e-05, -0.0001045, -0.000121, -9.130000000000001e-05, -7.7e-05, -6.93e-05, -9.460000000000001e-05, -0.0001089, -0.0001023, -7.7e-05, -7.04e-05, -0.00010010000000000001, -0.0001166, -0.00010010000000000001, -8.03e-05, -6.71e-05, -9.020000000000001e-05, -0.00010010000000000001, -0.0001089, -8.58e-05, -8.14e-05, -0.00010010000000000001, -0.0001023, -9.570000000000001e-05, -8.910000000000001e-05, -7.92e-05, -9.240000000000001e-05, -0.0001144, -0.00010010000000000001, -7.7e-05, -7.15e-05, -8.69e-05, -0.0001089, -0.0001023, -8.8e-05, -6.82e-05, -9.130000000000001e-05, -0.0001188, -0.0001034, -8.25e-05, -6.93e-05, -8.910000000000001e-05, -0.0001045, -9.680000000000001e-05, -8.47e-05, -7.04e-05, -8.8e-05, -0.0001111, -0.00011, -7.7e-05, -7.59e-05, -9.130000000000001e-05, -0.0001177, -0.0001045, -8.03e-05, -6.38e-05, -9.240000000000001e-05, -0.00011, -0.0001045, -7.81e-05, -7.15e-05, -8.47e-05, -0.00011, -9.570000000000001e-05, -7.37e-05, -7.04e-05, -8.8e-05, -0.0001056, -0.0001056, -8.69e-05, -6.82e-05, -9.570000000000001e-05, -0.00011, -0.0001034, -8.14e-05, -7.37e-05, -9.020000000000001e-05, -0.0001144, -0.0001056, -8.910000000000001e-05, -6.27e-05, -8.36e-05, -0.0001023, -9.900000000000001e-05, -7.04e-05, -7.26e-05, -9.680000000000001e-05, -0.0001122, -0.0001045, -6.93e-05, -7.26e-05, -9.240000000000001e-05, -0.0001089, -0.0001078, -7.48e-05, -7.92e-05, -9.020000000000001e-05, -0.0001045, -9.790000000000001e-05, -8.14e-05, -6.82e-05, -8.8e-05, -0.0001078, -9.790000000000001e-05, -7.81e-05, -5.83e-05, -9.680000000000001e-05, -0.0001056, -0.00011, -7.48e-05, -6.82e-05, -9.240000000000001e-05, -0.0001144, -0.0001034, -7.81e-05, -7.15e-05, -9.460000000000001e-05, -0.0001078, -0.0001056, -7.59e-05, -8.14e-05, -8.8e-05, -0.0001111, -0.0001045, -7.81e-05, -7.37e-05, -9.240000000000001e-05, -0.0001133, -0.0001034, -7.92e-05, -7.48e-05, -9.570000000000001e-05, -0.00011, -0.00010010000000000001, -8.910000000000001e-05, -6.82e-05, -8.8e-05, -0.0001045, -0.00011, -6.49e-05, -6.49e-05, -9.020000000000001e-05, -0.0001056, -9.790000000000001e-05, -8.58e-05, -6.49e-05, -9.350000000000001e-05, -0.0001056, -0.00010120000000000001, -7.37e-05, -8.03e-05, -9.900000000000001e-05, -0.0001089, -9.570000000000001e-05, -7.48e-05, -7.37e-05, -8.36e-05, -0.0001045, -9.460000000000001e-05, -6.93e-05, -7.81e-05, -9.460000000000001e-05, -0.0001056, -0.0001089, -7.92e-05, -6.93e-05, -8.47e-05, -0.0001078, -0.0001023, -8.58e-05, -7.04e-05, -9.130000000000001e-05, -0.0001166, -9.790000000000001e-05, -8.25e-05, -6.6e-05, -9.350000000000001e-05, -0.0001133, -9.460000000000001e-05, -7.81e-05, -6.93e-05, -8.8e-05, -0.0001034, -0.0001045, -8.14e-05, -8.03e-05, -8.47e-05, -0.0001089, -0.0001045, -7.37e-05, -6.71e-05, -9.680000000000001e-05, -0.0001133, -0.0001067, -8.14e-05, -6.27e-05, -9.350000000000001e-05, -0.0001089, -0.00010010000000000001, -7.7e-05, -6.93e-05, -0.0001034, -0.0001177, -0.00010120000000000001, -8.25e-05, -6.82e-05, -9.900000000000001e-05, -0.0001067, -0.0001023, -7.81e-05, -7.37e-05, -0.0001023, -0.0001056, -9.350000000000001e-05, -7.15e-05, -6.82e-05, -9.790000000000001e-05, -0.0001045, -0.0001122, -7.37e-05, -7.15e-05, -8.69e-05, -0.0001111, -0.0001034, -7.26e-05, -6.6e-05, -8.47e-05, -0.0001111, -0.0001056, -7.7e-05, -7.59e-05, -9.460000000000001e-05, -0.0001133, -0.0001122, -8.910000000000001e-05, -7.59e-05, -8.36e-05, -0.0001122, -0.00010120000000000001, -6.71e-05, -7.04e-05, -9.570000000000001e-05, -0.0001122, -0.0001034, -8.58e-05, -7.26e-05, -0.0001045, -0.0001089, -9.680000000000001e-05, -7.15e-05, -8.14e-05, -9.240000000000001e-05, -0.0001177, -0.0001056, -7.92e-05, -6.6e-05, -9.350000000000001e-05, -0.0001023, -9.350000000000001e-05, -8.03e-05, -7.37e-05, -9.240000000000001e-05, -0.0001045, -9.900000000000001e-05, -8.36e-05, -7.48e-05, -8.910000000000001e-05, -0.0001023, -0.00010010000000000001, -8.14e-05, -6.93e-05, -0.00010120000000000001, -0.00011, -9.790000000000001e-05, -6.93e-05, -6.71e-05, -9.460000000000001e-05, -0.0001144, -0.0001045, -6.93e-05, -7.04e-05, -9.020000000000001e-05, -0.0001144, -0.0001034, -7.92e-05, -7.59e-05, -9.570000000000001e-05, -0.0001166, -0.0001023, -7.81e-05, -7.04e-05, -0.00010010000000000001, -0.0001122, -0.0001034, -7.26e-05, -6.82e-05, -0.00010120000000000001, -0.00011, -0.0001078, -7.92e-05, -6.82e-05, -7.81e-05, -0.0001045, -9.900000000000001e-05, -7.81e-05, -7.7e-05, -8.8e-05, -0.0001243, -0.00010120000000000001, -7.48e-05, -7.59e-05, -9.350000000000001e-05, -0.0001122, -0.00010010000000000001, -7.81e-05, -7.92e-05, -8.8e-05, -0.00011, -0.0001067, -7.7e-05, -7.04e-05, -9.790000000000001e-05, -0.00010120000000000001, -0.0001089, -9.130000000000001e-05, -7.59e-05, -0.00010010000000000001, -0.00010120000000000001, -0.0001056, -8.8e-05, -6.71e-05, -0.0001034, -0.0001155, -0.00010120000000000001, -8.14e-05, -8.03e-05, -0.0001023, -0.0001166, -0.0001034, -8.47e-05, -6.71e-05, -9.130000000000001e-05, -0.0001056, -0.0001045, -9.240000000000001e-05, -6.6e-05, -9.130000000000001e-05, -0.0001144, -0.0001078, -8.14e-05, -7.7e-05, -9.240000000000001e-05, -0.0001067, -0.00010120000000000001, -8.69e-05, -7.7e-05, -8.69e-05, -0.0001078, -0.0001089, -7.92e-05, -6.38e-05, -8.8e-05, -0.000121, -0.00010120000000000001, -8.03e-05, -7.15e-05, -0.00010010000000000001, -0.00011, -9.900000000000001e-05, -8.58e-05, -7.59e-05, -8.36e-05, -0.0001089, -0.00010010000000000001, -6.82e-05, -7.59e-05, -7.81e-05, -0.0001089, -0.0001056, -6.82e-05, -7.37e-05, -9.020000000000001e-05, -0.00011, -0.00010120000000000001, -7.7e-05, -7.26e-05, -9.130000000000001e-05, -0.0001034, -9.900000000000001e-05, -7.37e-05, -7.26e-05, -9.020000000000001e-05, -0.0001111, -0.0001034, -8.36e-05, -7.26e-05, -8.58e-05, -0.0001155, -0.0001067, -7.48e-05, -7.37e-05]","[-0.0001485, -0.00020130000000000001, -0.0002079, -0.00018590000000000002, -0.0001419, -0.0001518, -0.0002079, -0.0002112, -0.00018040000000000002, -0.0001485, -0.0001474, -0.00019800000000000002, -0.0002255, -0.00017710000000000002, -0.0001353, -0.0001507, -0.0002046, -0.0002057, -0.00018370000000000002, -0.0001375, -0.0001507, -0.00020020000000000001, -0.0002145, -0.00018480000000000002, -0.0001364, -0.0001595, -0.0002046, -0.0002244, -0.0001749, -0.0001353, -0.0001518, -0.0002123, -0.0002178, -0.00017710000000000002, -0.0001397, -0.0001617, -0.00019910000000000001, -0.0002145, -0.00018040000000000002, -0.0001364, -0.0001551, -0.00020020000000000001, -0.0002134, -0.00017820000000000002, -0.0001441, -0.0001518, -0.0002046, -0.0002211, -0.00017930000000000002, -0.0001463, -0.0001485, -0.00019690000000000002, -0.0002222, -0.00017820000000000002, -0.0001419, -0.000154, -0.00019800000000000002, -0.0002145, -0.00018700000000000002, -0.0001408, -0.0001529, -0.00019800000000000002, -0.0002178, -0.00018480000000000002, -0.0001386, -0.0001518, -0.00020130000000000001, -0.0002123, -0.00018260000000000002, -0.0001397, -0.000154, -0.00019910000000000001, -0.0002167, -0.00018590000000000002, -0.0001375, -0.0001452, -0.00019800000000000002, -0.0002167, -0.00017930000000000002, -0.000132, -0.0001573, -0.00020020000000000001, -0.0002145, -0.00018370000000000002, -0.000143, -0.0001529, -0.0002112, -0.0002189, -0.00018480000000000002, -0.0001364, -0.0001507, -0.00019690000000000002, -0.0002156, -0.00017820000000000002, -0.0001507, -0.0001529, -0.0002101, -0.0002167, -0.00018370000000000002, -0.0001353, -0.0001452, -0.0002035, -0.000231, -0.000176, -0.0001496, -0.0001496, -0.00020240000000000001, -0.0002178, -0.00018040000000000002, -0.0001342, -0.0001562, -0.00019470000000000002, -0.00020130000000000001, -0.00018480000000000002, -0.0001309, -0.0001529, -0.0002046, -0.0002255, -0.00018700000000000002, -0.0001408, -0.0001452, -0.0002057, -0.0002189, -0.00017710000000000002, -0.0001342, -0.0001529, -0.00020020000000000001, -0.00022, -0.00018040000000000002, -0.0001353, -0.000154, -0.00020130000000000001, -0.0002189, -0.00017710000000000002, -0.0001386, -0.0001441, -0.0002068, -0.0002079, -0.00018150000000000002, -0.0001419, -0.000154, -0.0002068, -0.0002277, -0.00018150000000000002, -0.0001298, -0.0001485, -0.00020240000000000001, -0.0002222, -0.0001749, -0.0001386, -0.0001573, -0.00019690000000000002, -0.0002167, -0.00019030000000000002, -0.0001397, -0.0001441, -0.0002079, -0.0002222, -0.00018150000000000002, -0.0001353, -0.0001452, -0.00019030000000000002, -0.0002266, -0.0001716, -0.0001342, -0.0001485, -0.00019800000000000002, -0.00022, -0.00018260000000000002, -0.0001386, -0.0001485, -0.00019250000000000002, -0.0002178, -0.00017820000000000002, -0.0001353, -0.0001529, -0.0002046, -0.0002156, -0.00018810000000000002, -0.0001331, -0.0001562, -0.00019580000000000002, -0.0002167, -0.00018370000000000002, -0.0001364, -0.0001474, -0.0002046, -0.0002145, -0.00018590000000000002, -0.0001397, -0.0001452, -0.00020130000000000001, -0.0002112, -0.00018480000000000002, -0.0001419, -0.0001595, -0.00020020000000000001, -0.0002178, -0.00017930000000000002, -0.0001375, -0.000143, -0.00020130000000000001, -0.000209, -0.00018810000000000002, -0.0001342, -0.0001562, -0.0002068, -0.00022, -0.00019030000000000002, -0.0001331, -0.000154, -0.00020240000000000001, -0.0002123, -0.00018810000000000002, -0.0001375, -0.0001617, -0.0002057, -0.00022, -0.00017930000000000002, -0.0001298, -0.0001419, -0.0002079, -0.0002167, -0.0001749, -0.0001353, -0.0001518, -0.0002035, -0.0002233, -0.00018590000000000002, -0.0001342, -0.0001551, -0.0002046, -0.0002211, -0.00018920000000000002, -0.0001331, -0.0001474, -0.000209, -0.0002222, -0.00018040000000000002, -0.0001309, -0.0001441, -0.00019690000000000002, -0.0002134, -0.00018040000000000002, -0.0001485, -0.000154, -0.0002035, -0.0002068, -0.00018150000000000002, -0.0001397, -0.0001518, -0.000209, -0.0002046, -0.00018260000000000002, -0.000143, -0.0001441, -0.0002057, -0.0002134, -0.00017930000000000002, -0.0001298, -0.0001397, -0.00019690000000000002, -0.0002178, -0.00018590000000000002, -0.0001375, -0.0001507, -0.00020020000000000001, -0.0002222, -0.0001672, -0.0001342, -0.0001529, -0.00019580000000000002, -0.00022, -0.00018810000000000002, -0.0001408, -0.0001496, -0.0002035, -0.0002156, -0.00017930000000000002, -0.0001419, -0.000154, -0.00020130000000000001, -0.0002145, -0.00017710000000000002, -0.0001331, -0.0001617, -0.0002046, -0.0002134, -0.00017710000000000002, -0.0001397, -0.0001507, -0.00019470000000000002, -0.0002178, -0.00017930000000000002, -0.0001397, -0.0001485, -0.00019800000000000002, -0.0002156, -0.00018700000000000002, -0.0001353, -0.0001562, -0.00020020000000000001, -0.0002222, -0.00018040000000000002, -0.0001364, -0.0001551, -0.00019580000000000002, -0.0002189, -0.00017710000000000002, -0.0001397, -0.0001518, -0.00019580000000000002, -0.0002057, -0.00017820000000000002, -0.0001419, -0.0001518, -0.00019250000000000002, -0.0002178, -0.00017820000000000002, -0.0001386, -0.0001397, -0.00019250000000000002, -0.0002156, -0.00018150000000000002, -0.0001529, -0.0001441, -0.00019910000000000001, -0.0002211, -0.00017710000000000002, -0.0001298, -0.0001496, -0.0002068, -0.0002211, -0.0001749, -0.0001364, -0.0001496, -0.0002068, -0.0002156, -0.00018590000000000002, -0.0001342, -0.0001529, -0.0002035, -0.0002145, -0.00018700000000000002, -0.000143, -0.0001485, -0.00020240000000000001, -0.0002288, -0.00017710000000000002, -0.0001364, -0.0001584, -0.00020240000000000001, -0.0002112, -0.00017930000000000002, -0.0001463, -0.0001507, -0.00019250000000000002, -0.0002167, -0.00018260000000000002, -0.0001353, -0.0001507, -0.00019800000000000002, -0.0002211, -0.00018480000000000002, -0.000143, -0.000154, -0.0002189, -0.0002134, -0.0001639, -0.0001375, -0.0001672, -0.0002057, -0.0002134, -0.00018260000000000002, -0.000143, -0.0001518, -0.0002035, -0.0002134, -0.00017930000000000002, -0.0001386, -0.0001529, -0.00019910000000000001, -0.0002189, -0.0001738, -0.0001485, -0.0001617, -0.00019800000000000002, -0.0002167, -0.00018260000000000002, -0.0001397, -0.0001529, -0.00019910000000000001, -0.0002134, -0.00019030000000000002, -0.0001441, -0.000154, -0.0002079, -0.00022, -0.00018370000000000002, -0.0001463, -0.0001408, -0.00018920000000000002, -0.0002244, -0.00017820000000000002, -0.0001353, -0.0001672, -0.0002035, -0.0002101, -0.00018150000000000002, -0.000132, -0.0001474, -0.00020130000000000001, -0.0002178, -0.000176, -0.0001441, -0.0001573, -0.0002178, -0.00022, -0.00018370000000000002, -0.0001375, -0.000154, -0.0002035, -0.0002123, -0.0001727, -0.0001364, -0.000165, -0.0002123, -0.0002266, -0.00017820000000000002, -0.0001364, -0.0001419, -0.00019910000000000001, -0.00022, -0.00018150000000000002, -0.0001364, -0.0001507, -0.000209, -0.0002189, -0.00017710000000000002, -0.0001397, -0.000154, -0.00019800000000000002, -0.0002189, -0.00018040000000000002, -0.0001452, -0.0001485, -0.00019690000000000002, -0.0002145, -0.00019030000000000002, -0.0001386, -0.0001496, -0.00020130000000000001, -0.0002145, -0.00018480000000000002, -0.0001463, -0.0001584, -0.00020240000000000001, -0.0002123, -0.000176, -0.0001408, -0.0001463, -0.0002079, -0.0002134, -0.0001749, -0.0001386, -0.0001551, -0.00019910000000000001, -0.0002178, -0.00018590000000000002, -0.0001419, -0.0001551, -0.00019690000000000002, -0.00022, -0.00018810000000000002, -0.0001474, -0.0001551, -0.0002035, -0.0002156, -0.00018370000000000002, -0.0001298, -0.0001441, -0.0002046, -0.0002101, -0.00018150000000000002, -0.0001331, -0.0001463, -0.00020130000000000001, -0.0002222, -0.00017820000000000002, -0.0001342, -0.0001518, -0.00020020000000000001, -0.000209, -0.00017820000000000002, -0.0001342, -0.0001507, -0.0002035, -0.0002222, -0.00018370000000000002, -0.0001375]","[0.000495, 0.0008767, 0.0009438000000000001, 0.0005984, 0.0003168, 0.0004994, 0.0008767, 0.0009482000000000001, 0.0005929, 0.00031570000000000003, 0.0005038, 0.0008844, 0.0009405, 0.0006039, 0.0003124, 0.0004994, 0.0008822000000000001, 0.0009416, 0.0006072, 0.0003146, 0.0004917, 0.0008877000000000001, 0.0009416, 0.0006039, 0.00031350000000000003, 0.0004994, 0.0008943, 0.0009493, 0.0005995, 0.000319, 0.0005104, 0.0008855, 0.0009339000000000001, 0.0006006000000000001, 0.000319, 0.000495, 0.0008844, 0.0009438000000000001, 0.0005951, 0.00031130000000000003, 0.0005005000000000001, 0.0008943, 0.0009592, 0.0006028, 0.00030470000000000003, 0.0005049000000000001, 0.0008932, 0.0009383000000000001, 0.0005918000000000001, 0.00032230000000000003, 0.0004939, 0.0008811, 0.0009438000000000001, 0.0005918000000000001, 0.00030910000000000003, 0.000495, 0.0008877000000000001, 0.0009449, 0.0005995, 0.0003168, 0.0005016, 0.0008844, 0.0009394000000000001, 0.0006017, 0.00031570000000000003, 0.0005093000000000001, 0.0008932, 0.0009394000000000001, 0.0006105, 0.0003212, 0.0004994, 0.0008877000000000001, 0.0009394000000000001, 0.0005951, 0.00031570000000000003, 0.0005038, 0.0008811, 0.0009493, 0.000594, 0.0003168, 0.0004939, 0.0008921000000000001, 0.0009405, 0.0005973, 0.0003102, 0.0004994, 0.0008976, 0.0009438000000000001, 0.0006050000000000001, 0.00031130000000000003, 0.0005038, 0.0008833000000000001, 0.0009416, 0.0005951, 0.00031350000000000003, 0.0004972, 0.0008866000000000001, 0.0009449, 0.0005929, 0.00031570000000000003, 0.0004928, 0.0008844, 0.0009438000000000001, 0.0006050000000000001, 0.00031130000000000003, 0.0004983, 0.0008877000000000001, 0.0009383000000000001, 0.0005962000000000001, 0.0003146, 0.0004972, 0.0008888, 0.0009394000000000001, 0.0005995, 0.0003212, 0.0005071, 0.0008866000000000001, 0.0009405, 0.0006072, 0.00031790000000000003, 0.0005104, 0.0008877000000000001, 0.0009394000000000001, 0.000594, 0.00032010000000000003, 0.0005016, 0.0008844, 0.0009394000000000001, 0.0005973, 0.0003124, 0.0004862, 0.0008998000000000001, 0.0009339000000000001, 0.0006017, 0.00030910000000000003, 0.0004994, 0.0008965, 0.0009339000000000001, 0.0006072, 0.00031350000000000003, 0.0004873, 0.0008866000000000001, 0.000946, 0.0006028, 0.00030030000000000004, 0.0004994, 0.0008855, 0.0009394000000000001, 0.0005918000000000001, 0.00031350000000000003, 0.0005082, 0.0008855, 0.0009295000000000001, 0.0006028, 0.0003168, 0.0005049000000000001, 0.0008723, 0.0009317, 0.0005973, 0.0003058, 0.0005126, 0.0008877000000000001, 0.0009317, 0.0006028, 0.000319, 0.0005049000000000001, 0.0008778000000000001, 0.0009416, 0.0006017, 0.000319, 0.0005005000000000001, 0.0008833000000000001, 0.0009570000000000001, 0.0005973, 0.00031350000000000003, 0.0005038, 0.0008844, 0.0009471000000000001, 0.0006050000000000001, 0.0003102, 0.0004972, 0.0008833000000000001, 0.0009350000000000001, 0.0005962000000000001, 0.00030690000000000003, 0.0005038, 0.0008866000000000001, 0.0009394000000000001, 0.0006017, 0.00031350000000000003, 0.0005049000000000001, 0.00088, 0.0009339000000000001, 0.0005841, 0.0003212, 0.0005016, 0.0008855, 0.0009394000000000001, 0.0005973, 0.00031350000000000003, 0.000506, 0.0008932, 0.0009383000000000001, 0.0006006000000000001, 0.00031350000000000003, 0.0004983, 0.0008833000000000001, 0.0009295000000000001, 0.0005929, 0.0003102, 0.0004961000000000001, 0.0008976, 0.0009471000000000001, 0.0006039, 0.00031350000000000003, 0.000495, 0.0008866000000000001, 0.0009427000000000001, 0.0005907, 0.000319, 0.000495, 0.00088, 0.0009383000000000001, 0.0005929, 0.00031350000000000003, 0.0004961000000000001, 0.0008954000000000001, 0.0009449, 0.0005984, 0.0003102, 0.000495, 0.00088, 0.0009416, 0.0006006000000000001, 0.00031570000000000003, 0.0005049000000000001, 0.0008844, 0.0009328, 0.0006039, 0.0003212, 0.000495, 0.0008910000000000001, 0.0009317, 0.0005984, 0.0003102, 0.0005038, 0.00088, 0.0009339000000000001, 0.0005852, 0.0003168, 0.0004917, 0.0008888, 0.0009350000000000001, 0.0005929, 0.000319, 0.0005093000000000001, 0.0008833000000000001, 0.0009339000000000001, 0.0006017, 0.0003102, 0.000506, 0.0008811, 0.0009515000000000001, 0.0005973, 0.00031570000000000003, 0.0005038, 0.0008866000000000001, 0.0009416, 0.000594, 0.000308, 0.0005038, 0.0008866000000000001, 0.0009383000000000001, 0.0006017, 0.00031350000000000003, 0.0004928, 0.0008866000000000001, 0.0009317, 0.0006017, 0.0003036, 0.0004906, 0.0008910000000000001, 0.0009339000000000001, 0.0006028, 0.0003058, 0.0005071, 0.0008965, 0.0009427000000000001, 0.0006006000000000001, 0.0003036, 0.0005082, 0.0008877000000000001, 0.0009361, 0.0005951, 0.00030910000000000003, 0.000495, 0.0008844, 0.0009394000000000001, 0.0006028, 0.0003124, 0.0004961000000000001, 0.0008987, 0.0009295000000000001, 0.0005929, 0.0003234, 0.000495, 0.0008888, 0.0009339000000000001, 0.0005874000000000001, 0.000319, 0.0005027, 0.0008910000000000001, 0.0009416, 0.000594, 0.0003124, 0.0005005000000000001, 0.0008811, 0.0009317, 0.0005962000000000001, 0.00031790000000000003, 0.0005038, 0.0008811, 0.0009394000000000001, 0.0005918000000000001, 0.0003168, 0.0004895, 0.0008910000000000001, 0.0009372, 0.0006039, 0.000308, 0.0005082, 0.00088, 0.0009416, 0.0005973, 0.0003146, 0.0005005000000000001, 0.0008833000000000001, 0.0009361, 0.0006006000000000001, 0.00030910000000000003, 0.0004961000000000001, 0.0008866000000000001, 0.0009295000000000001, 0.0005918000000000001, 0.0003124, 0.0005016, 0.0008866000000000001, 0.0009416, 0.0005962000000000001, 0.00030690000000000003, 0.0005126, 0.0008965, 0.0009273, 0.0005995, 0.0003058, 0.0005038, 0.0008844, 0.0009328, 0.0005973, 0.00032010000000000003, 0.0005049000000000001, 0.0008833000000000001, 0.0009295000000000001, 0.0005951, 0.0003014, 0.0005016, 0.0008844, 0.0009372, 0.0005885, 0.00031130000000000003, 0.0005038, 0.0008811, 0.0009394000000000001, 0.0005973, 0.00031790000000000003, 0.0005016, 0.0008855, 0.0009427000000000001, 0.0005918000000000001, 0.0003146, 0.0005082, 0.0008866000000000001, 0.0009361, 0.0005885, 0.00030690000000000003, 0.0004983, 0.0008822000000000001, 0.0009482000000000001, 0.000594, 0.0003036, 0.0005049000000000001, 0.0008888, 0.0009350000000000001, 0.0005852, 0.000319, 0.0005049000000000001, 0.0008910000000000001, 0.0009471000000000001, 0.0005907, 0.0003212, 0.0005049000000000001, 0.0008888, 0.0009295000000000001, 0.0005918000000000001, 0.00031570000000000003, 0.0005071, 0.0008877000000000001, 0.0009251000000000001, 0.0005962000000000001, 0.00031350000000000003, 0.0005104, 0.0008822000000000001, 0.0009383000000000001, 0.0005896, 0.0003146, 0.0005027, 0.0008888, 0.0009317, 0.0005896, 0.0003124, 0.0005093000000000001, 0.0008855, 0.0009306000000000001, 0.0005885, 0.00030910000000000003, 0.0005049000000000001, 0.0008866000000000001, 0.0009394000000000001, 0.0005896, 0.000308, 0.0005093000000000001, 0.0008965, 0.0009372, 0.0005918000000000001, 0.0003124, 0.0005214, 0.0008877000000000001, 0.0009372, 0.0005962000000000001, 0.00031350000000000003, 0.0005049000000000001, 0.0008888, 0.0009339000000000001, 0.0005907, 0.00031790000000000003, 0.0005115, 0.0008954000000000001, 0.000946, 0.0005984, 0.00031790000000000003, 0.0005027, 0.0008855, 0.0009328, 0.0005951, 0.000319, 0.0004983, 0.0008844, 0.0009394000000000001, 0.0005929, 0.00031130000000000003, 0.0005093000000000001, 0.0008910000000000001, 0.0009372, 0.0005984, 0.00031790000000000003, 0.000506, 0.0008822000000000001, 0.0009449, 0.0005973, 0.00030470000000000003, 0.0005137000000000001, 0.0008976, 0.0009328, 0.0005918000000000001, 0.0003102, 0.0005104, 0.0008855, 0.0009383000000000001, 0.0005984, 0.00031130000000000003, 0.0004961000000000001, 0.0008899, 0.0009306000000000001, 0.0005896, 0.000308, 0.0005049000000000001, 0.0008965, 0.0009416, 0.0005984, 0.0003102, 0.0004994, 0.0008921000000000001, 0.0009361, 0.0005918000000000001, 0.0003124, 0.0005071, 0.0008932, 0.0009350000000000001, 0.0006039, 0.00032010000000000003]",6
42,"[-0.0001056, -0.00010120000000000001, -7.81e-05, -7.37e-05, -9.570000000000001e-05, -0.0001122, -9.790000000000001e-05, -7.04e-05, -7.7e-05, -9.790000000000001e-05, -0.0001155, -0.0001067, -8.03e-05, -7.59e-05, -9.130000000000001e-05, -0.000121, -0.0001133, -8.69e-05, -7.15e-05, -0.0001056, -0.0001254, -0.0001188, -7.48e-05, -7.48e-05, -9.460000000000001e-05, -0.0001232, -0.0001111, -7.81e-05, -7.37e-05, -0.00010010000000000001, -0.00011, -0.0001133, -8.58e-05, -7.04e-05, -0.0001034, -0.0001221, -0.0001034, -7.81e-05, -7.48e-05, -9.350000000000001e-05, -0.0001166, -0.0001111, -8.25e-05, -6.82e-05, -0.00010120000000000001, -0.0001254, -0.000121, -7.92e-05, -6.93e-05, -9.680000000000001e-05, -0.000121, -0.00011, -8.14e-05, -8.47e-05, -8.910000000000001e-05, -0.0001133, -0.0001122, -7.92e-05, -7.26e-05, -9.790000000000001e-05, -0.0001177, -0.0001177, -7.92e-05, -7.48e-05, -9.460000000000001e-05, -0.0001177, -0.0001078, -8.58e-05, -6.6e-05, -0.0001034, -0.0001287, -0.0001133, -8.58e-05, -6.71e-05, -9.900000000000001e-05, -0.0001089, -0.0001045, -8.47e-05, -8.03e-05, -9.790000000000001e-05, -0.0001199, -0.0001144, -7.59e-05, -7.7e-05, -9.680000000000001e-05, -0.0001254, -0.0001089, -8.03e-05, -7.26e-05, -0.0001045, -0.0001144, -0.0001067, -8.14e-05, -7.81e-05, -9.240000000000001e-05, -0.0001276, -0.0001111, -7.59e-05, -7.37e-05, -9.460000000000001e-05, -0.0001287, -0.00011, -7.7e-05, -7.04e-05, -9.790000000000001e-05, -0.0001166, -0.0001155, -7.81e-05, -7.37e-05, -9.570000000000001e-05, -0.0001166, -0.00011, -8.69e-05, -7.48e-05, -9.130000000000001e-05, -0.0001111, -0.0001089, -8.47e-05, -7.59e-05, -9.900000000000001e-05, -0.0001199, -0.0001166, -7.92e-05, -7.7e-05, -9.680000000000001e-05, -0.0001232, -0.0001067, -8.47e-05, -8.14e-05, -8.47e-05, -0.000121, -0.0001089, -7.92e-05, -7.37e-05, -0.0001034, -0.000121, -0.0001023, -8.25e-05, -7.81e-05, -9.900000000000001e-05, -0.0001331, -0.0001111, -7.48e-05, -7.81e-05, -9.240000000000001e-05, -0.0001177, -0.0001045, -7.92e-05, -7.48e-05, -9.790000000000001e-05, -0.0001122, -0.00010010000000000001, -9.020000000000001e-05, -7.48e-05, -0.0001023, -0.0001287, -0.0001078, -7.59e-05, -7.59e-05, -9.460000000000001e-05, -0.0001188, -0.0001111, -7.81e-05, -7.7e-05, -9.900000000000001e-05, -0.0001166, -0.0001111, -8.69e-05, -7.48e-05, -9.680000000000001e-05, -0.0001199, -0.0001122, -7.92e-05, -8.14e-05, -0.00010010000000000001, -0.0001166, -0.0001111, -9.240000000000001e-05, -6.82e-05, -9.130000000000001e-05, -0.0001188, -0.0001133, -8.47e-05, -7.48e-05, -0.0001056, -0.0001177, -0.0001155, -8.58e-05, -6.6e-05, -9.790000000000001e-05, -0.0001155, -0.0001078, -8.03e-05, -7.92e-05, -0.0001045, -0.0001188, -0.0001188, -8.58e-05, -8.03e-05, -0.0001056, -0.0001232, -0.0001067, -8.58e-05, -6.82e-05, -0.00010010000000000001, -0.0001276, -0.0001133, -8.910000000000001e-05, -7.26e-05, -0.0001034, -0.0001188, -0.0001089, -8.47e-05, -8.03e-05, -0.0001034, -0.000121, -0.0001045, -8.58e-05, -7.26e-05, -9.570000000000001e-05, -0.0001199, -0.0001155, -8.25e-05, -7.04e-05, -0.0001045, -0.0001254, -0.0001133, -8.25e-05, -7.37e-05, -0.0001056, -0.0001133, -0.0001111, -8.14e-05, -8.14e-05, -9.350000000000001e-05, -0.0001177, -0.0001155, -7.7e-05, -7.15e-05, -0.0001034, -0.0001221, -0.0001089, -8.36e-05, -7.81e-05, -9.130000000000001e-05, -0.0001276, -0.0001089, -8.58e-05, -6.93e-05, -9.240000000000001e-05, -0.000121, -0.0001144, -7.37e-05, -7.26e-05, -9.570000000000001e-05, -0.0001199, -0.0001122, -8.910000000000001e-05, -7.92e-05, -0.0001067, -0.0001166, -0.0001177, -9.350000000000001e-05, -7.15e-05, -0.0001056, -0.0001177, -0.0001089, -8.36e-05, -7.15e-05, -0.0001056, -0.0001188, -0.0001133, -7.37e-05, -7.37e-05, -0.0001034, -0.0001243, -0.0001067, -8.14e-05, -8.36e-05, -9.130000000000001e-05, -0.0001188, -0.0001067, -8.14e-05, -7.59e-05, -0.0001067, -0.0001221, -0.00011, -8.69e-05, -7.59e-05, -0.00010120000000000001, -0.0001221, -0.0001023, -8.47e-05, -7.04e-05, -9.570000000000001e-05, -0.0001232, -0.0001078, -7.92e-05, -6.93e-05, -0.00010120000000000001, -0.0001188, -0.0001144, -7.7e-05, -7.37e-05, -9.900000000000001e-05, -0.0001166, -0.0001133, -8.03e-05, -7.04e-05, -0.0001056, -0.0001265, -0.0001122, -7.48e-05, -7.92e-05, -0.0001023, -0.0001166, -0.0001188, -7.92e-05, -6.82e-05, -0.00010010000000000001, -0.0001155, -0.00011, -7.48e-05, -7.7e-05, -9.460000000000001e-05, -0.0001177, -0.0001155, -7.92e-05, -7.04e-05, -0.00010010000000000001, -0.0001232, -0.0001111, -7.7e-05, -7.15e-05, -0.0001023, -0.0001188, -0.0001045, -8.8e-05, -8.69e-05, -9.460000000000001e-05, -0.0001122, -0.0001155, -7.48e-05, -7.04e-05, -9.680000000000001e-05, -0.0001232, -0.0001133, -8.36e-05, -8.58e-05, -0.0001078, -0.0001254, -0.0001111, -7.92e-05, -7.59e-05, -0.0001078, -0.0001155, -0.0001199, -8.25e-05, -7.59e-05, -9.350000000000001e-05, -0.000121, -0.00011, -8.25e-05, -7.37e-05, -0.0001034, -0.0001177, -0.0001133, -8.910000000000001e-05, -6.93e-05, -0.00011, -0.0001309, -0.0001067, -8.25e-05, -6.82e-05, -9.570000000000001e-05, -0.0001122, -0.0001188, -8.03e-05, -6.93e-05, -9.680000000000001e-05, -0.0001265, -0.0001133, -7.59e-05, -7.81e-05, -9.460000000000001e-05, -0.0001243, -0.0001089, -7.48e-05, -7.48e-05, -0.00010120000000000001, -0.0001243, -0.0001144, -7.37e-05, -7.04e-05, -0.0001089, -0.0001188, -0.0001133, -7.59e-05, -7.92e-05, -0.0001034, -0.0001221, -0.00010120000000000001, -8.8e-05, -7.15e-05, -0.0001111, -0.000121, -0.0001067, -8.25e-05, -6.93e-05, -9.790000000000001e-05, -0.000121, -0.00010120000000000001, -8.14e-05, -7.37e-05, -0.00010010000000000001, -0.000121, -0.0001089, -8.8e-05, -6.93e-05, -0.0001056, -0.0001265, -0.0001067, -8.910000000000001e-05, -6.49e-05, -0.0001045, -0.0001166, -0.0001199, -8.36e-05, -6.82e-05, -0.0001045, -0.00011, -0.0001122, -8.36e-05, -7.26e-05, -0.0001034, -0.0001232, -0.0001122, -8.14e-05, -7.48e-05, -0.00010120000000000001, -0.0001155, -0.0001122, -8.36e-05, -8.36e-05, -9.680000000000001e-05, -0.0001122, -0.0001122, -7.04e-05, -7.48e-05, -0.00010120000000000001, -0.0001144, -0.0001221, -8.69e-05, -7.48e-05, -0.0001034, -0.0001089, -0.0001023, -8.58e-05, -6.71e-05, -0.00011, -0.0001155, -0.0001221, -8.910000000000001e-05, -7.15e-05, -9.460000000000001e-05, -0.0001177, -0.00011, -8.25e-05, -7.59e-05, -9.680000000000001e-05, -0.000121, -0.0001089, -8.14e-05, -6.82e-05, -0.00010120000000000001, -0.0001111, -0.0001144, -8.25e-05, -8.47e-05, -9.460000000000001e-05, -0.0001265, -0.0001067, -8.14e-05, -7.48e-05, -0.0001023, -0.0001188, -0.0001122, -8.8e-05, -7.37e-05, -0.0001078, -0.0001089, -0.0001133, -7.7e-05, -7.37e-05, -0.0001045, -0.0001133, -0.0001155, -8.14e-05, -8.25e-05, -0.0001078]","[-0.0002057, -0.0002211, -0.00018150000000000002, -0.0001342, -0.0001584, -0.0002057, -0.00022, -0.00017930000000000002, -0.0001441, -0.0001518, -0.00020240000000000001, -0.0002189, -0.00018260000000000002, -0.0001386, -0.000154, -0.0002046, -0.0002189, -0.00018370000000000002, -0.0001386, -0.0001518, -0.0002057, -0.0002167, -0.000176, -0.0001342, -0.0001529, -0.0002079, -0.0002211, -0.0001716, -0.0001386, -0.000154, -0.0002046, -0.0002244, -0.00017930000000000002, -0.000143, -0.0001573, -0.0002068, -0.0002134, -0.0001705, -0.0001397, -0.0001584, -0.00020240000000000001, -0.00022, -0.00018590000000000002, -0.0001276, -0.0001529, -0.00020020000000000001, -0.0002156, -0.00018040000000000002, -0.000143, -0.0001573, -0.00019800000000000002, -0.0002178, -0.00017930000000000002, -0.0001342, -0.0001518, -0.0002046, -0.0002167, -0.000176, -0.0001441, -0.0001595, -0.00019800000000000002, -0.0002101, -0.00017930000000000002, -0.0001474, -0.0001584, -0.00019360000000000002, -0.0002156, -0.0001738, -0.0001441, -0.0001551, -0.00020130000000000001, -0.0002222, -0.00017820000000000002, -0.0001221, -0.0001463, -0.00020130000000000001, -0.0002112, -0.00018260000000000002, -0.0001364, -0.0001441, -0.00020240000000000001, -0.0002189, -0.00018590000000000002, -0.0001419, -0.0001551, -0.00020130000000000001, -0.00022, -0.0001705, -0.0001342, -0.0001518, -0.0002057, -0.0002211, -0.00018150000000000002, -0.0001342, -0.0001496, -0.0002046, -0.0002112, -0.00017820000000000002, -0.0001386, -0.0001518, -0.0002057, -0.0002211, -0.00017820000000000002, -0.0001441, -0.0001419, -0.00019910000000000001, -0.00022, -0.00017710000000000002, -0.0001463, -0.0001518, -0.00019800000000000002, -0.0002145, -0.0001716, -0.0001441, -0.0001551, -0.00019910000000000001, -0.00022, -0.0001749, -0.0001353, -0.0001507, -0.00019800000000000002, -0.0002178, -0.00018260000000000002, -0.0001408, -0.0001628, -0.00020130000000000001, -0.0002189, -0.00018370000000000002, -0.000143, -0.0001496, -0.0002046, -0.0002178, -0.000176, -0.0001386, -0.0001397, -0.00019800000000000002, -0.00022, -0.00017820000000000002, -0.0001441, -0.0001485, -0.0002123, -0.0002134, -0.0001727, -0.000143, -0.0001518, -0.00020240000000000001, -0.00022, -0.0001727, -0.000143, -0.0001595, -0.000209, -0.0002112, -0.0001738, -0.0001364, -0.0001573, -0.00020020000000000001, -0.0002068, -0.0001749, -0.000143, -0.0001606, -0.00019910000000000001, -0.0002123, -0.00018480000000000002, -0.0001441, -0.0001496, -0.0002145, -0.0002178, -0.0001738, -0.0001342, -0.0001595, -0.0002046, -0.0002222, -0.00018370000000000002, -0.0001364, -0.0001529, -0.00020020000000000001, -0.0002167, -0.0001716, -0.0001375, -0.0001496, -0.00019910000000000001, -0.0002211, -0.00018260000000000002, -0.0001331, -0.0001485, -0.0002057, -0.0002222, -0.000176, -0.0001419, -0.0001551, -0.0002035, -0.00022, -0.0001738, -0.000143, -0.0001584, -0.0002134, -0.0002189, -0.00018370000000000002, -0.0001298, -0.0001595, -0.0002068, -0.0002189, -0.00017930000000000002, -0.0001353, -0.0001606, -0.0002068, -0.0002189, -0.00017930000000000002, -0.0001463, -0.0001529, -0.0002035, -0.00022, -0.00017820000000000002, -0.0001408, -0.0001507, -0.00020020000000000001, -0.0002167, -0.0001705, -0.0001474, -0.000154, -0.00019800000000000002, -0.0002233, -0.00017820000000000002, -0.0001353, -0.0001474, -0.0002167, -0.0002178, -0.00018590000000000002, -0.0001397, -0.000165, -0.0002112, -0.00022, -0.00017710000000000002, -0.000132, -0.0001617, -0.0002046, -0.0002101, -0.000176, -0.0001441, -0.000154, -0.0002057, -0.0002266, -0.00018040000000000002, -0.0001342, -0.0001573, -0.0002123, -0.0002244, -0.00018590000000000002, -0.0001375, -0.0001529, -0.0002057, -0.0002255, -0.00018040000000000002, -0.0001298, -0.0001584, -0.0002035, -0.0002112, -0.0001705, -0.0001397, -0.0001628, -0.0002068, -0.0002156, -0.00018260000000000002, -0.0001364, -0.0001584, -0.0002068, -0.0002145, -0.0001705, -0.0001397, -0.0001573, -0.0002079, -0.0002123, -0.00018370000000000002, -0.0001353, -0.0001408, -0.00019250000000000002, -0.00022, -0.00018040000000000002, -0.0001364, -0.0001573, -0.00020240000000000001, -0.00022, -0.00019030000000000002, -0.000143, -0.0001518, -0.00019580000000000002, -0.0002079, -0.0001716, -0.0001397, -0.0001595, -0.0002035, -0.0002101, -0.00018040000000000002, -0.0001397, -0.0001606, -0.00019910000000000001, -0.0002112, -0.00017930000000000002, -0.0001408, -0.0001474, -0.0002068, -0.00022, -0.0001683, -0.0001485, -0.0001595, -0.00020240000000000001, -0.0002189, -0.0001694, -0.0001364, -0.0001518, -0.0002068, -0.0002222, -0.00019140000000000002, -0.0001309, -0.0001507, -0.0002057, -0.0002244, -0.00018040000000000002, -0.0001463, -0.0001419, -0.0002079, -0.0002112, -0.00018590000000000002, -0.0001496, -0.0001551, -0.000209, -0.0002189, -0.00018150000000000002, -0.000132, -0.0001474, -0.0002079, -0.0002233, -0.00017710000000000002, -0.000132, -0.0001551, -0.0002079, -0.0002178, -0.000165, -0.0001441, -0.0001584, -0.0002035, -0.0002343, -0.00018920000000000002, -0.0001419, -0.0001628, -0.00019800000000000002, -0.000209, -0.00017820000000000002, -0.0001386, -0.0001562, -0.0002112, -0.0002156, -0.0001727, -0.0001276, -0.0001595, -0.0002046, -0.000209, -0.0001716, -0.0001375, -0.0001617, -0.0002101, -0.0002101, -0.00018040000000000002, -0.0001397, -0.0001529, -0.0002156, -0.0002112, -0.00018810000000000002, -0.0001221, -0.0001518, -0.0002134, -0.00022, -0.0001749, -0.0001364, -0.0001562, -0.0002046, -0.0002134, -0.00018150000000000002, -0.0001342, -0.0001551, -0.0002101, -0.0002288, -0.00018260000000000002, -0.0001353, -0.0001474, -0.00020130000000000001, -0.0002068, -0.00018700000000000002, -0.0001342, -0.000154, -0.0002035, -0.0002156, -0.00018040000000000002, -0.0001452, -0.0001562, -0.0002101, -0.0002211, -0.00017930000000000002, -0.0001353, -0.0001551, -0.0002057, -0.0002189, -0.00017930000000000002, -0.000132, -0.0001595, -0.00020130000000000001, -0.0002079, -0.0001727, -0.0001375, -0.0001518, -0.0002079, -0.0002233, -0.00017820000000000002, -0.0001419, -0.0001551, -0.0002079, -0.0002145, -0.0001727, -0.0001397, -0.0001573, -0.0002035, -0.0002211, -0.00018370000000000002, -0.0001397, -0.0001617, -0.0002068, -0.0002233, -0.00018370000000000002, -0.0001408, -0.0001496, -0.0002068, -0.0002167, -0.00019030000000000002, -0.0001386, -0.0001551, -0.0002123, -0.00022, -0.00017710000000000002, -0.0001353, -0.0001529, -0.0002068, -0.0002167, -0.00018480000000000002, -0.0001199, -0.0001496, -0.0002101, -0.0002167, -0.00018480000000000002, -0.0001364, -0.0001639, -0.0002134, -0.0002167, -0.00018040000000000002, -0.0001353, -0.0001562, -0.00019800000000000002, -0.0002178, -0.0001749, -0.0001397, -0.0001683, -0.0002046, -0.0002101, -0.00017930000000000002, -0.0001375, -0.0001639, -0.00019690000000000002, -0.0002178, -0.00018040000000000002, -0.0001397, -0.0001496, -0.0002046, -0.0002233, -0.000176, -0.0001364, -0.0001595, -0.0002112, -0.0002134, -0.00018810000000000002, -0.000132, -0.0001518, -0.0002046, -0.0002134, -0.00018590000000000002, -0.0001441, -0.0001518, -0.00019910000000000001, -0.0002233, -0.00017710000000000002, -0.0001463, -0.0001562, -0.0002035, -0.0002222, -0.00017820000000000002, -0.0001441, -0.0001639, -0.00019470000000000002, -0.0002167, -0.00018590000000000002, -0.0001287, -0.0001595]","[0.0008921000000000001, 0.0009295000000000001, 0.0005808, 0.0003102, 0.0005137000000000001, 0.0008976, 0.0009273, 0.0005808, 0.0003124, 0.0005192, 0.0009009, 0.0009361, 0.0005863, 0.0003212, 0.0005115, 0.0009042000000000001, 0.0009405, 0.0005874000000000001, 0.00031350000000000003, 0.0005236, 0.0009075, 0.0009416, 0.0005808, 0.00032230000000000003, 0.0005181000000000001, 0.0009075, 0.0009372, 0.0005874000000000001, 0.0003102, 0.000528, 0.0008987, 0.0009383000000000001, 0.0005907, 0.00032230000000000003, 0.000517, 0.0008943, 0.0009449, 0.0005819, 0.0003146, 0.0005236, 0.0009075, 0.0009416, 0.0005984, 0.00031130000000000003, 0.0005137000000000001, 0.0009009, 0.0009394000000000001, 0.0005896, 0.00031130000000000003, 0.0005192, 0.0009009, 0.0009449, 0.0005830000000000001, 0.00032450000000000003, 0.0005225000000000001, 0.0009031, 0.0009405, 0.0005896, 0.00031350000000000003, 0.0005181000000000001, 0.0009053, 0.0009284, 0.0005896, 0.0003168, 0.000517, 0.000902, 0.0009438000000000001, 0.0005885, 0.00031350000000000003, 0.0005291, 0.0009031, 0.0009416, 0.0005841, 0.00032450000000000003, 0.0005203, 0.000902, 0.0009251000000000001, 0.0005896, 0.0003168, 0.0005236, 0.000902, 0.0009372, 0.000572, 0.00031350000000000003, 0.000517, 0.0009042000000000001, 0.000946, 0.0005808, 0.0003124, 0.0005258, 0.0008998000000000001, 0.0009372, 0.0005830000000000001, 0.00032010000000000003, 0.0005225000000000001, 0.0008987, 0.0009416, 0.0005786000000000001, 0.0003168, 0.000517, 0.0009075, 0.0009394000000000001, 0.0005918000000000001, 0.0003124, 0.000517, 0.0009009, 0.0009394000000000001, 0.0005830000000000001, 0.0003102, 0.0005181000000000001, 0.0009130000000000001, 0.0009361, 0.0005896, 0.0003058, 0.0005192, 0.0009075, 0.0009350000000000001, 0.000594, 0.0003124, 0.0005291, 0.0009108, 0.0009416, 0.0005808, 0.000319, 0.0005192, 0.0008998000000000001, 0.0009449, 0.0005819, 0.00030910000000000003, 0.0005225000000000001, 0.0009086000000000001, 0.0009295000000000001, 0.0005797, 0.0003146, 0.0005148, 0.0009152, 0.0009372, 0.000594, 0.00031350000000000003, 0.0005236, 0.0009075, 0.0009405, 0.0005797, 0.00030910000000000003, 0.0005247, 0.0009108, 0.0009372, 0.0005962000000000001, 0.00031790000000000003, 0.0005214, 0.0008987, 0.0009361, 0.0005808, 0.0003212, 0.0005247, 0.0008987, 0.0009339000000000001, 0.0005863, 0.00032230000000000003, 0.0005181000000000001, 0.0009163000000000001, 0.0009405, 0.0005775, 0.000308, 0.0005203, 0.0009053, 0.0009350000000000001, 0.0005841, 0.00030690000000000003, 0.000517, 0.0009075, 0.0009449, 0.0005797, 0.0003124, 0.0005214, 0.0008932, 0.0009317, 0.0005775, 0.000308, 0.000517, 0.000902, 0.0009273, 0.0005775, 0.0003267, 0.0005115, 0.0008998000000000001, 0.0009306000000000001, 0.0005830000000000001, 0.0003102, 0.0005247, 0.0008987, 0.0009482000000000001, 0.0005885, 0.0003146, 0.000528, 0.0009086000000000001, 0.0009471000000000001, 0.0005764, 0.000308, 0.0005247, 0.0009075, 0.0009339000000000001, 0.0005797, 0.00031570000000000003, 0.0005225000000000001, 0.0008987, 0.0009339000000000001, 0.0005874000000000001, 0.000308, 0.0005104, 0.0009108, 0.0009449, 0.0005852, 0.0003146, 0.0005203, 0.0009064, 0.0009328, 0.0005852, 0.00031790000000000003, 0.0005269000000000001, 0.0009031, 0.0009361, 0.0005830000000000001, 0.00031130000000000003, 0.000528, 0.0009086000000000001, 0.0009372, 0.0005819, 0.0003102, 0.0005203, 0.0009130000000000001, 0.0009416, 0.0005907, 0.0003256, 0.0005291, 0.0009064, 0.0009339000000000001, 0.0005885, 0.00030470000000000003, 0.0005214, 0.0009042000000000001, 0.0009339000000000001, 0.0005808, 0.00032230000000000003, 0.0005137000000000001, 0.000902, 0.0009317, 0.0005808, 0.0003212, 0.0005269000000000001, 0.0009130000000000001, 0.0009284, 0.0005786000000000001, 0.0003124, 0.0005291, 0.0008965, 0.0009427000000000001, 0.0005786000000000001, 0.000319, 0.0005225000000000001, 0.0008943, 0.0009339000000000001, 0.0005874000000000001, 0.00030690000000000003, 0.0005236, 0.0009031, 0.0009339000000000001, 0.0005896, 0.00031130000000000003, 0.0005236, 0.0009086000000000001, 0.0009317, 0.0005687, 0.00031130000000000003, 0.0005214, 0.000902, 0.0009383000000000001, 0.0005819, 0.0003212, 0.0005181000000000001, 0.0009031, 0.0009339000000000001, 0.0005808, 0.0003102, 0.0005335, 0.0008998000000000001, 0.0009427000000000001, 0.0005984, 0.00031790000000000003, 0.0005148, 0.0009130000000000001, 0.0009350000000000001, 0.0005896, 0.00031350000000000003, 0.0005313000000000001, 0.0008932, 0.0009383000000000001, 0.0005731, 0.00031130000000000003, 0.0005269000000000001, 0.000902, 0.0009427000000000001, 0.0005775, 0.0003168, 0.0005291, 0.000902, 0.0009471000000000001, 0.0005764, 0.000319, 0.0005269000000000001, 0.0008965, 0.0009482000000000001, 0.0005918000000000001, 0.0003036, 0.0005247, 0.0009152, 0.0009361, 0.0005775, 0.00030910000000000003, 0.0005291, 0.0009075, 0.000946, 0.0005852, 0.0003124, 0.0005324, 0.000902, 0.0009416, 0.0005863, 0.000319, 0.0005236, 0.0009185, 0.0009361, 0.0005808, 0.0003168, 0.0005203, 0.0009042000000000001, 0.0009361, 0.0005786000000000001, 0.00031350000000000003, 0.0005302, 0.0009031, 0.0009306000000000001, 0.0005863, 0.00032010000000000003, 0.0005192, 0.0008954000000000001, 0.0009350000000000001, 0.0005841, 0.00031790000000000003, 0.0005236, 0.0009042000000000001, 0.0009427000000000001, 0.0005786000000000001, 0.000319, 0.0005401000000000001, 0.000902, 0.0009438000000000001, 0.0005753, 0.0003036, 0.0005181000000000001, 0.0009163000000000001, 0.0009405, 0.0005731, 0.0003058, 0.0005203, 0.0009031, 0.0009427000000000001, 0.0005643, 0.00032230000000000003, 0.0005148, 0.0009075, 0.0009317, 0.0005786000000000001, 0.0003124, 0.0005335, 0.0009053, 0.0009383000000000001, 0.0005819, 0.00031130000000000003, 0.0005225000000000001, 0.0009042000000000001, 0.0009493, 0.0005786000000000001, 0.0003102, 0.0005203, 0.0009152, 0.0009295000000000001, 0.0005841, 0.0002992, 0.0005258, 0.0009130000000000001, 0.0009394000000000001, 0.0005863, 0.0003168, 0.0005313000000000001, 0.0009130000000000001, 0.0009372, 0.000572, 0.00031790000000000003, 0.0005192, 0.0008976, 0.0009416, 0.0005819, 0.0003146, 0.0005313000000000001, 0.0009108, 0.0009383000000000001, 0.0005874000000000001, 0.000319, 0.0005258, 0.0009119, 0.0009350000000000001, 0.0005841, 0.0003036, 0.0005258, 0.0009075, 0.0009394000000000001, 0.0005830000000000001, 0.0003212, 0.0005258, 0.0009009, 0.0009328, 0.0005698000000000001, 0.00030470000000000003, 0.0005214, 0.0009053, 0.0009449, 0.0005874000000000001, 0.0003058, 0.0005313000000000001, 0.0009097, 0.0009372, 0.0005797, 0.000308, 0.0005357000000000001, 0.0009053, 0.0009427000000000001, 0.0005830000000000001, 0.00031350000000000003, 0.0005269000000000001, 0.0009042000000000001, 0.0009427000000000001, 0.0005775, 0.00030910000000000003, 0.0005324, 0.0008987, 0.0009449, 0.0005775, 0.0003146, 0.0005236, 0.000902, 0.0009306000000000001, 0.0005797, 0.00031130000000000003, 0.0005324, 0.0009185, 0.0009416, 0.0005786000000000001, 0.0003168, 0.0005269000000000001, 0.0009075, 0.0009306000000000001, 0.0005863, 0.0003146, 0.0005236, 0.0009053, 0.0009504, 0.0005852, 0.000308, 0.0005225000000000001, 0.0009130000000000001, 0.0009339000000000001, 0.0005786000000000001, 0.00030910000000000003, 0.0005302, 0.0009108, 0.0009350000000000001, 0.000594, 0.0003212, 0.0005192, 0.0009108, 0.0009339000000000001, 0.0005775, 0.00031790000000000003, 0.0005313000000000001, 0.0009130000000000001, 0.0009328, 0.0005797, 0.00030910000000000003, 0.0005313000000000001, 0.0009075, 0.0009317, 0.0005907, 0.0003146, 0.000528, 0.0009075, 0.0009273, 0.0005863, 0.00030910000000000003, 0.0005258]",7
43,"[-8.910000000000001e-05, -7.37e-05, -9.570000000000001e-05, -0.0001265, -0.0001166, -8.69e-05, -7.92e-05, -0.0001089, -0.0001221, -0.0001067, -8.8e-05, -8.03e-05, -0.0001078, -0.0001298, -0.0001199, -8.47e-05, -7.7e-05, -0.00010010000000000001, -0.0001331, -0.0001122, -8.69e-05, -8.36e-05, -0.00010120000000000001, -0.0001199, -0.0001254, -8.910000000000001e-05, -7.81e-05, -0.00011, -0.000121, -0.0001177, -8.25e-05, -8.03e-05, -0.00010010000000000001, -0.0001331, -0.0001254, -8.03e-05, -7.59e-05, -0.0001089, -0.0001353, -0.0001254, -9.900000000000001e-05, -6.82e-05, -0.0001166, -0.0001265, -0.0001232, -9.350000000000001e-05, -8.03e-05, -0.00011, -0.0001287, -0.0001188, -9.130000000000001e-05, -8.36e-05, -0.0001122, -0.0001276, -0.0001243, -8.58e-05, -8.47e-05, -0.0001067, -0.0001342, -0.0001188, -9.790000000000001e-05, -7.48e-05, -0.0001078, -0.0001408, -0.0001265, -8.36e-05, -8.25e-05, -9.900000000000001e-05, -0.0001353, -0.0001177, -8.03e-05, -8.14e-05, -0.0001034, -0.0001265, -0.0001166, -9.130000000000001e-05, -8.8e-05, -0.0001056, -0.0001342, -0.0001221, -8.69e-05, -8.14e-05, -0.0001089, -0.0001331, -0.000121, -8.58e-05, -8.14e-05, -0.0001078, -0.0001221, -0.0001221, -8.36e-05, -7.26e-05, -0.0001133, -0.0001331, -0.000121, -9.130000000000001e-05, -8.8e-05, -0.0001045, -0.0001331, -0.0001188, -9.020000000000001e-05, -7.04e-05, -9.900000000000001e-05, -0.0001287, -0.0001331, -9.020000000000001e-05, -7.04e-05, -0.0001045, -0.0001309, -0.0001243, -9.900000000000001e-05, -7.04e-05, -0.0001089, -0.000132, -0.0001287, -8.910000000000001e-05, -7.48e-05, -0.0001023, -0.0001232, -0.0001232, -8.36e-05, -7.59e-05, -0.0001045, -0.0001331, -0.0001166, -7.81e-05, -7.37e-05, -9.790000000000001e-05, -0.0001287, -0.0001199, -9.130000000000001e-05, -8.58e-05, -0.0001056, -0.0001298, -0.0001287, -9.460000000000001e-05, -9.020000000000001e-05, -0.0001078, -0.0001331, -0.0001232, -0.00010010000000000001, -7.26e-05, -0.0001089, -0.0001397, -0.0001221, -9.020000000000001e-05, -8.25e-05, -0.0001078, -0.0001364, -0.0001177, -0.00010120000000000001, -8.25e-05, -0.0001078, -0.0001287, -0.0001276, -8.47e-05, -7.37e-05, -0.0001111, -0.000132, -0.0001177, -7.92e-05, -7.92e-05, -0.00011, -0.0001309, -0.0001089, -9.350000000000001e-05, -7.92e-05, -0.00011, -0.0001276, -0.0001166, -9.570000000000001e-05, -7.26e-05, -0.00010010000000000001, -0.0001397, -0.000121, -8.03e-05, -7.26e-05, -0.0001045, -0.0001265, -0.0001199, -9.130000000000001e-05, -8.47e-05, -9.680000000000001e-05, -0.0001397, -0.0001155, -8.69e-05, -8.36e-05, -0.0001045, -0.0001298, -0.0001254, -9.240000000000001e-05, -7.59e-05, -0.0001023, -0.0001353, -0.0001188, -9.020000000000001e-05, -8.14e-05, -0.00010120000000000001, -0.0001254, -0.0001353, -8.910000000000001e-05, -7.92e-05, -0.00010120000000000001, -0.0001221, -0.0001221, -8.69e-05, -8.14e-05, -0.0001045, -0.0001265, -0.0001298, -8.8e-05, -7.7e-05, -0.0001089, -0.0001353, -0.0001188, -8.910000000000001e-05, -7.37e-05, -0.0001056, -0.0001375, -0.0001155, -8.69e-05, -7.7e-05, -0.0001034, -0.0001298, -0.0001177, -9.460000000000001e-05, -7.59e-05, -0.0001023, -0.0001375, -0.0001221, -8.14e-05, -7.7e-05, -9.130000000000001e-05, -0.0001298, -0.0001166, -8.14e-05, -8.03e-05, -0.0001056, -0.0001364, -0.0001265, -8.910000000000001e-05, -7.92e-05, -0.00010120000000000001, -0.0001364, -0.0001298, -8.69e-05, -8.58e-05, -0.00011, -0.0001298, -0.0001111, -9.790000000000001e-05, -8.69e-05, -0.0001111, -0.0001342, -0.000132, -8.8e-05, -8.8e-05, -0.0001034, -0.0001188, -0.0001243, -8.47e-05, -8.14e-05, -0.0001023, -0.0001298, -0.0001089, -9.020000000000001e-05, -8.25e-05, -0.0001034, -0.0001364, -0.0001122, -8.69e-05, -8.14e-05, -0.0001078, -0.0001331, -0.0001188, -8.69e-05, -7.81e-05, -0.0001056, -0.0001342, -0.000121, -9.460000000000001e-05, -8.25e-05, -0.0001111, -0.0001331, -0.0001254, -8.36e-05, -8.25e-05, -0.0001056, -0.0001375, -0.0001232, -9.460000000000001e-05, -8.14e-05, -0.00010120000000000001, -0.0001276, -0.0001221, -8.36e-05, -7.7e-05, -0.0001078, -0.000132, -0.0001243, -8.47e-05, -8.58e-05, -0.0001045, -0.0001353, -0.0001221, -8.58e-05, -8.03e-05, -0.0001144, -0.0001309, -0.0001199, -8.36e-05, -8.14e-05, -0.0001045, -0.0001342, -0.0001243, -8.8e-05, -7.92e-05, -9.790000000000001e-05, -0.0001254, -0.0001243, -8.58e-05, -8.36e-05, -0.0001078, -0.0001375, -0.0001166, -9.130000000000001e-05, -7.81e-05, -0.00010120000000000001, -0.0001342, -0.0001221, -8.69e-05, -8.14e-05, -0.0001111, -0.0001232, -0.0001232, -9.790000000000001e-05, -7.48e-05, -0.0001067, -0.0001254, -0.0001309, -8.910000000000001e-05, -8.910000000000001e-05, -0.0001122, -0.0001463, -0.0001221, -8.36e-05, -7.37e-05, -0.0001067, -0.0001232, -0.0001221, -9.350000000000001e-05, -7.04e-05, -0.0001056, -0.0001342, -0.000121, -7.81e-05, -8.14e-05, -0.0001034, -0.0001353, -0.0001221, -8.25e-05, -8.03e-05, -0.0001089, -0.000121, -0.000121, -8.910000000000001e-05, -8.03e-05, -0.00011, -0.0001353, -0.0001232, -9.460000000000001e-05, -8.47e-05, -0.0001078, -0.0001276, -0.0001254, -8.47e-05, -8.47e-05, -0.0001078, -0.0001287, -0.0001232, -9.240000000000001e-05, -7.92e-05, -0.0001078, -0.0001265, -0.0001254, -9.130000000000001e-05, -8.36e-05, -0.0001056, -0.0001221, -0.0001144, -9.790000000000001e-05, -8.03e-05, -0.0001078, -0.0001287, -0.0001243, -8.47e-05, -7.7e-05, -0.0001056, -0.0001155, -0.0001078, -8.36e-05, -9.130000000000001e-05, -0.0001067, -0.0001287, -0.0001188, -9.240000000000001e-05, -7.81e-05, -0.00011, -0.0001287, -0.0001155, -8.910000000000001e-05, -7.81e-05, -0.0001045, -0.0001298, -0.0001111, -8.910000000000001e-05, -7.92e-05, -0.0001023, -0.0001144, -0.0001133, -8.8e-05, -8.25e-05, -0.0001034, -0.0001331, -0.0001232, -9.460000000000001e-05, -8.25e-05, -0.0001078, -0.0001364, -0.0001221, -8.14e-05, -7.59e-05, -0.0001023, -0.0001265, -0.0001177, -8.8e-05, -8.03e-05, -0.0001023, -0.000132, -0.0001232, -9.350000000000001e-05, -7.48e-05, -0.0001067, -0.0001287, -0.0001243, -9.020000000000001e-05, -7.81e-05, -0.0001122, -0.0001342, -0.0001122, -9.130000000000001e-05, -7.59e-05, -0.0001034, -0.0001353, -0.0001199, -9.460000000000001e-05, -8.8e-05, -0.00010010000000000001, -0.0001298, -0.0001155, -8.36e-05, -7.59e-05, -9.350000000000001e-05, -0.0001254, -0.0001243, -9.900000000000001e-05, -7.81e-05, -0.0001034, -0.0001331, -0.0001232, -9.570000000000001e-05, -7.81e-05, -0.0001111, -0.0001276, -0.0001188, -8.47e-05, -8.36e-05, -0.0001155, -0.0001276, -0.0001188, -9.460000000000001e-05, -8.47e-05, -0.0001023, -0.0001342, -0.0001254, -7.92e-05, -7.15e-05, -0.0001111, -0.0001375, -0.0001188, -9.240000000000001e-05, -7.26e-05, -0.0001078, -0.0001276, -0.000121, -8.58e-05, -7.7e-05, -9.350000000000001e-05, -0.000132, -0.0001232]","[-0.00017710000000000002, -0.0001364, -0.0001573, -0.00019910000000000001, -0.0002156, -0.0001716, -0.0001287, -0.0001606, -0.00020130000000000001, -0.0002123, -0.0001738, -0.0001342, -0.0001639, -0.0002068, -0.0002222, -0.00018260000000000002, -0.0001419, -0.0001584, -0.00020240000000000001, -0.0002189, -0.00017930000000000002, -0.0001375, -0.000165, -0.0002079, -0.00022, -0.0001705, -0.0001276, -0.0001628, -0.0002057, -0.0002112, -0.0001738, -0.000132, -0.0001562, -0.0002156, -0.0002145, -0.0001705, -0.0001408, -0.0001551, -0.0002145, -0.0002189, -0.00018810000000000002, -0.0001397, -0.0001617, -0.00020240000000000001, -0.0002299, -0.00018370000000000002, -0.0001342, -0.0001551, -0.0002057, -0.0002189, -0.00018150000000000002, -0.000132, -0.0001584, -0.0002079, -0.0002156, -0.0001738, -0.0001353, -0.0001672, -0.0002156, -0.0002222, -0.00018370000000000002, -0.0001342, -0.0001551, -0.00019910000000000001, -0.0002222, -0.0001749, -0.0001408, -0.0001441, -0.00019910000000000001, -0.0002244, -0.0001727, -0.0001298, -0.0001683, -0.0002046, -0.0002222, -0.00018150000000000002, -0.0001463, -0.0001485, -0.0002057, -0.0002288, -0.0001727, -0.000143, -0.0001595, -0.0002057, -0.0002244, -0.00018370000000000002, -0.0001397, -0.0001562, -0.0002035, -0.0002145, -0.00017710000000000002, -0.0001342, -0.0001551, -0.00019580000000000002, -0.0002189, -0.0001716, -0.0001342, -0.0001562, -0.0002068, -0.00022, -0.0001716, -0.0001309, -0.0001584, -0.0002057, -0.0002156, -0.00017930000000000002, -0.0001441, -0.0001474, -0.0002112, -0.0002189, -0.0001716, -0.0001397, -0.0001551, -0.0002112, -0.0002145, -0.00018700000000000002, -0.0001397, -0.0001595, -0.0002123, -0.0002189, -0.0001738, -0.0001496, -0.0001672, -0.0002057, -0.0002222, -0.00017820000000000002, -0.0001364, -0.000154, -0.0002145, -0.0002244, -0.0001727, -0.0001386, -0.0001595, -0.0002112, -0.0002178, -0.0001727, -0.0001364, -0.0001606, -0.0002145, -0.0002167, -0.00017930000000000002, -0.0001386, -0.0001595, -0.0002035, -0.0002178, -0.0001749, -0.0001386, -0.0001606, -0.0002123, -0.0002068, -0.0001749, -0.0001408, -0.0001551, -0.00020240000000000001, -0.0002167, -0.000176, -0.0001397, -0.0001551, -0.0002112, -0.0002211, -0.00018150000000000002, -0.0001375, -0.0001595, -0.000209, -0.0002288, -0.00017710000000000002, -0.0001397, -0.0001562, -0.0002123, -0.0002101, -0.0001716, -0.0001452, -0.0001584, -0.0002068, -0.0002288, -0.000176, -0.0001331, -0.0001562, -0.0002079, -0.0002145, -0.0001716, -0.0001419, -0.0001617, -0.00020240000000000001, -0.0002123, -0.0001628, -0.0001375, -0.0001639, -0.000209, -0.0002222, -0.0001716, -0.0001331, -0.0001628, -0.0002035, -0.0002255, -0.0001705, -0.0001386, -0.0001529, -0.0002112, -0.0002156, -0.000176, -0.000132, -0.0001507, -0.0002046, -0.0002178, -0.00018040000000000002, -0.0001441, -0.0001573, -0.0002134, -0.0002178, -0.000176, -0.0001375, -0.0001551, -0.0002068, -0.000209, -0.00018920000000000002, -0.0001408, -0.0001463, -0.0002112, -0.0002156, -0.0001749, -0.0001419, -0.0001661, -0.000209, -0.0002112, -0.000176, -0.0001331, -0.0001628, -0.000209, -0.000231, -0.00017820000000000002, -0.0001397, -0.0001573, -0.0002057, -0.0002112, -0.0001683, -0.0001397, -0.0001496, -0.0002134, -0.0002145, -0.00018700000000000002, -0.0001441, -0.0001595, -0.0002101, -0.0002123, -0.00017710000000000002, -0.0001342, -0.0001672, -0.0002068, -0.0002255, -0.00018480000000000002, -0.0001353, -0.000165, -0.0002134, -0.0002167, -0.0001749, -0.0001441, -0.0001606, -0.0002134, -0.0002244, -0.00018040000000000002, -0.000132, -0.0001529, -0.0002134, -0.0002123, -0.0001738, -0.0001397, -0.0001562, -0.0002112, -0.0002211, -0.0001749, -0.0001397, -0.0001518, -0.000209, -0.0002244, -0.00017710000000000002, -0.0001364, -0.0001606, -0.0002101, -0.0002178, -0.0001683, -0.0001397, -0.000154, -0.0002112, -0.0002189, -0.000176, -0.0001386, -0.0001573, -0.00019910000000000001, -0.0002079, -0.00017710000000000002, -0.000143, -0.0001408, -0.0002068, -0.0002156, -0.0001705, -0.0001342, -0.0001617, -0.000209, -0.0002222, -0.0001749, -0.0001397, -0.000154, -0.0002057, -0.0002222, -0.0001672, -0.0001342, -0.0001529, -0.0002134, -0.0002134, -0.00017930000000000002, -0.0001452, -0.0001639, -0.0002068, -0.0002123, -0.00017710000000000002, -0.0001397, -0.0001661, -0.0002046, -0.0002222, -0.00017710000000000002, -0.0001397, -0.000154, -0.00019910000000000001, -0.00022, -0.00018150000000000002, -0.0001298, -0.0001672, -0.0002112, -0.000231, -0.00018260000000000002, -0.0001408, -0.0001496, -0.000209, -0.0002101, -0.0001705, -0.0001309, -0.0001595, -0.00020020000000000001, -0.0002233, -0.00018040000000000002, -0.0001408, -0.0001573, -0.0002046, -0.0002167, -0.00017710000000000002, -0.0001342, -0.0001595, -0.0002189, -0.0002079, -0.000176, -0.0001364, -0.000154, -0.0002101, -0.0002222, -0.00018810000000000002, -0.0001386, -0.0001617, -0.0002134, -0.0002167, -0.00018260000000000002, -0.0001309, -0.0001639, -0.00020020000000000001, -0.0002167, -0.00017710000000000002, -0.0001419, -0.0001628, -0.0002156, -0.0002156, -0.00018040000000000002, -0.000143, -0.0001573, -0.000209, -0.0002145, -0.0001716, -0.0001397, -0.0001595, -0.0002101, -0.0002167, -0.00018590000000000002, -0.0001353, -0.0001507, -0.0002145, -0.0002178, -0.00017710000000000002, -0.0001342, -0.0001606, -0.0002112, -0.000209, -0.0001749, -0.0001331, -0.0001573, -0.000209, -0.0002222, -0.000176, -0.0001386, -0.0001562, -0.0002035, -0.0002156, -0.00018700000000000002, -0.0001386, -0.0001606, -0.0002068, -0.0002101, -0.00018040000000000002, -0.0001419, -0.0001628, -0.0002057, -0.0002222, -0.00017710000000000002, -0.0001397, -0.0001617, -0.0002101, -0.00022, -0.00018260000000000002, -0.0001408, -0.0001617, -0.0002068, -0.0002123, -0.00018370000000000002, -0.0001441, -0.0001595, -0.0002101, -0.0002211, -0.00018040000000000002, -0.0001408, -0.0001595, -0.0002068, -0.0002112, -0.00018150000000000002, -0.0001397, -0.0001485, -0.00020020000000000001, -0.0002299, -0.000176, -0.0001408, -0.0001617, -0.0002145, -0.0002354, -0.0001716, -0.0001397, -0.0001628, -0.0002035, -0.0002244, -0.0001683, -0.0001485, -0.0001617, -0.0002145, -0.0002189, -0.00017930000000000002, -0.000143, -0.0001606, -0.000209, -0.0002178, -0.000176, -0.0001309, -0.0001496, -0.0002123, -0.0002134, -0.00018040000000000002, -0.0001342, -0.0001562, -0.00019690000000000002, -0.0002178, -0.00017710000000000002, -0.000132, -0.0001551, -0.0002112, -0.0002255, -0.00017930000000000002, -0.0001265, -0.0001452, -0.00019690000000000002, -0.0002112, -0.00017930000000000002, -0.0001364, -0.0001606, -0.0002255, -0.00022, -0.0001727, -0.0001353, -0.0001617, -0.00020130000000000001, -0.0002112, -0.00018150000000000002, -0.0001386, -0.0001573, -0.0002079, -0.0002244, -0.0001738, -0.000143, -0.0001463, -0.0002035, -0.0002167, -0.00017710000000000002, -0.0001463, -0.0001551, -0.0002079, -0.0002145]","[0.0005676, 0.00031130000000000003, 0.0005467, 0.0009207000000000001, 0.0009361, 0.0005687, 0.0003234, 0.0005478, 0.0009075, 0.0009427000000000001, 0.0005742000000000001, 0.0003212, 0.0005445000000000001, 0.0009284, 0.0009383000000000001, 0.0005797, 0.00031790000000000003, 0.0005368, 0.000924, 0.0009493, 0.0005698000000000001, 0.0003168, 0.0005412, 0.0009218000000000001, 0.0009394000000000001, 0.0005786000000000001, 0.00031570000000000003, 0.0005555, 0.0009295000000000001, 0.0009361, 0.0005731, 0.000319, 0.0005467, 0.0009207000000000001, 0.0009372, 0.0005775, 0.0003168, 0.0005533000000000001, 0.0009295000000000001, 0.0009438000000000001, 0.0005698000000000001, 0.0003124, 0.0005467, 0.0009174000000000001, 0.0009394000000000001, 0.0005797, 0.00032010000000000003, 0.0005434, 0.0009229, 0.0009405, 0.0005775, 0.00031130000000000003, 0.0005544, 0.000924, 0.0009295000000000001, 0.0005643, 0.000319, 0.0005467, 0.0009185, 0.0009383000000000001, 0.0005753, 0.0003234, 0.0005346, 0.0009196, 0.0009372, 0.0005753, 0.000308, 0.0005445000000000001, 0.0009229, 0.0009306000000000001, 0.000572, 0.00032010000000000003, 0.0005412, 0.0009251000000000001, 0.0009361, 0.0005830000000000001, 0.00031130000000000003, 0.0005445000000000001, 0.0009152, 0.0009427000000000001, 0.0005731, 0.0003267, 0.00055, 0.0009273, 0.0009372, 0.0005775, 0.0003311, 0.0005478, 0.0009174000000000001, 0.0009394000000000001, 0.0005676, 0.0003124, 0.0005478, 0.0009295000000000001, 0.0009394000000000001, 0.0005819, 0.00030250000000000003, 0.0005478, 0.0009251000000000001, 0.0009427000000000001, 0.0005841, 0.0003212, 0.0005324, 0.0009273, 0.0009339000000000001, 0.0005808, 0.00030910000000000003, 0.0005434, 0.0009218000000000001, 0.0009427000000000001, 0.0005632, 0.00031790000000000003, 0.0005379, 0.0009328, 0.0009405, 0.0005753, 0.00031130000000000003, 0.0005379, 0.0009295000000000001, 0.0009361, 0.0005698000000000001, 0.0003102, 0.0005445000000000001, 0.000924, 0.0009350000000000001, 0.0005742000000000001, 0.0003146, 0.0005434, 0.0009306000000000001, 0.0009361, 0.0005709, 0.0003146, 0.000539, 0.0009295000000000001, 0.0009449, 0.0005698000000000001, 0.0003146, 0.0005489000000000001, 0.0009273, 0.0009438000000000001, 0.0005753, 0.0003124, 0.0005445000000000001, 0.0009229, 0.0009383000000000001, 0.0005676, 0.000319, 0.0005522, 0.0009196, 0.0009427000000000001, 0.000572, 0.00030690000000000003, 0.0005302, 0.0009251000000000001, 0.0009416, 0.0005753, 0.0003168, 0.000539, 0.0009262000000000001, 0.0009482000000000001, 0.000572, 0.00031570000000000003, 0.00055, 0.0009097, 0.0009405, 0.0005753, 0.00032010000000000003, 0.0005489000000000001, 0.0009306000000000001, 0.0009438000000000001, 0.0005676, 0.0003212, 0.0005478, 0.0009229, 0.0009372, 0.0005676, 0.00032450000000000003, 0.0005456, 0.0009174000000000001, 0.0009405, 0.0005764, 0.0003212, 0.0005544, 0.0009339000000000001, 0.000946, 0.0005621000000000001, 0.0003168, 0.0005478, 0.0009218000000000001, 0.0009372, 0.0005709, 0.0003102, 0.0005544, 0.0009229, 0.0009405, 0.0005676, 0.0003234, 0.0005588, 0.0009196, 0.0009416, 0.0005698000000000001, 0.00031350000000000003, 0.0005335, 0.0009284, 0.0009339000000000001, 0.0005731, 0.00031570000000000003, 0.0005445000000000001, 0.0009262000000000001, 0.0009394000000000001, 0.0005676, 0.00032010000000000003, 0.00055, 0.0009174000000000001, 0.0009427000000000001, 0.0005687, 0.0003278, 0.000539, 0.0009262000000000001, 0.0009416, 0.0005819, 0.00030910000000000003, 0.0005544, 0.0009207000000000001, 0.0009306000000000001, 0.0005665000000000001, 0.0003124, 0.0005401000000000001, 0.0009207000000000001, 0.0009383000000000001, 0.0005731, 0.00031570000000000003, 0.0005445000000000001, 0.0009262000000000001, 0.0009482000000000001, 0.0005665000000000001, 0.0003168, 0.0005489000000000001, 0.0009207000000000001, 0.0009361, 0.0005808, 0.00031130000000000003, 0.0005335, 0.0009317, 0.0009317, 0.0005676, 0.0003168, 0.0005555, 0.0009196, 0.0009306000000000001, 0.0005731, 0.00031790000000000003, 0.0005489000000000001, 0.000924, 0.0009394000000000001, 0.0005786000000000001, 0.0003168, 0.0005401000000000001, 0.0009229, 0.0009361, 0.0005654000000000001, 0.00031790000000000003, 0.0005544, 0.0009350000000000001, 0.0009372, 0.0005687, 0.00031570000000000003, 0.0005434, 0.000924, 0.0009295000000000001, 0.0005709, 0.00031570000000000003, 0.000539, 0.0009152, 0.0009262000000000001, 0.0005709, 0.00031350000000000003, 0.0005434, 0.0009262000000000001, 0.0009383000000000001, 0.0005764, 0.00031790000000000003, 0.00055, 0.0009306000000000001, 0.0009350000000000001, 0.0005665000000000001, 0.0003168, 0.0005423, 0.0009229, 0.0009372, 0.0005698000000000001, 0.0003168, 0.0005434, 0.000924, 0.0009394000000000001, 0.0005698000000000001, 0.00031790000000000003, 0.0005467, 0.0009350000000000001, 0.0009471000000000001, 0.000572, 0.0003234, 0.0005423, 0.000924, 0.0009372, 0.000572, 0.0003146, 0.0005489000000000001, 0.0009251000000000001, 0.0009427000000000001, 0.0005676, 0.0003058, 0.0005478, 0.0009273, 0.0009416, 0.0005753, 0.0003124, 0.0005566, 0.0009262000000000001, 0.0009339000000000001, 0.0005819, 0.0003256, 0.0005434, 0.0009262000000000001, 0.0009372, 0.0005698000000000001, 0.0003102, 0.0005467, 0.0009196, 0.0009295000000000001, 0.0005665000000000001, 0.0003124, 0.0005555, 0.0009328, 0.0009328, 0.000572, 0.00031570000000000003, 0.0005423, 0.0009372, 0.0009438000000000001, 0.000572, 0.00031350000000000003, 0.00055, 0.0009284, 0.0009383000000000001, 0.0005753, 0.0003212, 0.0005478, 0.0009273, 0.0009383000000000001, 0.0005621000000000001, 0.00031790000000000003, 0.0005544, 0.0009317, 0.0009372, 0.0005588, 0.0003168, 0.0005401000000000001, 0.0009196, 0.0009405, 0.0005665000000000001, 0.00030690000000000003, 0.0005467, 0.0009295000000000001, 0.0009306000000000001, 0.0005654000000000001, 0.0003146, 0.0005401000000000001, 0.0009284, 0.0009328, 0.0005643, 0.00032450000000000003, 0.0005445000000000001, 0.0009185, 0.0009361, 0.0005698000000000001, 0.0003234, 0.0005489000000000001, 0.0009229, 0.0009405, 0.0005742000000000001, 0.00032230000000000003, 0.00055, 0.0009207000000000001, 0.0009328, 0.0005731, 0.00032450000000000003, 0.0005511, 0.0009174000000000001, 0.0009251000000000001, 0.0005753, 0.00031570000000000003, 0.0005511, 0.0009350000000000001, 0.0009317, 0.0005632, 0.0003168, 0.0005445000000000001, 0.0009306000000000001, 0.0009306000000000001, 0.0005643, 0.0003124, 0.0005577000000000001, 0.0009328, 0.0009394000000000001, 0.0005643, 0.000319, 0.0005445000000000001, 0.0009306000000000001, 0.0009361, 0.0005731, 0.0003212, 0.0005511, 0.0009251000000000001, 0.0009317, 0.0005698000000000001, 0.0003289, 0.0005445000000000001, 0.0009218000000000001, 0.0009405, 0.0005753, 0.0003124, 0.0005478, 0.0009284, 0.0009350000000000001, 0.0005742000000000001, 0.0003058, 0.0005489000000000001, 0.000924, 0.0009427000000000001, 0.0005676, 0.0003124, 0.0005577000000000001, 0.0009218000000000001, 0.0009416, 0.0005676, 0.00031790000000000003, 0.0005478, 0.0009262000000000001, 0.0009405, 0.0005643, 0.00031570000000000003, 0.00055, 0.0009317, 0.0009405, 0.0005687, 0.00032450000000000003, 0.0005566, 0.0009229, 0.0009394000000000001, 0.0005665000000000001, 0.0003168, 0.0005489000000000001, 0.0009152, 0.0009306000000000001, 0.0005709, 0.0003234, 0.0005555, 0.0009339000000000001, 0.0009350000000000001, 0.0005709, 0.0003256, 0.0005522, 0.0009196, 0.0009361, 0.0005742000000000001, 0.0003278, 0.0005555, 0.0009273, 0.0009339000000000001, 0.0005698000000000001, 0.0003102, 0.0005522, 0.0009405, 0.0009273, 0.0005709, 0.00031790000000000003, 0.0005412, 0.0009108, 0.0009405, 0.0005731, 0.0003146, 0.0005544, 0.0009317, 0.0009328, 0.0005764, 0.00032010000000000003, 0.0005456, 0.0009306000000000001, 0.0009405, 0.0005709, 0.00031130000000000003, 0.0005401000000000001, 0.0009306000000000001, 0.0009361, 0.000572, 0.00032450000000000003, 0.0005467, 0.0009306000000000001, 0.0009427000000000001]",8
44,"[-0.0001397, -0.0001177, -0.00010010000000000001, -7.59e-05, -0.0001177, -0.0001342, -0.0001287, -9.460000000000001e-05, -8.910000000000001e-05, -0.000121, -0.0001386, -0.0001265, -9.350000000000001e-05, -8.58e-05, -0.0001078, -0.000143, -0.0001265, -9.680000000000001e-05, -8.36e-05, -0.0001045, -0.000143, -0.0001188, -8.8e-05, -7.48e-05, -0.0001133, -0.000132, -0.0001254, -8.58e-05, -7.81e-05, -0.0001155, -0.000143, -0.0001265, -9.240000000000001e-05, -8.14e-05, -0.0001078, -0.0001331, -0.0001375, -0.00010010000000000001, -8.14e-05, -0.0001166, -0.000143, -0.000132, -9.460000000000001e-05, -8.14e-05, -0.00011, -0.0001375, -0.0001276, -0.0001023, -8.69e-05, -0.0001144, -0.0001408, -0.000132, -9.680000000000001e-05, -8.8e-05, -0.0001232, -0.0001364, -0.0001309, -9.570000000000001e-05, -7.81e-05, -0.0001122, -0.0001397, -0.0001221, -9.680000000000001e-05, -8.14e-05, -0.0001155, -0.0001452, -0.0001298, -9.900000000000001e-05, -9.460000000000001e-05, -0.0001177, -0.0001419, -0.0001221, -9.350000000000001e-05, -8.03e-05, -0.0001188, -0.000143, -0.0001221, -9.240000000000001e-05, -8.03e-05, -0.0001078, -0.0001397, -0.0001331, -9.460000000000001e-05, -9.240000000000001e-05, -0.0001166, -0.0001507, -0.0001232, -9.460000000000001e-05, -7.15e-05, -0.0001122, -0.000132, -0.0001309, -9.900000000000001e-05, -8.36e-05, -0.0001045, -0.0001419, -0.0001276, -8.8e-05, -8.47e-05, -0.0001023, -0.0001397, -0.0001309, -9.350000000000001e-05, -8.14e-05, -0.0001188, -0.0001353, -0.0001287, -9.020000000000001e-05, -8.8e-05, -0.0001023, -0.0001397, -0.0001254, -9.020000000000001e-05, -8.36e-05, -0.0001177, -0.0001386, -0.000132, -9.240000000000001e-05, -8.47e-05, -0.0001177, -0.0001452, -0.0001309, -9.460000000000001e-05, -7.81e-05, -0.0001089, -0.0001353, -0.0001243, -9.460000000000001e-05, -8.03e-05, -0.0001122, -0.0001408, -0.0001276, -9.130000000000001e-05, -7.59e-05, -0.0001166, -0.0001419, -0.0001309, -9.020000000000001e-05, -8.69e-05, -0.0001199, -0.0001386, -0.0001353, -9.790000000000001e-05, -8.69e-05, -0.0001177, -0.000132, -0.0001287, -9.460000000000001e-05, -8.8e-05, -0.0001188, -0.0001386, -0.0001342, -9.900000000000001e-05, -8.47e-05, -0.0001067, -0.0001419, -0.0001331, -9.460000000000001e-05, -8.03e-05, -0.0001144, -0.0001276, -0.0001254, -9.240000000000001e-05, -8.36e-05, -0.0001155, -0.000132, -0.0001276, -8.69e-05, -7.81e-05, -0.0001155, -0.0001353, -0.0001287, -9.350000000000001e-05, -8.58e-05, -0.0001122, -0.0001408, -0.000121, -9.240000000000001e-05, -7.92e-05, -0.0001089, -0.0001452, -0.0001199, -9.900000000000001e-05, -8.03e-05, -0.0001155, -0.0001408, -0.0001309, -8.69e-05, -7.48e-05, -0.0001144, -0.0001342, -0.0001232, -9.020000000000001e-05, -8.03e-05, -0.0001177, -0.0001386, -0.0001298, -9.130000000000001e-05, -7.7e-05, -0.0001056, -0.0001375, -0.0001309, -8.910000000000001e-05, -8.69e-05, -0.0001144, -0.0001287, -0.0001287, -9.570000000000001e-05, -8.8e-05, -0.0001221, -0.0001419, -0.0001298, -8.58e-05, -7.92e-05, -0.00010120000000000001, -0.0001496, -0.0001188, -8.8e-05, -9.020000000000001e-05, -0.0001111, -0.0001331, -0.0001298, -9.130000000000001e-05, -8.58e-05, -0.0001067, -0.0001298, -0.0001309, -8.910000000000001e-05, -8.14e-05, -0.0001155, -0.0001397, -0.0001298, -8.69e-05, -7.92e-05, -0.0001122, -0.0001408, -0.0001221, -9.130000000000001e-05, -7.92e-05, -0.0001089, -0.0001386, -0.0001265, -9.570000000000001e-05, -8.25e-05, -0.0001111, -0.0001419, -0.0001309, -0.0001034, -9.460000000000001e-05, -0.0001111, -0.0001364, -0.0001309, -9.020000000000001e-05, -9.020000000000001e-05, -0.0001034, -0.0001375, -0.0001254, -9.680000000000001e-05, -8.36e-05, -0.0001166, -0.0001309, -0.0001243, -9.570000000000001e-05, -8.47e-05, -0.0001276, -0.0001408, -0.0001188, -9.020000000000001e-05, -8.14e-05, -0.0001078, -0.0001364, -0.0001232, -9.350000000000001e-05, -9.130000000000001e-05, -0.0001122, -0.0001298, -0.0001298, -0.00010010000000000001, -8.910000000000001e-05, -0.0001122, -0.0001309, -0.0001232, -8.910000000000001e-05, -8.47e-05, -0.0001155, -0.0001397, -0.0001144, -0.0001023, -8.58e-05, -0.0001155, -0.0001276, -0.0001309, -8.25e-05, -7.7e-05, -0.0001089, -0.0001419, -0.0001199, -8.58e-05, -8.03e-05, -0.0001155, -0.0001397, -0.0001254, -9.350000000000001e-05, -8.36e-05, -0.0001056, -0.0001408, -0.0001276, -9.570000000000001e-05, -9.020000000000001e-05, -0.0001177, -0.0001342, -0.0001331, -9.570000000000001e-05, -8.8e-05, -0.0001111, -0.0001364, -0.0001276, -8.69e-05, -7.48e-05, -0.0001177, -0.0001386, -0.0001265, -9.350000000000001e-05, -8.03e-05, -0.000121, -0.0001353, -0.0001232, -9.020000000000001e-05, -9.240000000000001e-05, -0.0001166, -0.0001331, -0.0001342, -8.8e-05, -8.47e-05, -0.0001122, -0.000143, -0.0001309, -9.460000000000001e-05, -7.59e-05, -0.0001078, -0.0001419, -0.0001232, -8.69e-05, -8.25e-05, -0.0001133, -0.0001408, -0.0001309, -9.350000000000001e-05, -7.59e-05, -0.0001111, -0.0001375, -0.0001375, -9.680000000000001e-05, -7.81e-05, -0.0001133, -0.0001375, -0.000121, -9.460000000000001e-05, -8.25e-05, -0.0001056, -0.0001298, -0.0001243, -9.350000000000001e-05, -7.7e-05, -0.0001023, -0.0001408, -0.0001276, -8.69e-05, -8.8e-05, -0.0001166, -0.000132, -0.0001298, -9.350000000000001e-05, -7.81e-05, -0.0001045, -0.000143, -0.000121, -8.8e-05, -8.25e-05, -0.0001166, -0.0001386, -0.0001287, -9.350000000000001e-05, -8.910000000000001e-05, -0.0001155, -0.0001298, -0.0001243, -9.790000000000001e-05, -8.03e-05, -0.0001111, -0.0001474, -0.0001221, -9.460000000000001e-05, -7.92e-05, -0.0001122, -0.0001397, -0.000121, -8.8e-05, -8.910000000000001e-05, -0.0001111, -0.000143, -0.0001331, -9.680000000000001e-05, -7.15e-05, -0.0001188, -0.0001419, -0.0001232, -9.680000000000001e-05, -8.910000000000001e-05, -0.0001144, -0.0001441, -0.0001254, -9.020000000000001e-05, -8.36e-05, -0.0001144, -0.0001386, -0.000121, -9.240000000000001e-05, -8.36e-05, -0.0001034, -0.000143, -0.0001265, -8.910000000000001e-05, -7.48e-05, -0.0001111, -0.0001287, -0.0001342, -8.58e-05, -9.130000000000001e-05, -0.0001177, -0.0001287, -0.0001221, -8.69e-05, -8.03e-05, -0.0001122, -0.0001309, -0.000132, -9.790000000000001e-05, -8.58e-05, -0.0001067, -0.0001375, -0.0001122, -9.680000000000001e-05, -8.36e-05, -0.0001144, -0.0001397, -0.0001265, -9.460000000000001e-05, -8.25e-05, -0.0001133, -0.0001309, -0.000132, -0.0001034, -8.8e-05, -0.0001056, -0.0001331, -0.0001254, -9.350000000000001e-05, -9.130000000000001e-05, -0.0001045, -0.0001265, -0.0001386, -8.47e-05, -7.92e-05, -0.0001199, -0.0001375, -0.000132, -8.58e-05, -8.47e-05, -0.0001177, -0.0001375, -0.0001331, -9.790000000000001e-05, -7.7e-05, -0.00011, -0.0001364, -0.0001254, -9.240000000000001e-05, -7.26e-05, -0.0001221, -0.0001518, -0.0001254, -8.8e-05, -8.25e-05, -0.0001122, -0.0001331, -0.0001298, -8.58e-05, -7.7e-05, -0.0001155, -0.0001331, -0.0001276, -8.910000000000001e-05, -8.69e-05, -0.0001045, -0.0001342, -0.0001232, -8.58e-05, -7.92e-05, -0.0001122]","[-0.0002057, -0.0002244, -0.0001738, -0.0001342, -0.0001529, -0.0002112, -0.0002211, -0.0001727, -0.000143, -0.00017710000000000002, -0.0002112, -0.0002123, -0.000176, -0.0001452, -0.0001595, -0.00020020000000000001, -0.0002145, -0.0001716, -0.0001397, -0.0001584, -0.0002156, -0.0002112, -0.00017820000000000002, -0.0001452, -0.0001672, -0.0002145, -0.0002266, -0.0001705, -0.0001441, -0.0001694, -0.0002101, -0.0002189, -0.0001749, -0.0001276, -0.0001562, -0.000209, -0.0002145, -0.0001727, -0.0001331, -0.0001584, -0.00020130000000000001, -0.0002189, -0.00018150000000000002, -0.0001441, -0.0001606, -0.00020240000000000001, -0.0002178, -0.0001716, -0.000143, -0.0001639, -0.0002123, -0.0002222, -0.0001716, -0.0001397, -0.0001573, -0.00020240000000000001, -0.00022, -0.0001749, -0.0001397, -0.0001617, -0.0002112, -0.0002233, -0.0001727, -0.0001353, -0.0001694, -0.0002068, -0.0002277, -0.00018370000000000002, -0.0001342, -0.0001617, -0.0002145, -0.0002189, -0.0001738, -0.0001331, -0.0001628, -0.0002057, -0.0002167, -0.0001672, -0.0001419, -0.0001628, -0.000209, -0.0002167, -0.000176, -0.0001507, -0.0001573, -0.00019470000000000002, -0.00022, -0.0001672, -0.0001342, -0.0001617, -0.0002079, -0.0002134, -0.000176, -0.0001463, -0.0001705, -0.000209, -0.0002189, -0.00018260000000000002, -0.0001375, -0.0001683, -0.0002101, -0.0002167, -0.00018150000000000002, -0.0001386, -0.0001507, -0.0002134, -0.0002266, -0.00018480000000000002, -0.0001342, -0.0001562, -0.000209, -0.0002211, -0.00018260000000000002, -0.0001342, -0.0001584, -0.0002189, -0.0002101, -0.0001738, -0.0001397, -0.0001573, -0.0002134, -0.0002101, -0.00017930000000000002, -0.0001342, -0.0001661, -0.0002057, -0.0002233, -0.0001639, -0.0001441, -0.0001606, -0.0002123, -0.0002233, -0.00018260000000000002, -0.0001397, -0.0001518, -0.000209, -0.0002189, -0.00017820000000000002, -0.0001408, -0.0001617, -0.00020240000000000001, -0.0002233, -0.00017820000000000002, -0.0001386, -0.0001595, -0.0002112, -0.0002156, -0.00018260000000000002, -0.0001386, -0.0001551, -0.0002068, -0.0002145, -0.00018260000000000002, -0.0001397, -0.0001606, -0.0002057, -0.000209, -0.00018040000000000002, -0.0001342, -0.000165, -0.000209, -0.0002299, -0.00017820000000000002, -0.000132, -0.0001496, -0.0002057, -0.00022, -0.0001727, -0.000143, -0.000165, -0.000209, -0.0002112, -0.00017710000000000002, -0.0001331, -0.0001562, -0.0002057, -0.0002178, -0.0001694, -0.0001408, -0.000165, -0.00020240000000000001, -0.0002299, -0.00018260000000000002, -0.0001386, -0.0001595, -0.00019580000000000002, -0.0002233, -0.0001727, -0.0001364, -0.0001518, -0.0002079, -0.0002277, -0.00017930000000000002, -0.000132, -0.0001606, -0.00022, -0.0002167, -0.0001749, -0.0001397, -0.0001562, -0.0002156, -0.0002123, -0.00018260000000000002, -0.0001386, -0.0001463, -0.00020130000000000001, -0.0002145, -0.0001727, -0.0001331, -0.0001617, -0.0002057, -0.00022, -0.0001705, -0.0001364, -0.000154, -0.0002112, -0.00022, -0.00017930000000000002, -0.0001386, -0.0001562, -0.0002189, -0.0002266, -0.00018480000000000002, -0.0001342, -0.000165, -0.0002079, -0.00022, -0.0001749, -0.0001419, -0.0001606, -0.0002112, -0.0002156, -0.00018150000000000002, -0.0001474, -0.0001595, -0.00019800000000000002, -0.0002222, -0.00017710000000000002, -0.0001364, -0.0001584, -0.0002035, -0.0002288, -0.00017710000000000002, -0.000132, -0.0001661, -0.0002178, -0.0002156, -0.0001705, -0.0001397, -0.0001584, -0.0002057, -0.0002167, -0.00017930000000000002, -0.0001419, -0.000165, -0.0002112, -0.0002167, -0.0001738, -0.000143, -0.0001672, -0.0002112, -0.0002112, -0.00017930000000000002, -0.0001397, -0.0001485, -0.0002189, -0.00022, -0.0001683, -0.0001375, -0.0001606, -0.0002057, -0.0002178, -0.00018150000000000002, -0.0001364, -0.000165, -0.0002101, -0.0002134, -0.00017930000000000002, -0.0001375, -0.0001639, -0.000209, -0.00022, -0.00018040000000000002, -0.000132, -0.0001595, -0.0002101, -0.0002211, -0.0001694, -0.0001331, -0.0001672, -0.0002101, -0.0002233, -0.00017710000000000002, -0.0001408, -0.000154, -0.0002112, -0.0002178, -0.0001705, -0.0001331, -0.0001595, -0.0002156, -0.0002189, -0.00017930000000000002, -0.0001353, -0.0001672, -0.0002156, -0.0002222, -0.000176, -0.0001386, -0.0001606, -0.000209, -0.0002156, -0.0001716, -0.0001463, -0.0001628, -0.0002101, -0.0002189, -0.0001716, -0.0001419, -0.0001606, -0.00020130000000000001, -0.00022, -0.00018150000000000002, -0.0001298, -0.000154, -0.0002035, -0.0002222, -0.00017710000000000002, -0.0001342, -0.0001573, -0.0002145, -0.0002233, -0.0001738, -0.0001485, -0.0001573, -0.0002112, -0.000209, -0.0001738, -0.0001408, -0.0001661, -0.0002134, -0.0002211, -0.00018590000000000002, -0.0001419, -0.0001617, -0.000209, -0.00022, -0.00018150000000000002, -0.0001342, -0.0001661, -0.0002068, -0.0002244, -0.0001694, -0.0001397, -0.0001683, -0.0002134, -0.00022, -0.0001749, -0.0001386, -0.0001606, -0.00020020000000000001, -0.0002167, -0.0001749, -0.0001309, -0.0001639, -0.000209, -0.0002167, -0.0001727, -0.0001353, -0.0001628, -0.0002156, -0.0002288, -0.00017820000000000002, -0.0001397, -0.0001584, -0.0002101, -0.0002211, -0.0001738, -0.0001309, -0.0001683, -0.0002156, -0.0002222, -0.0001727, -0.0001353, -0.0001584, -0.0002123, -0.0002222, -0.0001716, -0.0001419, -0.0001628, -0.0002255, -0.0002266, -0.00017820000000000002, -0.0001364, -0.0001595, -0.0002057, -0.0002255, -0.0001749, -0.0001364, -0.000165, -0.0002134, -0.0002266, -0.0001749, -0.0001375, -0.0001661, -0.0002046, -0.0002233, -0.00018260000000000002, -0.0001287, -0.0001694, -0.0002112, -0.0002211, -0.00018150000000000002, -0.0001375, -0.0001672, -0.0002046, -0.0002134, -0.0001749, -0.0001375, -0.0001628, -0.0002101, -0.00022, -0.00018260000000000002, -0.0001375, -0.000165, -0.0002123, -0.0002178, -0.0001705, -0.0001331, -0.0001661, -0.00020240000000000001, -0.0002233, -0.00017710000000000002, -0.000143, -0.0001617, -0.0002101, -0.0002178, -0.00017820000000000002, -0.0001452, -0.0001584, -0.0002112, -0.0002255, -0.000176, -0.0001441, -0.0001584, -0.0002079, -0.0002255, -0.00017710000000000002, -0.0001331, -0.000154, -0.00020240000000000001, -0.0002178, -0.0001738, -0.0001452, -0.0001584, -0.0002123, -0.0002123, -0.0001705, -0.0001485, -0.0001573, -0.0002035, -0.00022, -0.00018150000000000002, -0.0001386, -0.0001617, -0.0002145, -0.0002123, -0.0001738, -0.0001441, -0.0001584, -0.000209, -0.0002156, -0.0001749, -0.0001441, -0.0001628, -0.0002178, -0.0002145, -0.0001727, -0.0001408, -0.0001727, -0.0002101, -0.0002277, -0.0001705, -0.000143, -0.0001562, -0.0002222, -0.00022, -0.0001716, -0.000132, -0.0001529, -0.0002123, -0.0002079, -0.0001672, -0.0001408, -0.0001595, -0.0002101, -0.0002134, -0.0001661, -0.000154, -0.0001628]","[0.0009405, 0.0009471000000000001, 0.0005533000000000001, 0.00031790000000000003, 0.000561, 0.0009350000000000001, 0.0009394000000000001, 0.0005511, 0.0003168, 0.0005676, 0.0009317, 0.0009405, 0.0005544, 0.0003256, 0.000572, 0.0009350000000000001, 0.0009339000000000001, 0.0005544, 0.00032010000000000003, 0.0005698000000000001, 0.0009438000000000001, 0.0009339000000000001, 0.0005676, 0.00031570000000000003, 0.0005731, 0.0009306000000000001, 0.0009317, 0.0005555, 0.00031570000000000003, 0.0005709, 0.0009482000000000001, 0.0009405, 0.0005544, 0.0003311, 0.0005676, 0.0009372, 0.0009273, 0.0005599, 0.00032230000000000003, 0.0005698000000000001, 0.0009372, 0.0009372, 0.0005555, 0.0003256, 0.000572, 0.0009328, 0.0009394000000000001, 0.0005665000000000001, 0.0003289, 0.0005764, 0.0009504, 0.0009427000000000001, 0.0005599, 0.00031570000000000003, 0.0005544, 0.0009438000000000001, 0.0009306000000000001, 0.0005577000000000001, 0.0003058, 0.000561, 0.0009317, 0.0009394000000000001, 0.0005621000000000001, 0.0003234, 0.0005621000000000001, 0.0009394000000000001, 0.0009295000000000001, 0.0005467, 0.00032230000000000003, 0.0005687, 0.0009361, 0.0009273, 0.0005467, 0.00032230000000000003, 0.0005599, 0.0009383000000000001, 0.0009350000000000001, 0.0005698000000000001, 0.0003212, 0.0005654000000000001, 0.0009438000000000001, 0.0009328, 0.0005632, 0.000319, 0.0005599, 0.000946, 0.0009372, 0.0005599, 0.0003256, 0.0005654000000000001, 0.0009427000000000001, 0.0009317, 0.0005555, 0.00032010000000000003, 0.0005753, 0.0009405, 0.0009339000000000001, 0.0005643, 0.0003212, 0.0005698000000000001, 0.0009394000000000001, 0.0009328, 0.0005599, 0.00030910000000000003, 0.0005687, 0.0009449, 0.0009361, 0.0005632, 0.0003278, 0.0005731, 0.0009339000000000001, 0.0009416, 0.000561, 0.00031790000000000003, 0.0005709, 0.000946, 0.000946, 0.0005555, 0.00032010000000000003, 0.0005731, 0.0009405, 0.0009229, 0.0005621000000000001, 0.000319, 0.0005665000000000001, 0.000946, 0.0009218000000000001, 0.0005522, 0.00032010000000000003, 0.0005632, 0.0009416, 0.0009515000000000001, 0.0005676, 0.0003212, 0.0005632, 0.0009372, 0.0009350000000000001, 0.0005555, 0.0003146, 0.000561, 0.0009493, 0.0009328, 0.0005632, 0.00032450000000000003, 0.000572, 0.0009361, 0.0009394000000000001, 0.000561, 0.0003267, 0.0005632, 0.0009405, 0.0009284, 0.00055, 0.00031790000000000003, 0.0005599, 0.0009372, 0.0009361, 0.0005632, 0.0003124, 0.0005643, 0.0009438000000000001, 0.0009306000000000001, 0.0005489000000000001, 0.0003256, 0.0005676, 0.0009295000000000001, 0.0009372, 0.000561, 0.0003256, 0.0005632, 0.0009482000000000001, 0.000924, 0.00055, 0.00031790000000000003, 0.0005687, 0.0009383000000000001, 0.0009284, 0.0005632, 0.0003212, 0.0005709, 0.0009394000000000001, 0.0009383000000000001, 0.0005588, 0.00033, 0.0005742000000000001, 0.0009372, 0.0009449, 0.0005643, 0.00031570000000000003, 0.0005621000000000001, 0.000946, 0.0009284, 0.0005577000000000001, 0.00030470000000000003, 0.0005577000000000001, 0.0009449, 0.0009295000000000001, 0.0005665000000000001, 0.00031790000000000003, 0.0005599, 0.0009361, 0.0009317, 0.0005665000000000001, 0.0003146, 0.0005731, 0.0009350000000000001, 0.0009394000000000001, 0.0005555, 0.0003124, 0.0005643, 0.0009537, 0.0009482000000000001, 0.0005511, 0.0003322, 0.0005522, 0.0009427000000000001, 0.0009328, 0.0005621000000000001, 0.000319, 0.000572, 0.0009383000000000001, 0.0009350000000000001, 0.0005566, 0.0003256, 0.000561, 0.0009383000000000001, 0.0009317, 0.0005511, 0.0003168, 0.0005599, 0.0009427000000000001, 0.0009295000000000001, 0.00055, 0.00032010000000000003, 0.0005676, 0.0009328, 0.0009339000000000001, 0.0005566, 0.00031790000000000003, 0.0005742000000000001, 0.0009394000000000001, 0.0009350000000000001, 0.0005577000000000001, 0.0003267, 0.0005665000000000001, 0.0009405, 0.0009482000000000001, 0.0005544, 0.00031790000000000003, 0.000572, 0.0009449, 0.0009284, 0.0005599, 0.0003212, 0.000572, 0.0009449, 0.0009328, 0.0005555, 0.00032450000000000003, 0.0005731, 0.0009383000000000001, 0.0009306000000000001, 0.00055, 0.00031790000000000003, 0.000572, 0.0009350000000000001, 0.0009306000000000001, 0.0005588, 0.00032450000000000003, 0.000572, 0.0009482000000000001, 0.0009350000000000001, 0.0005632, 0.0003168, 0.0005698000000000001, 0.0009416, 0.0009383000000000001, 0.0005588, 0.00032450000000000003, 0.0005709, 0.0009361, 0.0009317, 0.0005566, 0.0003146, 0.0005621000000000001, 0.0009438000000000001, 0.0009328, 0.0005599, 0.00031790000000000003, 0.000572, 0.0009383000000000001, 0.0009383000000000001, 0.000561, 0.000319, 0.0005698000000000001, 0.0009328, 0.0009394000000000001, 0.0005599, 0.00032450000000000003, 0.0005687, 0.0009372, 0.0009361, 0.0005544, 0.0003267, 0.0005731, 0.0009383000000000001, 0.0009284, 0.000561, 0.0003168, 0.0005676, 0.0009548, 0.0009339000000000001, 0.0005555, 0.0003278, 0.0005786000000000001, 0.0009438000000000001, 0.0009251000000000001, 0.0005566, 0.0003212, 0.0005698000000000001, 0.0009372, 0.0009306000000000001, 0.0005588, 0.0003234, 0.0005665000000000001, 0.0009383000000000001, 0.0009317, 0.000561, 0.0003256, 0.0005742000000000001, 0.0009372, 0.0009317, 0.0005621000000000001, 0.0003234, 0.000572, 0.0009416, 0.0009284, 0.0005621000000000001, 0.0003234, 0.000561, 0.0009361, 0.0009383000000000001, 0.000561, 0.0003168, 0.0005698000000000001, 0.0009416, 0.0009328, 0.0005544, 0.0003146, 0.0005687, 0.0009383000000000001, 0.0009383000000000001, 0.000561, 0.0003146, 0.0005665000000000001, 0.0009416, 0.0009350000000000001, 0.0005533000000000001, 0.00031130000000000003, 0.0005764, 0.0009427000000000001, 0.0009306000000000001, 0.000561, 0.00032450000000000003, 0.0005808, 0.0009438000000000001, 0.0009317, 0.0005632, 0.0003289, 0.0005698000000000001, 0.0009350000000000001, 0.0009295000000000001, 0.0005522, 0.000319, 0.0005764, 0.0009405, 0.0009372, 0.0005522, 0.00032450000000000003, 0.0005852, 0.0009493, 0.0009383000000000001, 0.0005588, 0.00031790000000000003, 0.0005698000000000001, 0.000946, 0.0009284, 0.0005522, 0.0003267, 0.0005709, 0.0009526000000000001, 0.0009372, 0.0005511, 0.00031570000000000003, 0.0005709, 0.0009350000000000001, 0.0009306000000000001, 0.0005588, 0.0003234, 0.0005764, 0.0009471000000000001, 0.0009383000000000001, 0.0005577000000000001, 0.00032450000000000003, 0.0005643, 0.0009449, 0.0009339000000000001, 0.0005577000000000001, 0.0003311, 0.0005643, 0.0009548, 0.0009317, 0.0005445000000000001, 0.0003234, 0.0005676, 0.0009405, 0.0009361, 0.0005544, 0.00032010000000000003, 0.0005797, 0.0009427000000000001, 0.0009273, 0.0005445000000000001, 0.0003146, 0.0005742000000000001, 0.0009273, 0.0009361, 0.000561, 0.0003168, 0.0005742000000000001, 0.0009383000000000001, 0.0009416, 0.0005588, 0.00032230000000000003, 0.0005643, 0.0009383000000000001, 0.0009273, 0.0005665000000000001, 0.0003267, 0.0005676, 0.0009526000000000001, 0.0009350000000000001, 0.0005566, 0.0003212, 0.0005808, 0.0009405, 0.0009306000000000001, 0.0005511, 0.0003322, 0.0005775, 0.0009438000000000001, 0.0009328, 0.0005522, 0.00031570000000000003, 0.0005709, 0.0009405, 0.0009339000000000001, 0.000561, 0.0003234, 0.0005731, 0.0009504, 0.0009317, 0.0005599, 0.000319, 0.000572, 0.0009438000000000001, 0.0009394000000000001, 0.0005489000000000001, 0.0003212, 0.0005830000000000001, 0.0009438000000000001, 0.0009306000000000001, 0.000561, 0.00031570000000000003, 0.000572, 0.0009515000000000001, 0.0009306000000000001, 0.0005434, 0.0003168, 0.0005797, 0.0009394000000000001, 0.0009317, 0.0005412, 0.0003168, 0.0005676, 0.0009416, 0.0009372, 0.0005643, 0.0003289, 0.0005665000000000001, 0.0009383000000000001, 0.0009317, 0.0005544, 0.0003267, 0.0005709, 0.0009383000000000001, 0.0009361, 0.0005544, 0.00032450000000000003, 0.0005698000000000001]",9
45,"[-0.0001144, -0.0001408, -0.000132, -9.570000000000001e-05, -8.69e-05, -0.0001166, -0.0001573, -0.0001375, -0.0001144, -7.81e-05, -0.0001188, -0.0001496, -0.0001441, -9.460000000000001e-05, -9.020000000000001e-05, -0.0001298, -0.0001419, -0.0001397, -9.350000000000001e-05, -8.14e-05, -0.0001144, -0.0001441, -0.0001496, -0.00010120000000000001, -8.58e-05, -0.0001111, -0.000154, -0.0001342, -9.790000000000001e-05, -9.020000000000001e-05, -0.000121, -0.0001474, -0.0001364, -0.00010010000000000001, -9.020000000000001e-05, -0.0001221, -0.000154, -0.000132, -0.00010010000000000001, -8.58e-05, -0.0001166, -0.000143, -0.0001408, -9.790000000000001e-05, -9.240000000000001e-05, -0.0001265, -0.0001474, -0.0001276, -0.00010010000000000001, -9.020000000000001e-05, -0.0001243, -0.0001485, -0.0001408, -9.240000000000001e-05, -8.8e-05, -0.000121, -0.0001452, -0.0001386, -0.0001023, -0.00010010000000000001, -0.0001232, -0.0001463, -0.0001397, -9.020000000000001e-05, -0.00010120000000000001, -0.0001122, -0.0001529, -0.0001375, -0.0001045, -8.58e-05, -0.0001265, -0.0001562, -0.0001452, -0.0001045, -8.910000000000001e-05, -0.0001199, -0.0001584, -0.0001353, -9.680000000000001e-05, -9.020000000000001e-05, -0.0001232, -0.0001518, -0.0001386, -9.680000000000001e-05, -9.350000000000001e-05, -0.0001166, -0.0001474, -0.0001419, -0.0001034, -8.910000000000001e-05, -0.0001155, -0.0001529, -0.0001298, -9.570000000000001e-05, -8.36e-05, -0.0001199, -0.0001628, -0.0001408, -0.0001023, -8.8e-05, -0.0001221, -0.0001485, -0.0001397, -0.0001023, -9.130000000000001e-05, -0.0001232, -0.0001551, -0.0001342, -0.0001034, -8.910000000000001e-05, -0.0001221, -0.0001485, -0.0001375, -0.0001023, -8.58e-05, -0.0001342, -0.0001507, -0.0001452, -9.790000000000001e-05, -0.00010120000000000001, -0.0001221, -0.0001441, -0.0001408, -9.900000000000001e-05, -9.460000000000001e-05, -0.0001298, -0.000143, -0.0001419, -9.570000000000001e-05, -9.900000000000001e-05, -0.0001254, -0.0001507, -0.0001397, -9.790000000000001e-05, -9.130000000000001e-05, -0.0001166, -0.0001584, -0.0001419, -9.790000000000001e-05, -9.680000000000001e-05, -0.0001243, -0.0001518, -0.000143, -0.0001045, -8.14e-05, -0.0001155, -0.0001518, -0.000132, -0.00011, -9.240000000000001e-05, -0.0001221, -0.0001518, -0.0001364, -0.0001034, -9.680000000000001e-05, -0.000121, -0.0001441, -0.0001408, -0.00010010000000000001, -8.69e-05, -0.0001177, -0.0001573, -0.0001364, -0.0001034, -9.350000000000001e-05, -0.0001166, -0.0001639, -0.0001364, -9.350000000000001e-05, -9.350000000000001e-05, -0.0001144, -0.0001474, -0.0001397, -9.350000000000001e-05, -8.69e-05, -0.0001133, -0.0001507, -0.0001364, -9.790000000000001e-05, -9.680000000000001e-05, -0.0001188, -0.0001441, -0.0001441, -0.00010010000000000001, -8.47e-05, -0.0001089, -0.0001551, -0.0001441, -0.0001023, -9.460000000000001e-05, -0.0001276, -0.0001595, -0.0001386, -9.570000000000001e-05, -9.460000000000001e-05, -0.0001166, -0.0001474, -0.0001419, -0.0001133, -8.36e-05, -0.0001188, -0.0001562, -0.0001342, -9.570000000000001e-05, -8.910000000000001e-05, -0.0001188, -0.0001463, -0.0001386, -0.0001034, -8.910000000000001e-05, -0.0001265, -0.0001573, -0.0001419, -0.0001034, -8.47e-05, -0.0001155, -0.0001452, -0.000143, -9.680000000000001e-05, -9.130000000000001e-05, -0.000121, -0.0001551, -0.000143, -9.350000000000001e-05, -9.460000000000001e-05, -0.0001265, -0.0001562, -0.0001386, -0.00010010000000000001, -8.25e-05, -0.0001232, -0.0001529, -0.0001485, -9.460000000000001e-05, -8.47e-05, -0.0001243, -0.0001474, -0.0001397, -0.00010010000000000001, -8.910000000000001e-05, -0.0001254, -0.0001474, -0.0001353, -0.00010010000000000001, -8.8e-05, -0.000121, -0.0001496, -0.0001441, -9.790000000000001e-05, -9.350000000000001e-05, -0.0001265, -0.0001595, -0.0001397, -9.130000000000001e-05, -8.910000000000001e-05, -0.0001221, -0.0001397, -0.0001331, -9.790000000000001e-05, -9.460000000000001e-05, -0.0001254, -0.0001408, -0.0001419, -0.00010010000000000001, -8.25e-05, -0.0001221, -0.0001551, -0.0001408, -9.570000000000001e-05, -8.8e-05, -0.0001199, -0.0001485, -0.0001397, -9.130000000000001e-05, -8.69e-05, -0.0001265, -0.000154, -0.0001375, -9.460000000000001e-05, -8.8e-05, -0.0001243, -0.0001496, -0.0001452, -0.0001045, -8.8e-05, -0.0001221, -0.0001496, -0.0001375, -0.0001034, -9.240000000000001e-05, -0.0001232, -0.0001518, -0.0001397, -0.0001067, -9.130000000000001e-05, -0.0001177, -0.0001485, -0.0001397, -9.900000000000001e-05, -8.8e-05, -0.0001199, -0.0001507, -0.0001397, -0.0001078, -9.680000000000001e-05, -0.0001166, -0.0001463, -0.0001353, -9.680000000000001e-05, -9.130000000000001e-05, -0.0001221, -0.0001573, -0.0001364, -9.350000000000001e-05, -8.36e-05, -0.0001232, -0.0001485, -0.0001397, -9.570000000000001e-05, -8.910000000000001e-05, -0.000121, -0.0001441, -0.0001375, -9.790000000000001e-05, -9.020000000000001e-05, -0.0001265, -0.0001397, -0.0001419, -0.0001089, -8.03e-05, -0.0001166, -0.0001507, -0.0001463, -9.790000000000001e-05, -8.910000000000001e-05, -0.0001199, -0.0001573, -0.0001463, -9.790000000000001e-05, -9.020000000000001e-05, -0.0001155, -0.000154, -0.0001408, -9.570000000000001e-05, -8.910000000000001e-05, -0.0001243, -0.0001529, -0.0001375, -0.0001111, -8.25e-05, -0.0001122, -0.0001463, -0.0001342, -9.570000000000001e-05, -9.020000000000001e-05, -0.0001232, -0.0001518, -0.0001496, -9.680000000000001e-05, -7.81e-05, -0.0001243, -0.0001551, -0.0001364, -0.0001034, -9.020000000000001e-05, -0.0001199, -0.0001518, -0.0001364, -0.0001067, -8.36e-05, -0.0001155, -0.0001551, -0.0001441, -0.0001023, -8.58e-05, -0.0001232, -0.0001485, -0.0001386, -0.0001067, -9.680000000000001e-05, -0.0001199, -0.0001452, -0.0001408, -0.00010120000000000001, -7.81e-05, -0.0001298, -0.0001529, -0.0001408, -9.240000000000001e-05, -8.8e-05, -0.0001232, -0.0001463, -0.0001408, -9.790000000000001e-05, -9.240000000000001e-05, -0.0001144, -0.0001573, -0.0001397, -9.460000000000001e-05, -8.14e-05, -0.0001133, -0.0001496, -0.0001298, -9.680000000000001e-05, -9.900000000000001e-05, -0.0001232, -0.0001452, -0.0001342, -9.460000000000001e-05, -9.240000000000001e-05, -0.0001133, -0.0001463, -0.0001441, -9.020000000000001e-05, -9.240000000000001e-05, -0.000121, -0.0001518, -0.000143, -0.00010010000000000001, -9.460000000000001e-05, -0.0001232, -0.0001463, -0.0001386, -9.240000000000001e-05, -8.47e-05, -0.0001122, -0.0001463, -0.000132, -0.0001056, -8.910000000000001e-05, -0.0001298, -0.0001485, -0.0001309, -9.790000000000001e-05, -8.47e-05, -0.0001188, -0.000154, -0.0001441, -9.570000000000001e-05, -9.570000000000001e-05, -0.0001177, -0.0001452, -0.0001353, -9.900000000000001e-05, -8.58e-05, -0.0001188, -0.0001441, -0.0001353, -9.900000000000001e-05, -0.0001034, -0.0001309, -0.0001529, -0.0001342, -0.0001056, -8.58e-05, -0.0001188, -0.0001496, -0.0001452, -9.900000000000001e-05, -8.69e-05, -0.0001276, -0.0001452, -0.0001375, -9.570000000000001e-05, -9.130000000000001e-05, -0.000132, -0.0001463, -0.0001386, -9.350000000000001e-05, -8.03e-05, -0.0001232, -0.0001485, -0.0001342, -9.790000000000001e-05, -9.790000000000001e-05, -0.0001144, -0.0001496, -0.0001331, -0.0001034, -8.47e-05, -0.000132, -0.0001485, -0.0001331, -9.570000000000001e-05, -8.69e-05, -0.0001144, -0.0001496, -0.0001408, -9.790000000000001e-05, -8.69e-05, -0.000121, -0.0001529, -0.0001408, -0.0001023, -9.680000000000001e-05, -0.0001155, -0.000143, -0.000143, -9.680000000000001e-05, -8.910000000000001e-05]","[-0.0001584, -0.0002167, -0.0002277, -0.0001716, -0.0001342, -0.0001661, -0.0002167, -0.0002233, -0.00018810000000000002, -0.0001419, -0.0001584, -0.0002112, -0.0002233, -0.000176, -0.0001298, -0.000165, -0.0002145, -0.0002211, -0.00017930000000000002, -0.0001386, -0.0001639, -0.0002123, -0.0002233, -0.0001749, -0.0001507, -0.0001661, -0.0002123, -0.0002189, -0.0001705, -0.000143, -0.0001617, -0.0002079, -0.0002145, -0.0001738, -0.0001397, -0.0001705, -0.000209, -0.0002167, -0.00018040000000000002, -0.0001309, -0.0001694, -0.0002189, -0.0002167, -0.0001727, -0.0001408, -0.0001628, -0.0002134, -0.0002145, -0.00018040000000000002, -0.0001419, -0.0001606, -0.0002167, -0.0002068, -0.0001738, -0.0001386, -0.0001584, -0.00020240000000000001, -0.0002255, -0.00017710000000000002, -0.0001452, -0.0001595, -0.000209, -0.0002178, -0.0001749, -0.000143, -0.0001628, -0.0002079, -0.0002167, -0.00017820000000000002, -0.0001342, -0.0001661, -0.0002156, -0.0002134, -0.0001705, -0.0001408, -0.0001529, -0.0002068, -0.00022, -0.00017710000000000002, -0.0001397, -0.0001606, -0.0002156, -0.0002134, -0.00017930000000000002, -0.0001386, -0.0001683, -0.0002101, -0.0002189, -0.000165, -0.000143, -0.000154, -0.0002046, -0.00022, -0.00017710000000000002, -0.0001375, -0.0001595, -0.0002123, -0.0002178, -0.00018150000000000002, -0.0001386, -0.0001661, -0.0002156, -0.0002123, -0.0001683, -0.0001287, -0.0001639, -0.0002112, -0.0002343, -0.000176, -0.0001441, -0.0001672, -0.0002079, -0.0002123, -0.0001749, -0.0001353, -0.0001661, -0.0002112, -0.0002145, -0.000176, -0.0001364, -0.0001727, -0.0002112, -0.0002156, -0.0001683, -0.0001331, -0.0001562, -0.0002068, -0.000209, -0.00017710000000000002, -0.0001441, -0.0001562, -0.0002101, -0.00022, -0.0001738, -0.0001397, -0.0001584, -0.000209, -0.0002222, -0.0001705, -0.0001364, -0.0001628, -0.0002123, -0.0002079, -0.00017930000000000002, -0.0001463, -0.0001672, -0.0002145, -0.0002211, -0.0001749, -0.0001342, -0.0001617, -0.0002134, -0.0002277, -0.000176, -0.0001364, -0.0001628, -0.000209, -0.0002211, -0.00018260000000000002, -0.0001419, -0.0001628, -0.0002046, -0.0002178, -0.0001727, -0.0001375, -0.0001606, -0.0002123, -0.0002233, -0.0001694, -0.0001386, -0.0001617, -0.0002046, -0.0002145, -0.0001738, -0.0001298, -0.000165, -0.0002167, -0.0002189, -0.00017710000000000002, -0.0001331, -0.0001672, -0.0002156, -0.0002068, -0.00018480000000000002, -0.0001474, -0.0001639, -0.0002167, -0.0002156, -0.00018040000000000002, -0.0001309, -0.0001672, -0.0002068, -0.00022, -0.0001683, -0.0001375, -0.000165, -0.0002189, -0.0002233, -0.000176, -0.0001408, -0.0001606, -0.0002079, -0.0002156, -0.0001749, -0.0001298, -0.0001639, -0.0002222, -0.0002134, -0.00018150000000000002, -0.0001452, -0.0001584, -0.0002068, -0.0002266, -0.0001683, -0.0001309, -0.000165, -0.0002134, -0.0002233, -0.00018480000000000002, -0.0001309, -0.0001617, -0.0002167, -0.0002178, -0.0001694, -0.0001254, -0.0001661, -0.0002178, -0.0002189, -0.000176, -0.0001386, -0.0001584, -0.00020240000000000001, -0.0002156, -0.00018150000000000002, -0.0001287, -0.0001628, -0.0002101, -0.0002255, -0.00017820000000000002, -0.000143, -0.0001584, -0.0002112, -0.0002079, -0.0001694, -0.0001474, -0.0001661, -0.0002046, -0.0002255, -0.00018480000000000002, -0.0001298, -0.0001606, -0.0002101, -0.0002178, -0.0001694, -0.0001331, -0.0001595, -0.0002112, -0.0002145, -0.00017820000000000002, -0.000143, -0.0001639, -0.0002068, -0.0002156, -0.00017820000000000002, -0.0001408, -0.0001595, -0.0002167, -0.0002189, -0.00018370000000000002, -0.000143, -0.0001672, -0.0002145, -0.0002167, -0.00018040000000000002, -0.0001408, -0.0001507, -0.0002101, -0.000209, -0.0001738, -0.0001342, -0.0001639, -0.0002134, -0.0002299, -0.0001727, -0.0001386, -0.0001628, -0.0002046, -0.000231, -0.0001705, -0.0001386, -0.0001617, -0.0002167, -0.0002112, -0.00018040000000000002, -0.0001331, -0.0001628, -0.0002112, -0.0002211, -0.00018040000000000002, -0.0001441, -0.0001562, -0.0002112, -0.0002145, -0.00017710000000000002, -0.0001375, -0.0001694, -0.00020240000000000001, -0.0002112, -0.0001727, -0.0001309, -0.0001606, -0.00020240000000000001, -0.00022, -0.0001628, -0.0001375, -0.0001562, -0.00022, -0.0002167, -0.000176, -0.0001364, -0.0001683, -0.0002233, -0.0002266, -0.0001639, -0.0001353, -0.0001617, -0.000209, -0.0002156, -0.0001661, -0.0001419, -0.0001661, -0.0002156, -0.000209, -0.000176, -0.0001353, -0.0001606, -0.0002145, -0.0002233, -0.0001661, -0.0001309, -0.0001617, -0.0002079, -0.0002101, -0.00018040000000000002, -0.0001441, -0.0001595, -0.0002189, -0.0002112, -0.0001738, -0.0001408, -0.0001606, -0.0002156, -0.0002068, -0.0001705, -0.0001364, -0.0001507, -0.0002079, -0.0002211, -0.00018040000000000002, -0.0001386, -0.0001683, -0.0002079, -0.0002123, -0.0001661, -0.0001298, -0.000165, -0.0002145, -0.0002255, -0.0001716, -0.0001342, -0.0001562, -0.00020130000000000001, -0.000209, -0.000165, -0.0001397, -0.0001573, -0.0002222, -0.0002189, -0.00018040000000000002, -0.0001386, -0.0001738, -0.0002101, -0.0002134, -0.0001683, -0.0001364, -0.0001573, -0.0002244, -0.0002068, -0.00018040000000000002, -0.0001485, -0.0001606, -0.0002211, -0.0002145, -0.0001672, -0.0001375, -0.0001716, -0.0002101, -0.0002178, -0.0001749, -0.0001353, -0.0001639, -0.00022, -0.0002167, -0.0001628, -0.0001386, -0.0001573, -0.0002189, -0.0002222, -0.0001595, -0.0001419, -0.0001606, -0.0002112, -0.0002211, -0.0001683, -0.0001408, -0.0001617, -0.0002189, -0.0002145, -0.00018920000000000002, -0.0001397, -0.0001628, -0.0002057, -0.000209, -0.0001705, -0.000143, -0.0001672, -0.00019800000000000002, -0.0002156, -0.00018590000000000002, -0.0001474, -0.0001595, -0.0002079, -0.0002145, -0.0001738, -0.0001364, -0.0001672, -0.000209, -0.0002222, -0.0001683, -0.0001386, -0.0001705, -0.0002167, -0.0002112, -0.000176, -0.0001298, -0.000165, -0.0002134, -0.0002233, -0.0001672, -0.0001276, -0.0001606, -0.0002057, -0.0002057, -0.0001716, -0.0001397, -0.000165, -0.0002068, -0.0002233, -0.0001639, -0.0001463, -0.0001683, -0.0002068, -0.0002112, -0.0001606, -0.0001408, -0.0001683, -0.0002046, -0.0002211, -0.00017930000000000002, -0.0001474, -0.0001639, -0.0002145, -0.0002145, -0.0001705, -0.0001441, -0.00017710000000000002, -0.0002189, -0.0002376, -0.0001749, -0.000143, -0.000165, -0.0002134, -0.0002046, -0.00017930000000000002, -0.0001353, -0.0001661, -0.0002156, -0.0002189, -0.00017710000000000002, -0.0001364, -0.0001595, -0.0002123, -0.0002134, -0.0001738, -0.0001342, -0.0001727, -0.0002068, -0.0002211, -0.00018040000000000002, -0.000132]","[0.0005874000000000001, 0.0009471000000000001, 0.0009317, 0.0005456, 0.000319, 0.0005929, 0.0009548, 0.0009394000000000001, 0.0005566, 0.00032010000000000003, 0.0005951, 0.0009603000000000001, 0.0009361, 0.0005401000000000001, 0.00032450000000000003, 0.0005885, 0.0009592, 0.0009526000000000001, 0.0005544, 0.00031790000000000003, 0.0005929, 0.0009592, 0.000946, 0.0005522, 0.0003168, 0.0005907, 0.0009548, 0.0009416, 0.0005555, 0.0003267, 0.0005885, 0.0009625, 0.0009394000000000001, 0.0005489000000000001, 0.0003333, 0.0005951, 0.0009647000000000001, 0.0009339000000000001, 0.0005467, 0.00032450000000000003, 0.0005896, 0.0009504, 0.0009416, 0.0005379, 0.00032450000000000003, 0.0005819, 0.0009614000000000001, 0.0009306000000000001, 0.0005467, 0.0003212, 0.0005962000000000001, 0.0009515000000000001, 0.0009317, 0.0005489000000000001, 0.00033, 0.0005874000000000001, 0.0009493, 0.0009339000000000001, 0.0005566, 0.0003311, 0.000594, 0.0009636, 0.0009295000000000001, 0.0005467, 0.0003322, 0.0005874000000000001, 0.0009504, 0.0009438000000000001, 0.0005467, 0.00033, 0.0005885, 0.0009548, 0.0009273, 0.0005489000000000001, 0.0003256, 0.0005830000000000001, 0.0009603000000000001, 0.0009372, 0.0005434, 0.00032450000000000003, 0.0005929, 0.0009548, 0.0009339000000000001, 0.0005434, 0.0003234, 0.0005973, 0.0009548, 0.0009339000000000001, 0.0005566, 0.00033, 0.0005885, 0.0009625, 0.0009361, 0.0005445000000000001, 0.0003289, 0.0005874000000000001, 0.0009570000000000001, 0.0009427000000000001, 0.0005599, 0.00033, 0.0005907, 0.0009702000000000001, 0.0009427000000000001, 0.0005522, 0.0003234, 0.0006028, 0.0009614000000000001, 0.0009405, 0.0005522, 0.0003256, 0.0005819, 0.0009493, 0.0009284, 0.0005467, 0.0003377, 0.000594, 0.0009614000000000001, 0.0009350000000000001, 0.0005456, 0.000319, 0.0005907, 0.0009548, 0.0009405, 0.0005544, 0.0003212, 0.0005918000000000001, 0.0009614000000000001, 0.0009383000000000001, 0.00055, 0.0003267, 0.0005929, 0.0009570000000000001, 0.0009394000000000001, 0.0005467, 0.0003212, 0.0005841, 0.0009625, 0.0009328, 0.0005467, 0.00033, 0.0005929, 0.0009581, 0.0009471000000000001, 0.0005412, 0.0003289, 0.0005885, 0.0009636, 0.0009317, 0.0005467, 0.00031790000000000003, 0.0005951, 0.0009636, 0.0009438000000000001, 0.0005434, 0.0003146, 0.0005984, 0.0009636, 0.0009383000000000001, 0.0005478, 0.0003256, 0.0005918000000000001, 0.0009724, 0.0009361, 0.0005522, 0.00032010000000000003, 0.0005918000000000001, 0.0009691000000000001, 0.0009405, 0.0005368, 0.0003256, 0.0005841, 0.0009625, 0.000924, 0.00055, 0.00032230000000000003, 0.0005918000000000001, 0.0009515000000000001, 0.0009339000000000001, 0.0005434, 0.0003267, 0.0005830000000000001, 0.0009559000000000001, 0.0009306000000000001, 0.0005401000000000001, 0.00032230000000000003, 0.0005907, 0.0009581, 0.0009361, 0.0005489000000000001, 0.00032450000000000003, 0.000594, 0.0009603000000000001, 0.0009383000000000001, 0.0005456, 0.0003168, 0.0006050000000000001, 0.0009559000000000001, 0.0009405, 0.0005456, 0.0003344, 0.0005962000000000001, 0.0009592, 0.0009383000000000001, 0.0005522, 0.00032450000000000003, 0.0006006000000000001, 0.0009625, 0.0009350000000000001, 0.0005588, 0.0003289, 0.0005929, 0.0009526000000000001, 0.0009328, 0.0005489000000000001, 0.0003267, 0.000594, 0.0009559000000000001, 0.0009372, 0.0005511, 0.00031570000000000003, 0.0006017, 0.0009504, 0.0009394000000000001, 0.0005445000000000001, 0.0003311, 0.0006006000000000001, 0.0009548, 0.0009284, 0.0005467, 0.00032230000000000003, 0.0005962000000000001, 0.0009515000000000001, 0.0009361, 0.0005456, 0.0003256, 0.0005907, 0.0009548, 0.0009306000000000001, 0.0005379, 0.0003234, 0.0005885, 0.0009625, 0.0009350000000000001, 0.0005467, 0.00033, 0.0005962000000000001, 0.0009548, 0.0009328, 0.0005445000000000001, 0.0003278, 0.0005918000000000001, 0.0009658000000000001, 0.0009284, 0.0005522, 0.0003355, 0.0006006000000000001, 0.0009570000000000001, 0.0009328, 0.0005544, 0.0003234, 0.0005918000000000001, 0.0009636, 0.000946, 0.0005434, 0.0003344, 0.0006017, 0.0009614000000000001, 0.0009416, 0.0005566, 0.0003267, 0.0005995, 0.0009592, 0.0009251000000000001, 0.0005434, 0.00032230000000000003, 0.000594, 0.0009636, 0.0009262000000000001, 0.0005632, 0.0003234, 0.0005819, 0.0009570000000000001, 0.0009306000000000001, 0.0005434, 0.00032230000000000003, 0.0005852, 0.0009647000000000001, 0.0009295000000000001, 0.0005533000000000001, 0.0003366, 0.0005929, 0.0009636, 0.0009273, 0.0005489000000000001, 0.00033, 0.0006039, 0.0009592, 0.0009372, 0.0005368, 0.00032230000000000003, 0.0006006000000000001, 0.0009647000000000001, 0.0009350000000000001, 0.0005467, 0.00031790000000000003, 0.0005907, 0.0009614000000000001, 0.0009229, 0.0005478, 0.0003355, 0.0005984, 0.0009548, 0.0009284, 0.0005522, 0.0003289, 0.0005929, 0.0009603000000000001, 0.0009295000000000001, 0.0005434, 0.00032230000000000003, 0.0005918000000000001, 0.0009625, 0.0009339000000000001, 0.0005423, 0.0003366, 0.0006006000000000001, 0.0009625, 0.0009394000000000001, 0.0005467, 0.00032230000000000003, 0.0005929, 0.000968, 0.0009438000000000001, 0.0005445000000000001, 0.0003289, 0.0005984, 0.0009625, 0.0009229, 0.0005401000000000001, 0.0003234, 0.0005984, 0.000968, 0.0009372, 0.0005445000000000001, 0.0003278, 0.0005962000000000001, 0.0009581, 0.0009350000000000001, 0.0005456, 0.0003256, 0.0005951, 0.000968, 0.0009328, 0.0005423, 0.0003278, 0.0005951, 0.0009658000000000001, 0.0009372, 0.0005522, 0.0003267, 0.0005973, 0.0009647000000000001, 0.0009438000000000001, 0.0005544, 0.00033, 0.0005951, 0.0009636, 0.0009306000000000001, 0.0005401000000000001, 0.0003311, 0.0005951, 0.0009603000000000001, 0.0009394000000000001, 0.0005467, 0.00032230000000000003, 0.0005984, 0.0009658000000000001, 0.0009339000000000001, 0.0005456, 0.0003289, 0.0005984, 0.0009548, 0.0009394000000000001, 0.0005511, 0.00032010000000000003, 0.0006006000000000001, 0.0009647000000000001, 0.0009218000000000001, 0.0005379, 0.0003311, 0.0005962000000000001, 0.0009658000000000001, 0.0009427000000000001, 0.0005434, 0.0003311, 0.0005951, 0.0009636, 0.0009361, 0.0005467, 0.00032230000000000003, 0.0005995, 0.0009603000000000001, 0.000924, 0.0005423, 0.0003322, 0.0005929, 0.0009746, 0.0009339000000000001, 0.0005456, 0.0003289, 0.0005929, 0.0009526000000000001, 0.0009383000000000001, 0.0005346, 0.0003212, 0.0005995, 0.000968, 0.0009361, 0.0005456, 0.00033, 0.0005973, 0.0009603000000000001, 0.0009350000000000001, 0.0005456, 0.0003344, 0.0005995, 0.0009570000000000001, 0.0009229, 0.0005456, 0.0003322, 0.0005929, 0.0009702000000000001, 0.0009328, 0.0005456, 0.0003311, 0.000594, 0.0009647000000000001, 0.0009394000000000001, 0.0005489000000000001, 0.0003212, 0.0005962000000000001, 0.0009647000000000001, 0.0009328, 0.0005489000000000001, 0.00032010000000000003, 0.0006050000000000001, 0.0009636, 0.0009295000000000001, 0.0005456, 0.00033, 0.0005995, 0.0009581, 0.0009361, 0.0005434, 0.000319, 0.0005929, 0.0009625, 0.0009339000000000001, 0.0005445000000000001, 0.0003344, 0.0005918000000000001, 0.0009702000000000001, 0.0009328, 0.0005434, 0.00032230000000000003, 0.0005951, 0.0009658000000000001, 0.0009306000000000001, 0.0005434, 0.00031570000000000003, 0.000594, 0.0009691000000000001, 0.0009262000000000001, 0.00055, 0.0003344, 0.0005962000000000001, 0.0009515000000000001, 0.0009262000000000001, 0.0005379, 0.00033, 0.0006017, 0.0009515000000000001, 0.0009284, 0.0005401000000000001, 0.0003366, 0.0006017, 0.0009592, 0.0009229, 0.0005434, 0.0003168, 0.0005951, 0.0009658000000000001, 0.0009339000000000001, 0.0005423, 0.0003234, 0.0005929, 0.0009614000000000001, 0.0009339000000000001, 0.000539, 0.00032450000000000003]",10
46,"[-0.0001397, -9.680000000000001e-05, -9.900000000000001e-05, -0.0001221, -0.000165, -0.0001507, -0.0001056, -8.58e-05, -0.0001331, -0.0001496, -0.0001463, -0.0001089, -8.8e-05, -0.0001309, -0.0001639, -0.0001474, -9.900000000000001e-05, -9.240000000000001e-05, -0.0001254, -0.0001672, -0.0001529, -0.0001166, -0.0001023, -0.0001342, -0.0001595, -0.000143, -0.0001078, -8.69e-05, -0.000132, -0.0001606, -0.0001507, -0.0001144, -9.240000000000001e-05, -0.0001276, -0.000165, -0.0001529, -0.0001122, -9.680000000000001e-05, -0.0001243, -0.000165, -0.0001463, -0.0001045, -8.58e-05, -0.0001265, -0.0001639, -0.0001452, -0.0001078, -9.680000000000001e-05, -0.0001287, -0.0001562, -0.0001507, -0.0001089, -8.910000000000001e-05, -0.0001364, -0.0001606, -0.0001551, -0.00010120000000000001, -9.130000000000001e-05, -0.0001342, -0.0001628, -0.0001474, -0.0001067, -9.900000000000001e-05, -0.0001298, -0.000154, -0.0001474, -0.0001067, -9.350000000000001e-05, -0.000132, -0.0001639, -0.000154, -9.680000000000001e-05, -9.570000000000001e-05, -0.0001342, -0.0001672, -0.0001529, -0.0001045, -9.570000000000001e-05, -0.0001265, -0.0001694, -0.0001496, -0.0001122, -9.790000000000001e-05, -0.0001331, -0.0001639, -0.0001441, -9.900000000000001e-05, -8.69e-05, -0.0001331, -0.0001683, -0.0001441, -0.00010120000000000001, -9.130000000000001e-05, -0.0001243, -0.0001628, -0.0001452, -0.00011, -9.460000000000001e-05, -0.0001298, -0.0001617, -0.0001496, -0.0001045, -9.790000000000001e-05, -0.000132, -0.0001628, -0.0001452, -0.0001045, -9.900000000000001e-05, -0.0001221, -0.0001749, -0.0001562, -0.0001034, -8.8e-05, -0.0001342, -0.0001639, -0.0001496, -0.0001089, -9.790000000000001e-05, -0.0001265, -0.0001738, -0.0001507, -0.0001111, -9.900000000000001e-05, -0.0001331, -0.000165, -0.0001474, -0.0001023, -9.240000000000001e-05, -0.0001243, -0.0001661, -0.0001496, -0.00010120000000000001, -9.570000000000001e-05, -0.0001309, -0.0001573, -0.0001496, -0.0001067, -0.0001023, -0.0001199, -0.0001595, -0.0001485, -0.0001188, -0.0001023, -0.0001298, -0.000165, -0.0001485, -0.0001067, -9.900000000000001e-05, -0.0001265, -0.0001617, -0.0001562, -0.00011, -8.69e-05, -0.0001331, -0.0001672, -0.000143, -0.0001045, -8.25e-05, -0.0001287, -0.0001595, -0.0001364, -0.0001034, -8.36e-05, -0.0001298, -0.0001705, -0.000143, -0.0001067, -9.130000000000001e-05, -0.0001353, -0.0001617, -0.0001485, -0.0001078, -9.350000000000001e-05, -0.0001287, -0.0001595, -0.0001397, -9.790000000000001e-05, -9.570000000000001e-05, -0.000132, -0.0001628, -0.000154, -0.0001034, -9.460000000000001e-05, -0.0001265, -0.0001485, -0.0001529, -0.0001122, -9.570000000000001e-05, -0.0001276, -0.0001639, -0.0001485, -9.460000000000001e-05, -9.790000000000001e-05, -0.0001243, -0.000165, -0.0001551, -0.0001045, -0.0001023, -0.0001463, -0.0001639, -0.0001474, -0.0001056, -0.00010120000000000001, -0.0001309, -0.0001628, -0.0001452, -0.0001045, -9.680000000000001e-05, -0.0001287, -0.0001617, -0.0001452, -0.0001089, -9.680000000000001e-05, -0.0001309, -0.0001639, -0.0001419, -0.0001067, -0.00010120000000000001, -0.0001243, -0.0001595, -0.0001496, -0.0001122, -0.0001034, -0.000132, -0.0001617, -0.0001562, -0.0001111, -9.570000000000001e-05, -0.0001287, -0.0001606, -0.0001441, -9.900000000000001e-05, -9.680000000000001e-05, -0.0001452, -0.0001727, -0.0001463, -0.0001089, -8.8e-05, -0.0001309, -0.0001584, -0.0001386, -0.0001144, -8.47e-05, -0.0001265, -0.000165, -0.0001518, -0.0001034, -9.350000000000001e-05, -0.0001309, -0.0001606, -0.0001507, -0.0001034, -9.350000000000001e-05, -0.0001309, -0.0001573, -0.0001584, -9.900000000000001e-05, -8.8e-05, -0.0001287, -0.0001683, -0.0001364, -0.0001122, -9.790000000000001e-05, -0.000132, -0.0001683, -0.0001496, -0.0001111, -9.350000000000001e-05, -0.0001265, -0.0001672, -0.0001496, -0.0001133, -9.680000000000001e-05, -0.000121, -0.0001672, -0.0001364, -0.0001067, -9.570000000000001e-05, -0.0001342, -0.0001606, -0.0001463, -0.0001045, -9.680000000000001e-05, -0.0001309, -0.0001507, -0.000154, -0.0001111, -0.00010120000000000001, -0.0001386, -0.0001584, -0.0001518, -0.0001056, -8.58e-05, -0.000132, -0.0001705, -0.0001551, -0.0001111, -9.900000000000001e-05, -0.0001309, -0.0001716, -0.0001441, -0.0001111, -9.570000000000001e-05, -0.0001353, -0.0001551, -0.0001529, -0.000121, -9.240000000000001e-05, -0.0001342, -0.0001617, -0.0001485, -0.0001034, -0.0001045, -0.000132, -0.000176, -0.0001551, -0.00010120000000000001, -0.00010010000000000001, -0.0001276, -0.0001584, -0.0001463, -0.0001056, -9.130000000000001e-05, -0.0001364, -0.0001606, -0.0001485, -0.0001034, -9.900000000000001e-05, -0.0001353, -0.0001595, -0.000143, -0.00010010000000000001, -9.020000000000001e-05, -0.0001298, -0.0001716, -0.0001474, -0.0001067, -8.69e-05, -0.000121, -0.0001617, -0.0001617, -0.00010120000000000001, -8.8e-05, -0.000121, -0.0001617, -0.0001518, -0.00010010000000000001, -8.36e-05, -0.0001375, -0.0001617, -0.000143, -0.0001089, -9.460000000000001e-05, -0.0001298, -0.000165, -0.0001485, -0.00010120000000000001, -9.460000000000001e-05, -0.0001353, -0.0001573, -0.0001441, -0.0001045, -8.8e-05, -0.0001364, -0.0001595, -0.0001507, -0.0001034, -0.00010010000000000001, -0.0001287, -0.0001672, -0.0001496, -0.0001056, -9.130000000000001e-05, -0.0001276, -0.0001639, -0.0001485, -0.0001056, -0.0001045, -0.0001265, -0.0001617, -0.0001419, -9.570000000000001e-05, -8.910000000000001e-05, -0.0001298, -0.0001595, -0.0001529, -0.0001111, -0.00010120000000000001, -0.0001386, -0.0001617, -0.0001441, -0.0001045, -9.240000000000001e-05, -0.0001342, -0.0001727, -0.0001463, -9.790000000000001e-05, -9.130000000000001e-05, -0.000121, -0.0001727, -0.0001474, -0.0001056, -9.240000000000001e-05, -0.0001353, -0.000154, -0.0001507, -0.0001078, -9.570000000000001e-05, -0.0001309, -0.0001595, -0.0001518, -0.00011, -8.69e-05, -0.0001342, -0.0001606, -0.0001518, -0.0001111, -8.8e-05, -0.0001331, -0.0001584, -0.0001661, -0.0001067, -8.910000000000001e-05, -0.0001265, -0.0001617, -0.0001474, -0.0001067, -0.00010120000000000001, -0.0001364, -0.0001628, -0.0001529, -0.0001144, -0.0001045, -0.0001364, -0.0001606, -0.0001551, -9.680000000000001e-05, -8.47e-05, -0.0001298, -0.0001562, -0.0001573, -0.0001144, -8.36e-05, -0.0001309, -0.0001727, -0.0001496, -0.0001034, -0.00010010000000000001, -0.0001364, -0.0001606, -0.0001507, -9.570000000000001e-05, -9.680000000000001e-05, -0.0001298, -0.0001628, -0.0001496, -9.790000000000001e-05, -0.00010010000000000001, -0.0001342, -0.000154, -0.0001474, -0.0001089, -8.69e-05, -0.0001364, -0.0001705, -0.0001441, -0.0001122, -9.240000000000001e-05, -0.0001386, -0.0001628, -0.0001529, -0.0001056, -9.460000000000001e-05, -0.0001287, -0.0001617, -0.0001419, -9.790000000000001e-05, -9.570000000000001e-05, -0.0001408, -0.0001716, -0.0001507, -0.0001122, -9.900000000000001e-05, -0.0001309, -0.0001628, -0.0001441, -0.0001089, -9.900000000000001e-05, -0.0001342, -0.0001661, -0.0001463, -0.0001056, -0.0001034, -0.0001298, -0.0001595, -0.0001518, -0.0001078, -9.680000000000001e-05, -0.0001287, -0.0001694]","[-0.0002134, -0.0001738, -0.0001441, -0.0001694, -0.0002145, -0.0002134, -0.0001683, -0.0001419, -0.000165, -0.0002189, -0.0002167, -0.00017710000000000002, -0.0001353, -0.0001661, -0.0002046, -0.0002101, -0.0001694, -0.0001364, -0.000165, -0.0002156, -0.00022, -0.0001683, -0.000132, -0.0001573, -0.0002101, -0.0002123, -0.00017930000000000002, -0.0001386, -0.0001628, -0.0002167, -0.0002244, -0.0001705, -0.0001397, -0.0001694, -0.0002211, -0.0002101, -0.0001606, -0.0001452, -0.0001705, -0.0002167, -0.0002134, -0.0001738, -0.000143, -0.0001518, -0.0002068, -0.0002244, -0.00018260000000000002, -0.0001386, -0.0001595, -0.0002123, -0.0002167, -0.0001672, -0.0001397, -0.0001584, -0.0002123, -0.0002178, -0.00017820000000000002, -0.0001287, -0.0001595, -0.0002101, -0.0002145, -0.0001694, -0.0001397, -0.0001606, -0.000209, -0.0002145, -0.00017710000000000002, -0.0001353, -0.0001672, -0.0002079, -0.0002156, -0.0001672, -0.0001386, -0.0001617, -0.0002101, -0.0002244, -0.0001738, -0.0001364, -0.0001573, -0.0002101, -0.0002211, -0.0001639, -0.000143, -0.0001606, -0.0002211, -0.0002134, -0.0001738, -0.0001342, -0.0001639, -0.0002101, -0.0002079, -0.00017930000000000002, -0.000143, -0.000165, -0.0002211, -0.0002134, -0.0001727, -0.0001452, -0.0001661, -0.0002057, -0.0002178, -0.0001705, -0.0001408, -0.000154, -0.0002123, -0.0002233, -0.0001705, -0.0001353, -0.000165, -0.0002123, -0.0002079, -0.0001705, -0.0001408, -0.0001617, -0.0002167, -0.0002112, -0.0001628, -0.0001474, -0.00017710000000000002, -0.0002145, -0.0002266, -0.0001694, -0.0001364, -0.0001639, -0.0002189, -0.0002178, -0.000176, -0.0001397, -0.0001595, -0.0002145, -0.0002211, -0.0001661, -0.0001353, -0.0001606, -0.00020130000000000001, -0.0002134, -0.0001738, -0.0001386, -0.0001551, -0.0002123, -0.0002211, -0.0001716, -0.0001397, -0.0001584, -0.0002178, -0.0002189, -0.00017820000000000002, -0.0001342, -0.0001617, -0.0002112, -0.0002101, -0.0001639, -0.0001397, -0.0001661, -0.0002101, -0.0002112, -0.0001749, -0.0001353, -0.0001683, -0.000209, -0.0002156, -0.00017710000000000002, -0.000143, -0.0001595, -0.0002189, -0.0002244, -0.0001628, -0.0001386, -0.0001617, -0.000209, -0.0002134, -0.00017710000000000002, -0.0001309, -0.0001661, -0.0002134, -0.0002178, -0.0001727, -0.0001408, -0.0001595, -0.0002145, -0.0002178, -0.0001683, -0.0001353, -0.0001727, -0.0002156, -0.0002222, -0.000176, -0.000132, -0.0001705, -0.0002046, -0.00022, -0.0001727, -0.0001375, -0.0001672, -0.0002101, -0.0002178, -0.00017930000000000002, -0.0001386, -0.0001617, -0.0002178, -0.0002233, -0.0001694, -0.0001375, -0.0001617, -0.0002123, -0.0002222, -0.0001738, -0.0001397, -0.000176, -0.0002123, -0.0002233, -0.0001738, -0.0001331, -0.0001628, -0.0002134, -0.0002046, -0.0001727, -0.0001353, -0.0001672, -0.0002079, -0.0002167, -0.00017930000000000002, -0.0001441, -0.0001694, -0.0002145, -0.0002134, -0.0001672, -0.0001353, -0.0001672, -0.0002145, -0.0002266, -0.0001617, -0.0001331, -0.0001628, -0.0002189, -0.0002167, -0.0001573, -0.0001408, -0.000165, -0.0002112, -0.0002101, -0.0001705, -0.0001353, -0.0001716, -0.0002145, -0.0002222, -0.00018260000000000002, -0.0001408, -0.0001628, -0.0002057, -0.0002167, -0.0001694, -0.0001342, -0.0001672, -0.0002167, -0.0002255, -0.0001738, -0.0001364, -0.000165, -0.0002134, -0.0002167, -0.0001683, -0.0001342, -0.0001606, -0.00022, -0.0002145, -0.0001749, -0.0001298, -0.0001529, -0.0002112, -0.0002101, -0.0001672, -0.000143, -0.000165, -0.0002189, -0.0002112, -0.000176, -0.0001364, -0.0001639, -0.0002266, -0.0002167, -0.0001749, -0.0001386, -0.0001661, -0.0002112, -0.0002068, -0.0001727, -0.0001364, -0.0001672, -0.00022, -0.0002134, -0.0001749, -0.0001331, -0.0001694, -0.0002145, -0.0002134, -0.0001683, -0.0001353, -0.0001661, -0.0002134, -0.0002233, -0.0001716, -0.0001397, -0.0001606, -0.0002145, -0.0002189, -0.0001716, -0.0001364, -0.0001551, -0.0002134, -0.0002101, -0.0001738, -0.0001309, -0.0001727, -0.0002167, -0.0002112, -0.0001694, -0.0001452, -0.0001628, -0.0002112, -0.0002211, -0.0001705, -0.0001441, -0.0001617, -0.0002123, -0.00022, -0.00017710000000000002, -0.0001375, -0.0001628, -0.0002145, -0.0002134, -0.0001716, -0.0001375, -0.000165, -0.0002134, -0.0002222, -0.0001606, -0.0001441, -0.0001716, -0.0002134, -0.0002211, -0.0001738, -0.0001386, -0.0001606, -0.00022, -0.0002167, -0.00018370000000000002, -0.0001331, -0.0001705, -0.0002145, -0.00022, -0.000176, -0.0001408, -0.0001529, -0.000209, -0.0002145, -0.00018150000000000002, -0.000143, -0.0001639, -0.0002123, -0.0002156, -0.0001683, -0.0001287, -0.0001694, -0.0002145, -0.00022, -0.0001694, -0.0001331, -0.0001628, -0.0002057, -0.0002145, -0.0001727, -0.000132, -0.0001518, -0.0002189, -0.0002189, -0.00017710000000000002, -0.0001309, -0.0001617, -0.0002156, -0.0002211, -0.0001672, -0.0001419, -0.0001705, -0.0002068, -0.0002156, -0.0001694, -0.0001331, -0.0001595, -0.000209, -0.0002156, -0.0001694, -0.0001474, -0.0001617, -0.0002222, -0.0002211, -0.000176, -0.0001342, -0.0001672, -0.0002101, -0.00022, -0.0001716, -0.0001331, -0.0001694, -0.0002156, -0.0002222, -0.00017820000000000002, -0.0001386, -0.0001672, -0.0002079, -0.0002156, -0.0001738, -0.0001353, -0.0001617, -0.0002178, -0.0002079, -0.0001661, -0.000143, -0.0001628, -0.0002123, -0.00022, -0.0001738, -0.000132, -0.0001661, -0.0002178, -0.0002178, -0.000165, -0.000143, -0.0001617, -0.0002145, -0.0002233, -0.0001749, -0.000132, -0.0001628, -0.0002123, -0.0002244, -0.00018480000000000002, -0.0001331, -0.0001639, -0.0002156, -0.0002189, -0.0001683, -0.0001397, -0.0001749, -0.0002156, -0.0002123, -0.000165, -0.0001408, -0.00017710000000000002, -0.000209, -0.0002222, -0.000176, -0.0001364, -0.0001606, -0.0002112, -0.0002167, -0.0001727, -0.0001353, -0.0001584, -0.0002134, -0.0002167, -0.0001749, -0.000143, -0.0001672, -0.0002123, -0.0002156, -0.0001727, -0.0001364, -0.0001617, -0.0002079, -0.0002178, -0.0001683, -0.0001243, -0.0001672, -0.0002244, -0.0002178, -0.0001606, -0.0001386, -0.0001639, -0.0002112, -0.0002145, -0.0001661, -0.0001353, -0.0001639, -0.000209, -0.0002233, -0.0001716, -0.0001397, -0.0001727, -0.0002079, -0.0002211, -0.0001749, -0.0001419, -0.000165, -0.0002156, -0.0002068, -0.0001727, -0.0001331, -0.0001584, -0.0002167]","[0.0009295000000000001, 0.0005401000000000001, 0.0003311, 0.0006105, 0.0009724, 0.0009339000000000001, 0.0005467, 0.0003212, 0.0006105, 0.000979, 0.0009251000000000001, 0.0005368, 0.0003388, 0.0006105, 0.0009669, 0.0009306000000000001, 0.0005247, 0.0003333, 0.0006226000000000001, 0.0009812, 0.0009372, 0.0005423, 0.0003377, 0.0006171, 0.0009779, 0.0009306000000000001, 0.0005412, 0.00032450000000000003, 0.0006182000000000001, 0.000979, 0.0009262000000000001, 0.0005368, 0.0003256, 0.0006171, 0.0009834, 0.0009339000000000001, 0.0005346, 0.00033, 0.0006138000000000001, 0.0009845000000000001, 0.0009262000000000001, 0.0005401000000000001, 0.0003322, 0.0006149, 0.0009779, 0.0009339000000000001, 0.0005313000000000001, 0.00032450000000000003, 0.0006138000000000001, 0.0009812, 0.0009361, 0.000539, 0.0003212, 0.0006105, 0.0009713, 0.0009229, 0.0005368, 0.0003311, 0.000616, 0.0009691000000000001, 0.0009383000000000001, 0.0005357000000000001, 0.0003267, 0.0006094000000000001, 0.0009878, 0.0009262000000000001, 0.0005379, 0.0003311, 0.0006259, 0.0009768, 0.0009328, 0.0005412, 0.0003256, 0.000616, 0.0009768, 0.0009262000000000001, 0.0005346, 0.00033, 0.000616, 0.0009779, 0.0009273, 0.0005357000000000001, 0.0003344, 0.0006127, 0.0009746, 0.0009317, 0.0005401000000000001, 0.0003311, 0.0006138000000000001, 0.0009757, 0.0009339000000000001, 0.0005456, 0.00031790000000000003, 0.0006149, 0.0009779, 0.0009383000000000001, 0.00055, 0.0003311, 0.0006149, 0.0009757, 0.0009383000000000001, 0.0005335, 0.0003322, 0.0006292, 0.0009691000000000001, 0.0009339000000000001, 0.0005357000000000001, 0.0003355, 0.0006127, 0.0009669, 0.0009251000000000001, 0.0005291, 0.00032230000000000003, 0.0006215, 0.0009779, 0.0009394000000000001, 0.0005445000000000001, 0.0003333, 0.0006149, 0.0009801, 0.0009229, 0.0005324, 0.00033, 0.0006182000000000001, 0.0009823, 0.0009328, 0.0005379, 0.0003278, 0.0006105, 0.00099, 0.0009493, 0.0005368, 0.0003322, 0.0006149, 0.000979, 0.0009306000000000001, 0.0005357000000000001, 0.0003267, 0.000616, 0.0009801, 0.0009405, 0.0005379, 0.0003289, 0.0006259, 0.0009691000000000001, 0.0009207000000000001, 0.0005335, 0.00032230000000000003, 0.0006138000000000001, 0.0009823, 0.000946, 0.0005313000000000001, 0.0003267, 0.0006105, 0.0009702000000000001, 0.0009317, 0.0005357000000000001, 0.0003256, 0.0006171, 0.0009757, 0.0009295000000000001, 0.0005357000000000001, 0.0003256, 0.0006094000000000001, 0.0009867, 0.0009339000000000001, 0.000539, 0.0003366, 0.0006182000000000001, 0.0009768, 0.0009383000000000001, 0.0005346, 0.0003267, 0.000616, 0.0009735000000000001, 0.0009317, 0.0005368, 0.00033, 0.0006149, 0.0009735000000000001, 0.0009328, 0.0005379, 0.0003399, 0.0006259, 0.0009746, 0.0009328, 0.0005313000000000001, 0.0003366, 0.0006138000000000001, 0.0009724, 0.0009328, 0.0005357000000000001, 0.0003278, 0.0006116, 0.0009746, 0.0009284, 0.0005225000000000001, 0.0003454, 0.0006105, 0.0009779, 0.0009328, 0.0005313000000000001, 0.0003344, 0.0006149, 0.0009746, 0.0009394000000000001, 0.0005247, 0.0003289, 0.000616, 0.0009856, 0.0009394000000000001, 0.0005291, 0.0003256, 0.0006226000000000001, 0.0009768, 0.0009438000000000001, 0.0005423, 0.0003267, 0.0006116, 0.0009724, 0.0009273, 0.0005313000000000001, 0.0003388, 0.0006204, 0.0009724, 0.0009427000000000001, 0.0005324, 0.0003322, 0.0006094000000000001, 0.0009735000000000001, 0.0009361, 0.0005379, 0.00033, 0.0006204, 0.0009647000000000001, 0.0009372, 0.0005368, 0.0003388, 0.0006193, 0.0009801, 0.0009273, 0.0005379, 0.000341, 0.000616, 0.0009845000000000001, 0.0009218000000000001, 0.0005346, 0.0003333, 0.0006171, 0.0009658000000000001, 0.0009207000000000001, 0.0005225000000000001, 0.0003355, 0.0006325, 0.0009779, 0.000924, 0.0005456, 0.0003344, 0.0006226000000000001, 0.0009757, 0.0009284, 0.0005412, 0.0003344, 0.0006149, 0.0009867, 0.0009339000000000001, 0.0005357000000000001, 0.0003377, 0.0006149, 0.0009856, 0.0009317, 0.000539, 0.0003377, 0.0006083, 0.0009823, 0.0009306000000000001, 0.0005247, 0.0003355, 0.000616, 0.0009801, 0.0009427000000000001, 0.0005302, 0.0003355, 0.0006215, 0.0009812, 0.0009372, 0.0005324, 0.0003366, 0.000616, 0.0009801, 0.0009328, 0.0005456, 0.0003355, 0.0006237, 0.0009702000000000001, 0.0009251000000000001, 0.0005302, 0.0003399, 0.0006094000000000001, 0.0009856, 0.0009361, 0.0005357000000000001, 0.0003322, 0.0006237, 0.000979, 0.0009350000000000001, 0.000528, 0.0003366, 0.0006226000000000001, 0.0009746, 0.0009317, 0.0005313000000000001, 0.0003366, 0.0006204, 0.0009746, 0.0009185, 0.0005335, 0.00033, 0.0006171, 0.0009746, 0.0009262000000000001, 0.0005379, 0.0003267, 0.0006226000000000001, 0.0009779, 0.0009306000000000001, 0.0005313000000000001, 0.0003421, 0.000616, 0.000979, 0.0009218000000000001, 0.0005291, 0.0003366, 0.0006226000000000001, 0.0009735000000000001, 0.0009284, 0.0005379, 0.0003333, 0.0006215, 0.00099, 0.0009427000000000001, 0.0005302, 0.0003333, 0.0006171, 0.0009746, 0.0009317, 0.0005401000000000001, 0.0003333, 0.000616, 0.0009801, 0.0009317, 0.0005302, 0.00032450000000000003, 0.0006292, 0.0009768, 0.0009394000000000001, 0.0005335, 0.00033, 0.0006248, 0.0009658000000000001, 0.0009317, 0.0005247, 0.0003388, 0.0006248, 0.0009713, 0.0009295000000000001, 0.0005401000000000001, 0.00032450000000000003, 0.0006303, 0.0009801, 0.0009284, 0.0005357000000000001, 0.0003399, 0.0006182000000000001, 0.000979, 0.0009306000000000001, 0.0005335, 0.0003311, 0.0006171, 0.0009812, 0.0009284, 0.0005368, 0.00033, 0.0006171, 0.0009889, 0.0009317, 0.0005302, 0.0003399, 0.0006182000000000001, 0.000979, 0.0009262000000000001, 0.0005346, 0.0003322, 0.0006237, 0.000979, 0.0009427000000000001, 0.0005401000000000001, 0.0003377, 0.0006105, 0.000979, 0.0009405, 0.000528, 0.0003289, 0.0006182000000000001, 0.0009724, 0.0009317, 0.000528, 0.00033, 0.0006171, 0.0009867, 0.0009306000000000001, 0.0005269000000000001, 0.0003311, 0.0006347000000000001, 0.0009757, 0.000924, 0.000539, 0.0003322, 0.0006138000000000001, 0.0009691000000000001, 0.0009361, 0.0005368, 0.0003212, 0.0006237, 0.0009768, 0.0009306000000000001, 0.0005346, 0.00033, 0.0006314000000000001, 0.0009867, 0.0009196, 0.0005324, 0.00032450000000000003, 0.0006193, 0.0009845000000000001, 0.0009339000000000001, 0.0005346, 0.0003278, 0.0006171, 0.0009702000000000001, 0.0009273, 0.0005225000000000001, 0.0003311, 0.0006215, 0.000979, 0.0009317, 0.000528, 0.0003355, 0.0006193, 0.0009823, 0.0009295000000000001, 0.0005291, 0.00033, 0.0006248, 0.0009746, 0.000924, 0.0005368, 0.00033, 0.0006237, 0.0009823, 0.0009306000000000001, 0.0005368, 0.0003267, 0.0006215, 0.000979, 0.0009350000000000001, 0.0005324, 0.00033, 0.0006182000000000001, 0.0009757, 0.0009328, 0.0005357000000000001, 0.00033, 0.0006270000000000001, 0.0009757, 0.0009317, 0.0005335, 0.0003377, 0.0006204, 0.0009856, 0.0009339000000000001, 0.0005379, 0.00032450000000000003, 0.000616, 0.0009834, 0.0009284, 0.0005412, 0.0003366, 0.0006215, 0.0009779, 0.0009229, 0.0005346, 0.0003366, 0.000616, 0.0009757, 0.0009328, 0.0005258, 0.00032230000000000003, 0.000616, 0.0009834]",11
47,"[-0.0001716, -0.0001419, -0.0001144, -9.790000000000001e-05, -0.0001397, -0.0001595, -0.0001507, -0.0001067, -0.0001056, -0.0001342, -0.000165, -0.0001595, -0.0001177, -9.680000000000001e-05, -0.0001419, -0.0001749, -0.0001584, -0.0001089, -0.00010010000000000001, -0.0001463, -0.0001705, -0.0001606, -0.0001155, -0.0001034, -0.0001386, -0.0001683, -0.0001551, -0.0001199, -8.910000000000001e-05, -0.0001408, -0.0001749, -0.0001639, -0.0001045, -0.00010120000000000001, -0.0001441, -0.00018480000000000002, -0.0001661, -0.0001122, -9.460000000000001e-05, -0.0001463, -0.00017820000000000002, -0.0001573, -0.0001221, -0.0001056, -0.0001342, -0.00018260000000000002, -0.0001606, -0.0001144, -9.570000000000001e-05, -0.0001342, -0.00017710000000000002, -0.0001672, -0.0001166, -0.00010010000000000001, -0.0001375, -0.0001727, -0.0001584, -0.000121, -0.0001034, -0.0001386, -0.00018260000000000002, -0.0001518, -0.0001166, -9.680000000000001e-05, -0.0001397, -0.00018700000000000002, -0.0001584, -0.0001056, -9.790000000000001e-05, -0.0001298, -0.00018370000000000002, -0.0001584, -0.0001166, -0.0001034, -0.000143, -0.00018040000000000002, -0.0001617, -0.0001089, -9.570000000000001e-05, -0.0001419, -0.0001727, -0.0001727, -0.0001155, -0.0001056, -0.0001397, -0.00018040000000000002, -0.000165, -0.0001122, -9.460000000000001e-05, -0.000132, -0.0001672, -0.0001639, -0.0001056, -0.0001023, -0.0001386, -0.00017820000000000002, -0.0001639, -0.0001144, -0.0001045, -0.0001518, -0.00018370000000000002, -0.0001551, -9.900000000000001e-05, -0.00010010000000000001, -0.0001419, -0.0001705, -0.0001628, -0.0001056, -9.350000000000001e-05, -0.0001474, -0.0001738, -0.0001485, -0.0001078, -9.790000000000001e-05, -0.000143, -0.0001694, -0.0001639, -0.00011, -9.900000000000001e-05, -0.0001342, -0.00017820000000000002, -0.0001595, -0.0001122, -0.00010010000000000001, -0.0001386, -0.00018370000000000002, -0.0001639, -0.00011, -9.570000000000001e-05, -0.0001353, -0.00017710000000000002, -0.0001584, -0.0001067, -0.00010120000000000001, -0.0001474, -0.00018920000000000002, -0.0001518, -0.0001188, -0.00011, -0.0001364, -0.00018480000000000002, -0.0001551, -0.0001089, -0.00010120000000000001, -0.0001496, -0.0001749, -0.000165, -0.0001144, -9.570000000000001e-05, -0.0001441, -0.00017930000000000002, -0.0001573, -0.0001089, -0.0001034, -0.0001408, -0.000165, -0.000165, -0.0001078, -0.00010010000000000001, -0.0001397, -0.00018150000000000002, -0.0001606, -0.0001067, -9.900000000000001e-05, -0.000143, -0.00017930000000000002, -0.0001529, -0.0001111, -0.0001045, -0.0001397, -0.0001672, -0.0001529, -0.0001089, -9.900000000000001e-05, -0.0001518, -0.000176, -0.000154, -0.0001034, -0.0001067, -0.0001419, -0.00018700000000000002, -0.0001584, -0.0001067, -0.0001078, -0.0001386, -0.00017820000000000002, -0.0001529, -0.0001177, -9.350000000000001e-05, -0.0001419, -0.000176, -0.0001529, -0.0001067, -9.020000000000001e-05, -0.0001408, -0.00017820000000000002, -0.0001485, -0.0001133, -9.790000000000001e-05, -0.0001441, -0.00017820000000000002, -0.0001617, -0.0001133, -9.680000000000001e-05, -0.0001496, -0.0001738, -0.0001694, -0.0001056, -0.00010120000000000001, -0.0001485, -0.00018150000000000002, -0.0001562, -0.000121, -0.00010120000000000001, -0.0001386, -0.0001738, -0.0001584, -0.00010120000000000001, -9.570000000000001e-05, -0.0001419, -0.0001705, -0.0001661, -0.0001122, -9.790000000000001e-05, -0.0001375, -0.00017820000000000002, -0.0001518, -0.0001166, -9.460000000000001e-05, -0.0001496, -0.000165, -0.0001639, -0.0001122, -0.0001034, -0.0001452, -0.00018150000000000002, -0.0001485, -0.0001122, -0.0001111, -0.0001386, -0.00018920000000000002, -0.0001606, -0.0001122, -0.00010010000000000001, -0.0001507, -0.0001716, -0.000165, -0.0001034, -0.00010010000000000001, -0.0001375, -0.0001738, -0.0001562, -0.0001199, -9.900000000000001e-05, -0.0001298, -0.0001727, -0.0001628, -0.0001056, -9.130000000000001e-05, -0.000143, -0.0001738, -0.0001639, -0.0001089, -9.680000000000001e-05, -0.0001408, -0.00017710000000000002, -0.0001485, -0.0001122, -9.790000000000001e-05, -0.0001408, -0.00017930000000000002, -0.0001507, -0.0001089, -0.0001034, -0.0001408, -0.00017930000000000002, -0.0001606, -0.0001177, -9.460000000000001e-05, -0.0001419, -0.00018040000000000002, -0.0001628, -0.0001177, -9.790000000000001e-05, -0.000143, -0.00017710000000000002, -0.0001573, -0.0001023, -0.00010120000000000001, -0.0001397, -0.00018480000000000002, -0.0001639, -0.0001067, -9.570000000000001e-05, -0.0001397, -0.00017930000000000002, -0.0001529, -0.0001056, -9.680000000000001e-05, -0.0001397, -0.00018370000000000002, -0.0001485, -0.0001155, -9.900000000000001e-05, -0.0001408, -0.00018260000000000002, -0.0001573, -0.0001089, -0.00010120000000000001, -0.0001507, -0.0001738, -0.000165, -0.0001133, -8.8e-05, -0.0001364, -0.00017710000000000002, -0.0001628, -0.0001122, -0.00010120000000000001, -0.000143, -0.00017710000000000002, -0.000165, -0.0001056, -0.0001023, -0.0001375, -0.0001727, -0.0001573, -0.0001067, -0.00010010000000000001, -0.0001441, -0.0001749, -0.0001672, -0.0001144, -0.0001111, -0.0001364, -0.0001716, -0.0001562, -0.0001034, -0.0001056, -0.0001419, -0.0001716, -0.0001562, -0.0001166, -0.0001089, -0.0001496, -0.00017710000000000002, -0.000154, -0.0001155, -9.790000000000001e-05, -0.0001452, -0.0001705, -0.0001529, -0.0001067, -0.0001056, -0.0001309, -0.00017710000000000002, -0.0001573, -0.0001232, -8.8e-05, -0.0001518, -0.00018040000000000002, -0.0001518, -0.0001034, -0.0001034, -0.0001298, -0.0001716, -0.0001617, -0.0001089, -0.0001067, -0.000143, -0.00017820000000000002, -0.0001606, -0.0001166, -8.25e-05, -0.0001331, -0.000176, -0.0001606, -0.00011, -0.00010120000000000001, -0.0001419, -0.00018480000000000002, -0.0001551, -0.0001078, -9.570000000000001e-05, -0.0001441, -0.00018370000000000002, -0.0001584, -0.0001111, -0.0001056, -0.0001375, -0.00017820000000000002, -0.0001606, -0.0001034, -0.0001078, -0.0001386, -0.0001727, -0.0001617, -0.0001067, -9.790000000000001e-05, -0.0001386, -0.00017820000000000002, -0.0001606, -0.00011, -0.0001045, -0.0001496, -0.00018480000000000002, -0.0001639, -0.0001155, -9.790000000000001e-05, -0.0001529, -0.0001716, -0.000154, -0.0001089, -9.350000000000001e-05, -0.000143, -0.000176, -0.0001562, -0.0001177, -9.240000000000001e-05, -0.0001441, -0.00018150000000000002, -0.0001606, -0.0001078, -0.00010010000000000001, -0.0001441, -0.00017820000000000002, -0.0001518, -0.0001078, -0.00010010000000000001, -0.0001463, -0.00017930000000000002, -0.0001661, -0.0001034, -0.0001023, -0.0001397, -0.00017710000000000002, -0.0001573, -0.0001122, -9.460000000000001e-05, -0.0001452, -0.00018480000000000002, -0.0001639, -0.0001067, -9.680000000000001e-05, -0.0001463, -0.00018810000000000002, -0.0001584, -0.0001133, -0.0001056, -0.0001353, -0.0001749, -0.0001639, -0.0001089, -0.00010010000000000001, -0.0001507, -0.00017930000000000002, -0.000154, -0.0001199, -0.0001023, -0.0001452, -0.0001749, -0.0001595, -0.0001199, -9.900000000000001e-05, -0.0001419, -0.00017710000000000002, -0.0001507, -0.0001078, -9.350000000000001e-05, -0.0001441, -0.00018260000000000002, -0.0001584, -0.0001067, -9.790000000000001e-05, -0.0001408, -0.0001738, -0.0001551, -0.00010010000000000001, -0.0001067, -0.000132, -0.0001727, -0.0001595, -0.0001166, -0.0001023, -0.0001364, -0.00017930000000000002, -0.0001584, -0.0001056, -9.900000000000001e-05, -0.0001474, -0.000176, -0.0001518, -0.00011, -0.00011, -0.0001419, -0.0001727, -0.0001573, -0.0001089, -9.350000000000001e-05, -0.0001408]","[-0.0002211, -0.0002156, -0.0001683, -0.0001276, -0.0001639, -0.0002156, -0.0002068, -0.0001738, -0.0001397, -0.0001661, -0.00020240000000000001, -0.0002178, -0.0001639, -0.0001364, -0.0001573, -0.0002211, -0.0002134, -0.0001705, -0.0001452, -0.0001738, -0.000209, -0.0002134, -0.000176, -0.0001419, -0.0001584, -0.0002101, -0.0002189, -0.0001595, -0.0001364, -0.0001584, -0.0002156, -0.0002189, -0.00017820000000000002, -0.0001419, -0.000165, -0.0002134, -0.0002123, -0.0001694, -0.0001342, -0.0001617, -0.0002112, -0.0002156, -0.0001617, -0.0001419, -0.0001628, -0.0002134, -0.0002156, -0.0001749, -0.0001287, -0.0001705, -0.0002178, -0.000231, -0.0001694, -0.0001408, -0.0001573, -0.0002167, -0.0002189, -0.0001738, -0.0001276, -0.0001683, -0.0002189, -0.0002156, -0.00018040000000000002, -0.0001364, -0.0001628, -0.0002101, -0.0002134, -0.0001672, -0.0001386, -0.0001683, -0.0002178, -0.0002211, -0.0001639, -0.0001342, -0.00017710000000000002, -0.0002167, -0.0002123, -0.0001639, -0.0001254, -0.0001617, -0.0002233, -0.0002244, -0.0001683, -0.0001342, -0.0001661, -0.0002145, -0.0002145, -0.0001683, -0.0001452, -0.0001573, -0.0002145, -0.0002211, -0.00018040000000000002, -0.0001408, -0.0001727, -0.0002068, -0.0002189, -0.0001705, -0.0001397, -0.0001694, -0.000209, -0.0002079, -0.00017710000000000002, -0.000143, -0.0001727, -0.0002222, -0.0002046, -0.0001672, -0.0001331, -0.0001584, -0.0002167, -0.0002167, -0.0001727, -0.0001342, -0.0001694, -0.0002123, -0.000209, -0.0001705, -0.0001375, -0.0001716, -0.0002068, -0.00022, -0.0001639, -0.0001331, -0.0001595, -0.0002167, -0.0002233, -0.00017930000000000002, -0.000132, -0.0001639, -0.0002167, -0.0002156, -0.0001628, -0.0001353, -0.0001628, -0.00020020000000000001, -0.0002134, -0.0001727, -0.0001386, -0.0001716, -0.0002189, -0.0002123, -0.0001738, -0.0001375, -0.0001661, -0.0002145, -0.000209, -0.0001727, -0.0001309, -0.0001716, -0.0002123, -0.0002244, -0.00017710000000000002, -0.0001441, -0.0001606, -0.0002112, -0.0002134, -0.0001661, -0.0001463, -0.0001606, -0.0002145, -0.0002178, -0.0001727, -0.0001364, -0.0001606, -0.0002079, -0.0002189, -0.0001749, -0.0001441, -0.0001639, -0.0002112, -0.0002079, -0.0001683, -0.0001342, -0.0001738, -0.000231, -0.0002211, -0.0001639, -0.0001386, -0.000165, -0.00022, -0.0002244, -0.0001672, -0.0001342, -0.0001705, -0.000209, -0.0002189, -0.0001672, -0.0001309, -0.0001595, -0.0002123, -0.0002057, -0.0001749, -0.0001342, -0.0001573, -0.0002178, -0.0002134, -0.000165, -0.0001408, -0.00017930000000000002, -0.0002244, -0.00022, -0.0001694, -0.0001364, -0.0001749, -0.0002123, -0.0002134, -0.0001727, -0.0001364, -0.0001595, -0.0002134, -0.0002167, -0.0001661, -0.0001342, -0.0001595, -0.0002145, -0.0002167, -0.00017710000000000002, -0.0001408, -0.0001661, -0.0002167, -0.0002222, -0.0001617, -0.0001309, -0.0001661, -0.0002035, -0.0002101, -0.0001738, -0.0001408, -0.0001672, -0.0002211, -0.0002222, -0.0001661, -0.000132, -0.0001683, -0.0002255, -0.0002167, -0.0001683, -0.0001309, -0.0001672, -0.0002211, -0.0002211, -0.000176, -0.0001353, -0.0001683, -0.0002145, -0.0002134, -0.0001606, -0.0001276, -0.0001573, -0.0002288, -0.000209, -0.00017930000000000002, -0.000132, -0.000165, -0.0002156, -0.0002222, -0.0001595, -0.0001309, -0.0001639, -0.0002145, -0.0002189, -0.0001705, -0.000132, -0.0001694, -0.0002134, -0.0002123, -0.0001672, -0.0001331, -0.0001694, -0.0002156, -0.0002167, -0.0001727, -0.0001386, -0.0001672, -0.0002255, -0.0002167, -0.00017710000000000002, -0.0001397, -0.0001749, -0.0002123, -0.0002178, -0.0001727, -0.0001419, -0.0001606, -0.00022, -0.0002112, -0.0001727, -0.0001309, -0.00017820000000000002, -0.0002123, -0.0002112, -0.00017710000000000002, -0.0001353, -0.000165, -0.0002123, -0.0002156, -0.0001606, -0.0001298, -0.000165, -0.0002057, -0.0002178, -0.0001628, -0.000143, -0.0001639, -0.0002156, -0.0002156, -0.0001661, -0.0001309, -0.0001661, -0.0002178, -0.0002178, -0.000165, -0.0001408, -0.000165, -0.0002079, -0.0002134, -0.0001716, -0.0001386, -0.0001639, -0.0002079, -0.0002167, -0.0001694, -0.0001364, -0.000165, -0.0002112, -0.0002156, -0.00018370000000000002, -0.0001397, -0.00017930000000000002, -0.0002211, -0.0002222, -0.0001738, -0.0001364, -0.0001617, -0.0002134, -0.0002112, -0.0001672, -0.0001386, -0.0001694, -0.0002134, -0.0002123, -0.0001628, -0.0001364, -0.0001639, -0.0002222, -0.0002134, -0.0001738, -0.0001386, -0.0001562, -0.0002178, -0.0002178, -0.0001694, -0.000132, -0.0001672, -0.0002112, -0.0002145, -0.0001705, -0.0001331, -0.0001628, -0.0002244, -0.0002211, -0.0001683, -0.0001298, -0.0001694, -0.0002134, -0.0002123, -0.0001727, -0.0001386, -0.0001705, -0.0002101, -0.0002123, -0.0001661, -0.000143, -0.0001694, -0.00022, -0.0002211, -0.0001639, -0.0001529, -0.0001683, -0.0002178, -0.0002156, -0.0001705, -0.0001419, -0.0001705, -0.0002167, -0.00022, -0.000165, -0.0001298, -0.0001705, -0.0002134, -0.0002112, -0.0001727, -0.0001375, -0.0001694, -0.0002134, -0.0002112, -0.0001617, -0.0001254, -0.0001639, -0.0002134, -0.0002123, -0.0001716, -0.0001452, -0.00017930000000000002, -0.0002189, -0.0002244, -0.0001683, -0.0001309, -0.0001562, -0.000209, -0.0002123, -0.0001661, -0.0001375, -0.0001727, -0.0002134, -0.0002145, -0.000165, -0.0001375, -0.0001716, -0.0002244, -0.0002145, -0.0001727, -0.0001375, -0.0001705, -0.0002156, -0.0002134, -0.0001727, -0.0001298, -0.0001683, -0.0002123, -0.0002222, -0.0001562, -0.0001364, -0.0001606, -0.00022, -0.0002112, -0.0001738, -0.0001331, -0.0001672, -0.0002134, -0.0002178, -0.000176, -0.000132, -0.0001595, -0.0002101, -0.0002178, -0.0001628, -0.0001331, -0.0001694, -0.0002134, -0.0002211, -0.0001705, -0.0001386, -0.0001694, -0.0002145, -0.0002134, -0.0001705, -0.0001342, -0.0001661, -0.0002288, -0.0002134, -0.0001573, -0.0001386, -0.0001639, -0.0002156, -0.0002123, -0.0001617, -0.0001331, -0.0001683, -0.0002079, -0.0002145, -0.0001727, -0.0001298, -0.0001639, -0.0002189, -0.0002101, -0.0001716, -0.0001331, -0.0001628, -0.0002112, -0.0002101, -0.0001672, -0.0001375, -0.0001639, -0.0002046, -0.0002211, -0.0001639, -0.0001397, -0.0001672, -0.0002189, -0.0002156, -0.0001683, -0.0001342, -0.0001683, -0.0002222, -0.0002167, -0.000165, -0.0001386, -0.0001562]","[0.0009867, 0.0009174000000000001, 0.0005192, 0.0003333, 0.0006391000000000001, 0.0009856, 0.0009295000000000001, 0.0005214, 0.0003344, 0.0006424, 0.0009867, 0.0009350000000000001, 0.0005302, 0.0003311, 0.0006336, 0.0009933000000000001, 0.0009284, 0.0005269000000000001, 0.0003355, 0.0006435000000000001, 0.0009944, 0.0009350000000000001, 0.0005247, 0.0003443, 0.000638, 0.0009933000000000001, 0.0009317, 0.0005335, 0.0003333, 0.0006512, 0.0009966, 0.0009361, 0.000528, 0.0003377, 0.0006369, 0.0009999, 0.0009482000000000001, 0.0005269000000000001, 0.0003443, 0.0006424, 0.0009955, 0.0009394000000000001, 0.0005247, 0.0003421, 0.000638, 0.0010054, 0.0009295000000000001, 0.0005214, 0.0003366, 0.0006358000000000001, 0.0009966, 0.0009306000000000001, 0.0005368, 0.0003344, 0.0006358000000000001, 0.00099, 0.0009196, 0.0005335, 0.0003333, 0.0006347000000000001, 0.0010021000000000001, 0.0009383000000000001, 0.0005214, 0.0003465, 0.0006468, 0.0009878, 0.0009328, 0.0005247, 0.0003421, 0.0006402000000000001, 0.0009988, 0.0009306000000000001, 0.0005214, 0.0003443, 0.0006468, 0.0009966, 0.0009394000000000001, 0.0005357000000000001, 0.0003322, 0.000638, 0.00099, 0.0009383000000000001, 0.0005247, 0.0003366, 0.0006402000000000001, 0.0009988, 0.0009339000000000001, 0.0005269000000000001, 0.0003377, 0.0006424, 0.0009922000000000002, 0.0009372, 0.0005291, 0.000341, 0.0006479000000000001, 0.0009999, 0.0009339000000000001, 0.0005357000000000001, 0.000341, 0.0006435000000000001, 0.0009944, 0.0009339000000000001, 0.0005302, 0.0003333, 0.0006479000000000001, 0.0009944, 0.000924, 0.0005302, 0.0003366, 0.0006413, 0.0009834, 0.0009328, 0.0005214, 0.0003366, 0.0006446000000000001, 0.0010054, 0.0009339000000000001, 0.0005236, 0.0003465, 0.000638, 0.0009944, 0.0009361, 0.0005269000000000001, 0.0003289, 0.0006413, 0.0009955, 0.0009416, 0.0005214, 0.0003388, 0.0006402000000000001, 0.0009966, 0.0009317, 0.000539, 0.0003377, 0.0006468, 0.0009867, 0.0009262000000000001, 0.0005313000000000001, 0.0003366, 0.000638, 0.0009966, 0.0009273, 0.0005357000000000001, 0.0003465, 0.0006435000000000001, 0.00099, 0.0009416, 0.0005291, 0.0003344, 0.0006468, 0.00099, 0.0009317, 0.0005258, 0.0003289, 0.0006435000000000001, 0.0009999, 0.0009317, 0.0005159, 0.0003421, 0.0006424, 0.0009922000000000002, 0.0009350000000000001, 0.000517, 0.0003366, 0.0006369, 0.0009911, 0.0009262000000000001, 0.0005324, 0.0003465, 0.0006501, 0.0009878, 0.0009273, 0.0005236, 0.0003366, 0.0006501, 0.0009834, 0.0009163000000000001, 0.0005258, 0.0003267, 0.0006479000000000001, 0.0009955, 0.0009438000000000001, 0.0005192, 0.0003399, 0.0006512, 0.00099, 0.000924, 0.0005203, 0.0003421, 0.0006413, 0.0009955, 0.0009262000000000001, 0.000528, 0.0003366, 0.0006391000000000001, 0.0009867, 0.0009306000000000001, 0.0005225000000000001, 0.0003498, 0.0006534, 0.0010021000000000001, 0.0009394000000000001, 0.0005324, 0.0003366, 0.0006413, 0.0009867, 0.0009295000000000001, 0.0005214, 0.0003355, 0.0006446000000000001, 0.0009933000000000001, 0.0009196, 0.0005346, 0.0003399, 0.0006391000000000001, 0.0010054, 0.0009284, 0.0005346, 0.0003388, 0.0006468, 0.0010032, 0.0009229, 0.0005247, 0.0003278, 0.0006479000000000001, 0.0009889, 0.0009284, 0.0005225000000000001, 0.0003399, 0.0006501, 0.0009944, 0.0009339000000000001, 0.0005225000000000001, 0.0003355, 0.0006490000000000001, 0.0009977, 0.0009328, 0.0005269000000000001, 0.0003421, 0.0006468, 0.0009988, 0.0009306000000000001, 0.0005302, 0.0003388, 0.0006369, 0.0010021000000000001, 0.0009262000000000001, 0.0005258, 0.000341, 0.000638, 0.0009977, 0.0009350000000000001, 0.000528, 0.0003377, 0.0006468, 0.0010010000000000002, 0.0009328, 0.0005225000000000001, 0.000341, 0.0006314000000000001, 0.0009889, 0.0009328, 0.000517, 0.0003388, 0.0006413, 0.0009977, 0.0009306000000000001, 0.0005247, 0.0003377, 0.0006479000000000001, 0.0009933000000000001, 0.0009306000000000001, 0.0005181000000000001, 0.0003454, 0.0006435000000000001, 0.0010076, 0.0009350000000000001, 0.0005258, 0.0003366, 0.0006369, 0.0009922000000000002, 0.0009251000000000001, 0.0005291, 0.00033, 0.0006435000000000001, 0.0009955, 0.0009207000000000001, 0.0005203, 0.0003476, 0.0006501, 0.0009999, 0.0009361, 0.0005203, 0.0003278, 0.0006512, 0.0009955, 0.000924, 0.0005291, 0.0003377, 0.0006479000000000001, 0.0009966, 0.000924, 0.0005192, 0.0003432, 0.0006468, 0.0009878, 0.0009273, 0.0005236, 0.0003399, 0.0006589, 0.0009845000000000001, 0.0009207000000000001, 0.0005225000000000001, 0.0003366, 0.0006523000000000001, 0.0009999, 0.0009273, 0.0005302, 0.0003278, 0.0006347000000000001, 0.0009878, 0.0009328, 0.000517, 0.000341, 0.0006457, 0.0009955, 0.0009328, 0.0005225000000000001, 0.0003421, 0.0006468, 0.0009966, 0.0009317, 0.0005236, 0.0003366, 0.0006435000000000001, 0.0010021000000000001, 0.0009218000000000001, 0.0005203, 0.0003476, 0.0006413, 0.0009955, 0.0009251000000000001, 0.0005247, 0.0003333, 0.0006490000000000001, 0.0009966, 0.0009317, 0.0005214, 0.0003366, 0.0006501, 0.0009944, 0.0009229, 0.0005159, 0.0003333, 0.0006501, 0.0009966, 0.0009141, 0.0005203, 0.000341, 0.0006413, 0.0009977, 0.0009273, 0.0005148, 0.0003399, 0.0006545, 0.0010076, 0.0009361, 0.0005258, 0.0003377, 0.0006479000000000001, 0.0009977, 0.0009262000000000001, 0.0005203, 0.0003388, 0.0006468, 0.0009977, 0.000924, 0.0005214, 0.0003421, 0.0006534, 0.0010065, 0.0009196, 0.0005203, 0.0003344, 0.0006523000000000001, 0.0009922000000000002, 0.000924, 0.0005379, 0.0003498, 0.0006391000000000001, 0.0009999, 0.0009284, 0.0005126, 0.000341, 0.0006545, 0.0009977, 0.0009306000000000001, 0.0005236, 0.000341, 0.0006512, 0.0009911, 0.0009218000000000001, 0.0005302, 0.0003344, 0.0006369, 0.0010043, 0.0009218000000000001, 0.0005247, 0.0003333, 0.0006435000000000001, 0.0009944, 0.0009339000000000001, 0.0005236, 0.0003344, 0.0006501, 0.0009933000000000001, 0.0009229, 0.0005126, 0.0003377, 0.0006468, 0.0009944, 0.0009273, 0.0005181000000000001, 0.0003432, 0.0006633, 0.0009966, 0.0009317, 0.0005236, 0.0003388, 0.0006479000000000001, 0.0009955, 0.0009328, 0.0005302, 0.0003432, 0.0006457, 0.0009955, 0.0009405, 0.0005137000000000001, 0.0003432, 0.0006501, 0.0009988, 0.0009262000000000001, 0.0005159, 0.0003432, 0.0006512, 0.00099, 0.0009328, 0.0005225000000000001, 0.0003476, 0.0006391000000000001, 0.0009966, 0.0009207000000000001, 0.0005126, 0.0003322, 0.0006567000000000001, 0.0009966, 0.0009207000000000001, 0.0005269000000000001, 0.000341, 0.0006578, 0.0009922000000000002, 0.0009163000000000001, 0.0005104, 0.0003377, 0.0006479000000000001, 0.0010032, 0.0009295000000000001, 0.0005115, 0.0003333, 0.0006446000000000001, 0.0009977, 0.0009218000000000001, 0.0005247, 0.00033, 0.0006567000000000001, 0.0009911, 0.0009273, 0.000528, 0.0003311, 0.0006479000000000001, 0.0009834, 0.0009218000000000001, 0.0005225000000000001, 0.0003399, 0.0006468, 0.0009878, 0.0009262000000000001, 0.000517, 0.0003487, 0.0006424, 0.00099, 0.0009306000000000001, 0.000528, 0.0003388, 0.0006479000000000001, 0.0009944, 0.0009284, 0.0005203, 0.0003399, 0.0006479000000000001]",12
48,"[-0.0001474, -0.00017710000000000002, -0.0001529, -0.00010120000000000001, -0.0001045, -0.0001485, -0.00017710000000000002, -0.0001628, -0.0001133, -0.00010120000000000001, -0.0001419, -0.00017820000000000002, -0.0001628, -0.0001133, -0.00010010000000000001, -0.0001474, -0.00018040000000000002, -0.0001661, -0.0001144, -0.0001122, -0.0001496, -0.0001749, -0.0001595, -0.0001144, -0.0001133, -0.0001628, -0.00017710000000000002, -0.0001705, -0.0001155, -9.460000000000001e-05, -0.0001419, -0.00018040000000000002, -0.0001683, -0.0001089, -0.0001023, -0.0001474, -0.00018480000000000002, -0.0001738, -0.00011, -0.0001166, -0.0001551, -0.00018810000000000002, -0.0001694, -0.0001166, -9.790000000000001e-05, -0.0001529, -0.00019140000000000002, -0.0001628, -0.0001287, -0.0001067, -0.0001452, -0.00018370000000000002, -0.0001716, -0.0001144, -0.0001144, -0.0001474, -0.00018590000000000002, -0.0001749, -0.0001232, -0.00010120000000000001, -0.0001485, -0.00019030000000000002, -0.000165, -0.0001089, -0.0001067, -0.0001474, -0.00019030000000000002, -0.00018150000000000002, -0.0001265, -0.0001023, -0.0001441, -0.00019360000000000002, -0.0001749, -0.0001155, -0.0001111, -0.0001485, -0.00019140000000000002, -0.0001705, -0.0001188, -0.0001045, -0.0001496, -0.00019690000000000002, -0.0001738, -0.0001221, -0.0001078, -0.0001375, -0.00019470000000000002, -0.0001683, -0.00011, -0.0001067, -0.0001474, -0.00018920000000000002, -0.0001639, -0.0001155, -0.0001056, -0.0001573, -0.00019250000000000002, -0.0001573, -0.0001089, -0.00011, -0.0001584, -0.00019250000000000002, -0.00018480000000000002, -0.000121, -0.0001111, -0.0001496, -0.00018810000000000002, -0.00017820000000000002, -0.0001188, -9.240000000000001e-05, -0.0001419, -0.00018590000000000002, -0.0001628, -0.0001166, -0.0001023, -0.000154, -0.00018810000000000002, -0.0001727, -0.0001122, -0.00011, -0.000154, -0.00019690000000000002, -0.0001727, -0.0001122, -0.0001067, -0.0001551, -0.00018920000000000002, -0.000176, -0.0001056, -0.00010120000000000001, -0.0001661, -0.00018920000000000002, -0.0001595, -0.0001144, -9.130000000000001e-05, -0.0001485, -0.00019140000000000002, -0.0001716, -0.0001232, -0.0001034, -0.0001507, -0.00019360000000000002, -0.0001661, -0.0001155, -0.0001023, -0.0001463, -0.00019030000000000002, -0.0001639, -0.0001243, -0.0001111, -0.0001408, -0.00018700000000000002, -0.0001727, -0.0001155, -0.0001034, -0.0001507, -0.00019470000000000002, -0.000165, -0.0001166, -0.0001122, -0.0001518, -0.00019470000000000002, -0.00017710000000000002, -0.0001089, -0.00010010000000000001, -0.0001507, -0.00019580000000000002, -0.000165, -0.0001155, -9.900000000000001e-05, -0.0001518, -0.00018700000000000002, -0.0001694, -0.0001177, -0.0001111, -0.0001551, -0.00019030000000000002, -0.0001727, -0.0001177, -0.00011, -0.0001474, -0.00018810000000000002, -0.0001628, -0.0001188, -9.570000000000001e-05, -0.0001474, -0.00019030000000000002, -0.0001694, -0.000121, -0.0001067, -0.000154, -0.00017710000000000002, -0.0001749, -0.0001177, -0.0001111, -0.0001562, -0.00019140000000000002, -0.0001683, -0.0001155, -0.0001067, -0.0001551, -0.00018150000000000002, -0.0001749, -0.0001276, -0.0001078, -0.0001485, -0.00018920000000000002, -0.0001672, -0.0001111, -0.0001133, -0.0001474, -0.00017710000000000002, -0.0001716, -0.0001155, -0.00010010000000000001, -0.0001606, -0.00018370000000000002, -0.000165, -0.0001144, -0.0001067, -0.0001507, -0.0001749, -0.0001639, -0.0001133, -0.0001056, -0.0001496, -0.00018260000000000002, -0.0001672, -0.0001188, -0.0001111, -0.0001496, -0.00018920000000000002, -0.00018040000000000002, -0.0001166, -0.0001122, -0.0001507, -0.00019580000000000002, -0.000176, -0.0001155, -0.0001122, -0.0001474, -0.00019360000000000002, -0.0001705, -0.0001078, -0.0001056, -0.0001518, -0.00018810000000000002, -0.0001694, -0.0001265, -0.0001089, -0.0001507, -0.00019470000000000002, -0.0001749, -0.0001111, -0.0001045, -0.0001595, -0.00018370000000000002, -0.000165, -0.0001177, -0.00010120000000000001, -0.0001606, -0.00019250000000000002, -0.0001738, -0.0001199, -0.0001056, -0.000154, -0.00018590000000000002, -0.0001683, -0.0001067, -0.0001045, -0.0001529, -0.00018700000000000002, -0.0001705, -0.0001166, -0.0001078, -0.0001573, -0.00019030000000000002, -0.000176, -0.0001133, -0.0001133, -0.0001551, -0.00019030000000000002, -0.0001705, -0.0001188, -0.0001045, -0.0001529, -0.00018700000000000002, -0.00017820000000000002, -0.0001221, -0.0001067, -0.0001452, -0.00018920000000000002, -0.0001716, -0.0001188, -0.0001045, -0.0001463, -0.00019140000000000002, -0.0001716, -0.0001232, -9.240000000000001e-05, -0.0001518, -0.00019140000000000002, -0.0001661, -0.0001166, -0.0001078, -0.0001551, -0.00019250000000000002, -0.000165, -0.0001133, -0.0001067, -0.0001606, -0.00018810000000000002, -0.0001694, -0.0001199, -0.0001067, -0.0001716, -0.00018150000000000002, -0.00017820000000000002, -0.0001133, -0.00010120000000000001, -0.0001584, -0.00019030000000000002, -0.00017710000000000002, -0.0001188, -0.0001089, -0.0001496, -0.00018480000000000002, -0.0001716, -0.0001078, -0.0001078, -0.0001551, -0.00019140000000000002, -0.0001661, -0.0001155, -0.0001111, -0.0001584, -0.00018920000000000002, -0.0001639, -0.0001309, -0.0001078, -0.0001529, -0.00018480000000000002, -0.0001716, -0.0001067, -0.0001034, -0.0001518, -0.00019360000000000002, -0.0001694, -0.0001199, -0.0001122, -0.0001496, -0.00018810000000000002, -0.00017710000000000002, -0.0001133, -0.0001056, -0.0001463, -0.00019360000000000002, -0.0001639, -0.0001221, -9.900000000000001e-05, -0.0001441, -0.00019910000000000001, -0.0001661, -0.0001166, -0.0001067, -0.0001496, -0.00020020000000000001, -0.0001727, -0.000121, -0.0001056, -0.0001463, -0.00018590000000000002, -0.0001705, -0.0001078, -0.00011, -0.0001562, -0.00019360000000000002, -0.0001628, -0.0001265, -0.0001067, -0.0001507, -0.00019360000000000002, -0.0001716, -0.000121, -0.00010010000000000001, -0.0001507, -0.00018700000000000002, -0.0001694, -0.0001133, -0.00011, -0.0001551, -0.00018590000000000002, -0.0001617, -0.0001188, -9.570000000000001e-05, -0.0001529, -0.00018810000000000002, -0.0001749, -0.0001199, -0.0001155, -0.0001474, -0.00018590000000000002, -0.0001705, -0.0001133, -0.0001133, -0.0001573, -0.00019030000000000002, -0.0001661, -0.0001199, -0.0001166, -0.0001507, -0.00019140000000000002, -0.0001617, -0.0001133, -0.0001023, -0.0001507, -0.00018920000000000002, -0.0001727, -0.0001177, -9.790000000000001e-05, -0.0001474, -0.00018480000000000002, -0.0001683, -0.0001133, -9.680000000000001e-05, -0.0001507, -0.00019030000000000002, -0.000165, -0.0001221, -0.0001111, -0.0001496, -0.00020130000000000001, -0.00018150000000000002, -0.0001188, -0.0001166, -0.0001518, -0.00018590000000000002, -0.0001573, -0.0001199, -0.0001111, -0.0001518, -0.00018700000000000002, -0.0001606, -0.0001111, -0.0001078, -0.0001529, -0.00018810000000000002, -0.0001694, -0.0001232, -0.0001045, -0.0001496, -0.00018260000000000002, -0.0001727, -0.0001078, -0.0001056, -0.0001551, -0.00019030000000000002, -0.0001694, -0.0001188, -0.0001111, -0.0001562, -0.00019360000000000002, -0.0001661, -0.0001155, -0.0001056, -0.0001584, -0.00017710000000000002, -0.0001738, -0.00011, -0.0001089, -0.0001507, -0.00019250000000000002, -0.0001738, -0.0001111, -0.0001133, -0.0001551, -0.00018150000000000002, -0.0001727, -0.000121, -0.0001089, -0.000154, -0.00018260000000000002, -0.0001683, -0.0001188, -0.00011, -0.0001518, -0.00017820000000000002, -0.0001683, -0.0001243, -0.0001023, -0.0001474, -0.00019030000000000002, -0.00017710000000000002, -0.0001133, -0.0001067, -0.0001518, -0.00018370000000000002, -0.0001716, -0.000121, -0.00010120000000000001]","[-0.0001683, -0.0002189, -0.0002123, -0.0001738, -0.0001408, -0.0001716, -0.0002134, -0.0002233, -0.0001661, -0.000132, -0.0001705, -0.0002167, -0.0002211, -0.00017710000000000002, -0.0001386, -0.0001683, -0.0002156, -0.0002167, -0.0001683, -0.0001452, -0.0001672, -0.0002178, -0.0002134, -0.0001683, -0.0001254, -0.0001672, -0.0002068, -0.0002167, -0.0001584, -0.0001397, -0.0001672, -0.0002255, -0.000209, -0.0001672, -0.000132, -0.0001738, -0.000209, -0.0002145, -0.00018700000000000002, -0.0001419, -0.0001584, -0.0002112, -0.0002123, -0.0001705, -0.0001419, -0.0001694, -0.0002178, -0.0002244, -0.0001672, -0.000143, -0.0001705, -0.0002266, -0.0002167, -0.0001661, -0.0001375, -0.00017710000000000002, -0.0002156, -0.0002156, -0.0001661, -0.0001353, -0.0001749, -0.0002123, -0.0002035, -0.0001683, -0.0001364, -0.0001694, -0.0002211, -0.0002222, -0.0001661, -0.0001474, -0.0001738, -0.0002156, -0.0002178, -0.0001705, -0.0001386, -0.0001738, -0.0002233, -0.0002211, -0.0001628, -0.0001375, -0.000165, -0.0002156, -0.0002145, -0.0001628, -0.0001419, -0.0001738, -0.0002211, -0.00022, -0.0001694, -0.0001331, -0.0001672, -0.0002134, -0.0002035, -0.0001705, -0.0001419, -0.0001749, -0.0002178, -0.0002068, -0.0001639, -0.000143, -0.0001672, -0.0002189, -0.0002123, -0.0001683, -0.0001353, -0.0001716, -0.0002167, -0.00022, -0.0001727, -0.0001298, -0.0001694, -0.0002134, -0.0002134, -0.0001694, -0.0001397, -0.0001694, -0.0002134, -0.0002244, -0.0001628, -0.0001375, -0.0001606, -0.0002134, -0.0002123, -0.0001694, -0.0001331, -0.0001738, -0.0002178, -0.0002057, -0.0001694, -0.0001331, -0.0001683, -0.0002145, -0.0002068, -0.0001694, -0.0001342, -0.000176, -0.0002156, -0.0002189, -0.00017710000000000002, -0.000132, -0.0001639, -0.0002101, -0.0002101, -0.0001639, -0.0001441, -0.0001628, -0.0002134, -0.0002222, -0.000176, -0.0001331, -0.0001705, -0.0002178, -0.0002101, -0.0001595, -0.0001331, -0.0001672, -0.0002167, -0.0002211, -0.0001628, -0.0001397, -0.0001683, -0.0002189, -0.0002222, -0.0001683, -0.000143, -0.0001716, -0.0002145, -0.0002123, -0.0001705, -0.0001342, -0.0001595, -0.00022, -0.0002101, -0.0001716, -0.0001342, -0.0001683, -0.0002123, -0.0002123, -0.0001727, -0.0001364, -0.000165, -0.0002178, -0.0002112, -0.0001672, -0.0001386, -0.0001661, -0.0002244, -0.0002156, -0.00017820000000000002, -0.000132, -0.000165, -0.0002079, -0.0002123, -0.0001672, -0.0001364, -0.0001705, -0.0002123, -0.0002189, -0.0001628, -0.0001353, -0.000176, -0.00022, -0.0002211, -0.0001562, -0.0001386, -0.0001661, -0.0002123, -0.0002244, -0.0001606, -0.0001408, -0.0001628, -0.0002156, -0.0002189, -0.0001617, -0.0001419, -0.000176, -0.0002189, -0.0002156, -0.0001694, -0.0001331, -0.0001683, -0.0002167, -0.0002167, -0.0001683, -0.0001452, -0.0001672, -0.00022, -0.00022, -0.0001749, -0.0001353, -0.0001683, -0.00022, -0.0002112, -0.0001683, -0.0001397, -0.0001683, -0.0002244, -0.0002233, -0.0001738, -0.0001408, -0.0001683, -0.0002145, -0.0002123, -0.0001738, -0.0001364, -0.0001716, -0.0002134, -0.0002233, -0.0001694, -0.0001276, -0.00017930000000000002, -0.00022, -0.0002145, -0.000154, -0.0001243, -0.0001716, -0.0002145, -0.0002211, -0.0001738, -0.0001375, -0.0001661, -0.0002057, -0.0002123, -0.0001672, -0.0001364, -0.0001738, -0.0002167, -0.0002167, -0.0001683, -0.000132, -0.0001606, -0.0002145, -0.0002057, -0.0001694, -0.0001419, -0.0001749, -0.0002233, -0.0002112, -0.00018260000000000002, -0.0001386, -0.0001749, -0.0002178, -0.0002079, -0.0001595, -0.0001353, -0.0001672, -0.0002222, -0.0002244, -0.000165, -0.0001386, -0.0001683, -0.0002156, -0.0002123, -0.0001628, -0.000132, -0.0001617, -0.0002189, -0.0002068, -0.0001672, -0.0001386, -0.0001705, -0.0002134, -0.0002189, -0.0001749, -0.000132, -0.0001705, -0.0002233, -0.0002112, -0.0001749, -0.0001419, -0.0001705, -0.0002057, -0.0002211, -0.0001606, -0.0001342, -0.0001727, -0.0002288, -0.0002189, -0.0001683, -0.000132, -0.0001672, -0.0002222, -0.0002101, -0.00017820000000000002, -0.000143, -0.00018040000000000002, -0.0002222, -0.0002156, -0.0001705, -0.0001441, -0.0001738, -0.0002079, -0.0002123, -0.000165, -0.0001419, -0.0001716, -0.0002112, -0.0002112, -0.000176, -0.0001441, -0.0001661, -0.0002123, -0.0002123, -0.000165, -0.0001364, -0.0001661, -0.0002211, -0.00022, -0.000176, -0.0001342, -0.000176, -0.0002244, -0.0002112, -0.0001672, -0.0001331, -0.0001694, -0.0002112, -0.0002134, -0.0001617, -0.0001419, -0.0001639, -0.0002123, -0.0002156, -0.0001672, -0.0001375, -0.000176, -0.0002189, -0.0002156, -0.0001716, -0.0001342, -0.0001661, -0.0002266, -0.0002112, -0.0001606, -0.0001342, -0.0001749, -0.0002123, -0.0002233, -0.0001661, -0.0001419, -0.0001694, -0.0002211, -0.0002112, -0.0001639, -0.0001342, -0.0001716, -0.0002112, -0.0002112, -0.0001727, -0.0001364, -0.0001683, -0.0002134, -0.0002079, -0.0001661, -0.0001353, -0.0001749, -0.0002167, -0.00022, -0.0001705, -0.0001408, -0.000176, -0.0002233, -0.0002222, -0.0001573, -0.000143, -0.0001705, -0.0002068, -0.0002156, -0.000165, -0.0001441, -0.0001705, -0.0002134, -0.00022, -0.0001661, -0.0001276, -0.0001749, -0.0002189, -0.0002057, -0.0001727, -0.0001298, -0.0001738, -0.00022, -0.0002079, -0.0001716, -0.0001419, -0.00018040000000000002, -0.0002167, -0.0002255, -0.0001683, -0.0001375, -0.0001683, -0.0002189, -0.0002145, -0.0001639, -0.0001331, -0.0001705, -0.0002211, -0.0002178, -0.0001584, -0.0001353, -0.0001617, -0.0002101, -0.0002145, -0.0001584, -0.0001375, -0.0001705, -0.0002134, -0.0002145, -0.0001716, -0.0001309, -0.0001683, -0.0002145, -0.00022, -0.0001628, -0.0001507, -0.00017710000000000002, -0.0002233, -0.0002178, -0.0001683, -0.0001364, -0.0001672, -0.0002145, -0.0002189, -0.0001738, -0.0001309, -0.0001716, -0.0002233, -0.0002244, -0.0001683, -0.0001452, -0.00018150000000000002, -0.0002112, -0.0002134, -0.0001705, -0.0001364, -0.0001749, -0.0002068, -0.0002035, -0.0001683, -0.0001463, -0.00017710000000000002, -0.0002178, -0.0002112, -0.0001716, -0.0001364, -0.00017710000000000002, -0.0002112, -0.0002255, -0.0001672, -0.0001342, -0.0001661, -0.0002167, -0.0002222, -0.0001617, -0.0001441, -0.0001683, -0.0002189, -0.0002222, -0.0001661, -0.0001298]","[0.0006633, 0.0009999, 0.0009174000000000001, 0.0005148, 0.0003399, 0.0006567000000000001, 0.0009988, 0.0009185, 0.0005137000000000001, 0.0003421, 0.0006490000000000001, 0.0010032, 0.0009273, 0.0005137000000000001, 0.000341, 0.0006611000000000001, 0.0010087, 0.0009196, 0.000517, 0.0003443, 0.00066, 0.0010054, 0.0009251000000000001, 0.0005159, 0.000352, 0.0006622, 0.0010087, 0.0009284, 0.0005093000000000001, 0.0003432, 0.0006655000000000001, 0.0010142, 0.0009273, 0.0005104, 0.0003322, 0.0006578, 0.0010087, 0.000924, 0.0005236, 0.0003421, 0.0006633, 0.0010087, 0.0009306000000000001, 0.0005236, 0.0003531, 0.0006545, 0.0010054, 0.0009328, 0.0005203, 0.0003498, 0.0006688, 0.0010131, 0.0009350000000000001, 0.0005181000000000001, 0.0003509, 0.0006655000000000001, 0.0010197000000000001, 0.0009350000000000001, 0.0005214, 0.0003399, 0.0006578, 0.0010087, 0.0009339000000000001, 0.0005159, 0.0003465, 0.0006655000000000001, 0.0010054, 0.0009284, 0.0005137000000000001, 0.0003476, 0.0006754, 0.0010109000000000001, 0.0009295000000000001, 0.0005236, 0.00035640000000000004, 0.0006611000000000001, 0.0010164, 0.0009284, 0.000517, 0.000341, 0.000671, 0.0010065, 0.0009284, 0.000517, 0.0003509, 0.0006699000000000001, 0.0010054, 0.0009328, 0.0005148, 0.0003421, 0.0006699000000000001, 0.0010164, 0.0009229, 0.0005236, 0.0003432, 0.0006677, 0.0010054, 0.0009306000000000001, 0.0005225000000000001, 0.0003432, 0.0006721, 0.0010175, 0.0009284, 0.000528, 0.0003476, 0.0006666, 0.0010109000000000001, 0.0009284, 0.0005192, 0.00035640000000000004, 0.0006666, 0.0010131, 0.0009174000000000001, 0.0005236, 0.0003597, 0.0006633, 0.0010197000000000001, 0.0009295000000000001, 0.0005126, 0.0003509, 0.0006721, 0.0010131, 0.0009262000000000001, 0.0005126, 0.0003476, 0.0006666, 0.0010197000000000001, 0.0009339000000000001, 0.0005049000000000001, 0.0003388, 0.0006776, 0.0010142, 0.0009218000000000001, 0.0005225000000000001, 0.0003509, 0.0006721, 0.0010131, 0.0009306000000000001, 0.0005093000000000001, 0.000341, 0.0006721, 0.0010087, 0.0009339000000000001, 0.0005159, 0.0003443, 0.0006666, 0.0010109000000000001, 0.0009218000000000001, 0.0005203, 0.0003377, 0.0006688, 0.0010175, 0.0009251000000000001, 0.0005126, 0.0003443, 0.0006622, 0.0010175, 0.0009339000000000001, 0.000528, 0.0003476, 0.0006743000000000001, 0.0010098000000000002, 0.0009372, 0.0005214, 0.000352, 0.0006721, 0.0010109000000000001, 0.0009317, 0.0005159, 0.00035420000000000004, 0.0006644, 0.001023, 0.0009284, 0.0005104, 0.0003465, 0.0006666, 0.0010076, 0.0009284, 0.000517, 0.0003432, 0.000671, 0.0010274000000000001, 0.0009251000000000001, 0.0005192, 0.0003531, 0.0006699000000000001, 0.0010153, 0.0009328, 0.0005159, 0.0003388, 0.0006655000000000001, 0.0010131, 0.0009185, 0.0005225000000000001, 0.0003498, 0.0006798, 0.0010175, 0.0009229, 0.000506, 0.00036080000000000004, 0.0006666, 0.001012, 0.0009328, 0.0005115, 0.0003509, 0.0006611000000000001, 0.0010098000000000002, 0.000924, 0.0005159, 0.0003355, 0.0006666, 0.0010153, 0.000924, 0.0005137000000000001, 0.000352, 0.0006743000000000001, 0.0010175, 0.0009273, 0.0005126, 0.0003553, 0.000671, 0.001023, 0.000924, 0.0005159, 0.0003597, 0.0006688, 0.0010153, 0.0009251000000000001, 0.0005104, 0.00035640000000000004, 0.0006798, 0.0010076, 0.0009295000000000001, 0.0005137000000000001, 0.0003443, 0.0006677, 0.0010131, 0.0009273, 0.0005104, 0.0003443, 0.000671, 0.0010032, 0.0009383000000000001, 0.0005137000000000001, 0.0003355, 0.0006754, 0.0010186000000000001, 0.0009174000000000001, 0.0005104, 0.00035640000000000004, 0.000671, 0.0010131, 0.0009262000000000001, 0.0005269000000000001, 0.0003465, 0.0006787000000000001, 0.0010054, 0.0009273, 0.0005115, 0.0003487, 0.000671, 0.0010197000000000001, 0.0009251000000000001, 0.0005104, 0.000341, 0.0006688, 0.0010219, 0.0009273, 0.0005192, 0.0003465, 0.0006677, 0.0010131, 0.000924, 0.0005082, 0.0003454, 0.0006633, 0.0010175, 0.0009262000000000001, 0.0005071, 0.000352, 0.0006699000000000001, 0.0010109000000000001, 0.0009361, 0.0005159, 0.0003454, 0.0006699000000000001, 0.0010098000000000002, 0.0009372, 0.0005137000000000001, 0.0003553, 0.0006677, 0.0010208, 0.0009251000000000001, 0.0005137000000000001, 0.0003487, 0.0006743000000000001, 0.0010142, 0.0009218000000000001, 0.0005137000000000001, 0.000341, 0.0006743000000000001, 0.0010153, 0.0009229, 0.0005049000000000001, 0.0003487, 0.0006831000000000001, 0.0010186000000000001, 0.0009185, 0.0005159, 0.00035640000000000004, 0.0006721, 0.0010153, 0.0009218000000000001, 0.0005137000000000001, 0.0003509, 0.0006842, 0.001023, 0.0009229, 0.0005082, 0.0003421, 0.0006732, 0.001012, 0.0009229, 0.000506, 0.0003465, 0.0006677, 0.0010098000000000002, 0.0009163000000000001, 0.000506, 0.0003575, 0.0006699000000000001, 0.0010142, 0.0009196, 0.0005049000000000001, 0.000341, 0.0006743000000000001, 0.001012, 0.0009229, 0.0005038, 0.000352, 0.0006633, 0.0010175, 0.0009295000000000001, 0.0005071, 0.00035640000000000004, 0.000682, 0.0010164, 0.0009251000000000001, 0.000506, 0.0003421, 0.0006699000000000001, 0.0010142, 0.0009273, 0.0005093000000000001, 0.0003454, 0.0006666, 0.0010164, 0.0009317, 0.0005104, 0.0003388, 0.0006743000000000001, 0.0010219, 0.0009262000000000001, 0.0005038, 0.0003575, 0.000671, 0.0010142, 0.0009306000000000001, 0.0005159, 0.0003377, 0.000671, 0.0010065, 0.0009361, 0.0005104, 0.00035860000000000004, 0.0006765, 0.0010098000000000002, 0.0009306000000000001, 0.0005038, 0.00035640000000000004, 0.0006798, 0.0010098000000000002, 0.0009152, 0.0005137000000000001, 0.000352, 0.0006677, 0.0010131, 0.0009273, 0.0005104, 0.0003498, 0.0006721, 0.0010164, 0.0009273, 0.0005126, 0.0003465, 0.0006743000000000001, 0.0010186000000000001, 0.0009152, 0.0005148, 0.00035420000000000004, 0.0006765, 0.0010098000000000002, 0.0009185, 0.0005038, 0.0003465, 0.0006754, 0.0010153, 0.0009284, 0.0005093000000000001, 0.000352, 0.0006677, 0.0010186000000000001, 0.0009262000000000001, 0.000506, 0.000352, 0.0006721, 0.0010098000000000002, 0.0009262000000000001, 0.0004994, 0.0003476, 0.0006677, 0.0010065, 0.000924, 0.0005137000000000001, 0.0003597, 0.0006743000000000001, 0.0010197000000000001, 0.0009262000000000001, 0.000506, 0.0003465, 0.0006787000000000001, 0.0010186000000000001, 0.0009185, 0.000517, 0.0003465, 0.0006787000000000001, 0.0010131, 0.0009196, 0.0005104, 0.0003432, 0.0006699000000000001, 0.0009999, 0.0009251000000000001, 0.0005104, 0.000352, 0.0006776, 0.0010098000000000002, 0.000924, 0.0005049000000000001, 0.0003443, 0.0006776, 0.0010175, 0.0009130000000000001, 0.000506, 0.0003553, 0.0006787000000000001, 0.0010186000000000001, 0.0009218000000000001, 0.0005104, 0.0003388, 0.0006688, 0.0010164, 0.000924, 0.0005071, 0.0003498, 0.000682, 0.0010142, 0.0009152, 0.0005082, 0.0003498, 0.0006655000000000001, 0.0010142, 0.0009185, 0.0005093000000000001, 0.000352, 0.000671, 0.0010153, 0.0009229, 0.0005104, 0.0003476, 0.0006699000000000001, 0.0010076, 0.0009273, 0.000517, 0.0003575, 0.0006765, 0.0010098000000000002, 0.000924, 0.0005038, 0.0003465, 0.0006732, 0.0010241, 0.0009306000000000001, 0.0005115, 0.0003498, 0.0006655000000000001, 0.0010065, 0.0009196, 0.0005093000000000001, 0.0003454]",13
49,"[-0.0001078, -0.0001529, -0.00018260000000000002, -0.0001584, -0.0001133, -0.0001122, -0.0001551, -0.00018810000000000002, -0.00018260000000000002, -0.00011, -0.0001133, -0.0001507, -0.00019580000000000002, -0.000165, -0.00011, -0.0001034, -0.0001518, -0.00019250000000000002, -0.0001683, -0.0001177, -0.0001045, -0.0001617, -0.00019250000000000002, -0.0001749, -0.0001199, -0.0001078, -0.0001584, -0.0002035, -0.0001705, -0.0001177, -0.0001122, -0.0001694, -0.00019250000000000002, -0.0001716, -0.0001254, -0.0001155, -0.000154, -0.00019140000000000002, -0.00018480000000000002, -0.0001199, -0.0001034, -0.000165, -0.0002035, -0.0001694, -0.0001144, -0.0001023, -0.0001562, -0.00019250000000000002, -0.0001749, -0.0001188, -0.0001122, -0.0001595, -0.0002046, -0.00018700000000000002, -0.0001276, -0.0001144, -0.0001485, -0.0002079, -0.00017820000000000002, -0.00010120000000000001, -0.0001023, -0.0001606, -0.0002112, -0.00017930000000000002, -0.0001309, -0.00011, -0.0001562, -0.00018920000000000002, -0.0001683, -0.0001309, -0.0001078, -0.0001584, -0.00019140000000000002, -0.00017710000000000002, -0.0001276, -0.0001133, -0.0001661, -0.00019360000000000002, -0.000176, -0.0001232, -0.00011, -0.0001584, -0.00018920000000000002, -0.00017820000000000002, -0.0001188, -0.0001089, -0.0001584, -0.00019360000000000002, -0.0001749, -0.0001144, -0.0001166, -0.0001617, -0.00019690000000000002, -0.00018590000000000002, -0.0001166, -0.0001089, -0.0001595, -0.00020240000000000001, -0.00017710000000000002, -0.0001287, -0.0001111, -0.0001584, -0.00020130000000000001, -0.000176, -0.0001177, -0.0001111, -0.0001529, -0.00019690000000000002, -0.00018370000000000002, -0.0001166, -0.0001155, -0.0001606, -0.00020020000000000001, -0.00017930000000000002, -0.0001287, -0.0001067, -0.0001661, -0.00019690000000000002, -0.0001738, -0.000121, -0.0001122, -0.0001595, -0.00020130000000000001, -0.00018150000000000002, -0.0001166, -0.0001188, -0.0001562, -0.0002035, -0.00017930000000000002, -0.0001276, -0.0001056, -0.0001595, -0.00019800000000000002, -0.000176, -0.0001199, -0.0001067, -0.0001595, -0.00020130000000000001, -0.00018150000000000002, -0.0001177, -0.0001023, -0.0001606, -0.00020020000000000001, -0.0001738, -0.0001276, -0.0001221, -0.0001661, -0.00020020000000000001, -0.00017710000000000002, -0.0001133, -0.0001133, -0.0001672, -0.00019030000000000002, -0.00017710000000000002, -0.0001243, -0.0001122, -0.0001485, -0.0002035, -0.00017930000000000002, -0.0001166, -0.0001177, -0.0001639, -0.00020130000000000001, -0.0001727, -0.000121, -0.0001177, -0.0001551, -0.00020130000000000001, -0.00018040000000000002, -0.0001199, -0.0001144, -0.0001617, -0.00019800000000000002, -0.00017820000000000002, -0.0001177, -0.0001133, -0.000154, -0.0002068, -0.00017930000000000002, -0.0001232, -0.0001166, -0.0001683, -0.00019910000000000001, -0.00018040000000000002, -0.0001243, -0.00011, -0.0001628, -0.00020020000000000001, -0.00018370000000000002, -0.0001155, -0.0001111, -0.0001617, -0.00019030000000000002, -0.000176, -0.0001254, -0.00011, -0.0001617, -0.0002035, -0.00017820000000000002, -0.0001177, -0.00011, -0.0001496, -0.00019690000000000002, -0.000176, -0.000132, -0.0001023, -0.0001518, -0.00019580000000000002, -0.0001749, -0.000121, -0.0001111, -0.0001628, -0.00019360000000000002, -0.000176, -0.0001133, -0.0001111, -0.0001661, -0.0002057, -0.00018700000000000002, -0.000121, -0.0001155, -0.0001606, -0.00019910000000000001, -0.00017820000000000002, -0.000121, -0.0001078, -0.0001683, -0.00019690000000000002, -0.00018590000000000002, -0.0001265, -0.0001111, -0.000165, -0.00019580000000000002, -0.000176, -0.0001265, -0.0001133, -0.0001683, -0.00019360000000000002, -0.000176, -0.0001254, -0.0001122, -0.0001661, -0.00019800000000000002, -0.00018370000000000002, -0.0001265, -0.0001089, -0.0001474, -0.00020130000000000001, -0.0001738, -0.0001122, -0.0001056, -0.0001639, -0.00019360000000000002, -0.00018700000000000002, -0.0001155, -0.0001111, -0.0001474, -0.00019690000000000002, -0.00018040000000000002, -0.0001276, -0.0001177, -0.0001584, -0.00020020000000000001, -0.00017710000000000002, -0.0001166, -0.0001144, -0.0001551, -0.00019360000000000002, -0.00018370000000000002, -0.0001298, -0.0001067, -0.0001606, -0.00019580000000000002, -0.0001716, -0.0001276, -0.0001144, -0.0001452, -0.00020240000000000001, -0.0001672, -0.0001199, -0.00011, -0.0001639, -0.00019910000000000001, -0.00018260000000000002, -0.0001188, -0.0001155, -0.0001683, -0.0002035, -0.00019030000000000002, -0.0001155, -0.0001155, -0.0001661, -0.00019800000000000002, -0.00017710000000000002, -0.0001221, -0.0001155, -0.0001661, -0.00019910000000000001, -0.00017710000000000002, -0.0001254, -0.0001144, -0.0001628, -0.00020240000000000001, -0.0001716, -0.0001155, -0.0001133, -0.0001639, -0.0002035, -0.0001716, -0.0001199, -0.0001111, -0.0001485, -0.000209, -0.00019030000000000002, -0.0001221, -0.00011, -0.0001606, -0.00020240000000000001, -0.00017820000000000002, -0.0001188, -0.0001122, -0.0001661, -0.00019800000000000002, -0.0001749, -0.0001199, -0.0001023, -0.0001639, -0.00019800000000000002, -0.00018040000000000002, -0.0001254, -0.0001089, -0.0001606, -0.00019690000000000002, -0.00018260000000000002, -0.0001298, -0.0001089, -0.0001639, -0.00019580000000000002, -0.0001727, -0.0001166, -0.0001089, -0.0001606, -0.0002057, -0.0001683, -0.0001133, -0.0001089, -0.0001639, -0.00018590000000000002, -0.00017820000000000002, -0.0001232, -0.00011, -0.0001573, -0.00020020000000000001, -0.0001727, -0.0001265, -0.0001144, -0.0001683, -0.00019360000000000002, -0.0001694, -0.0001155, -0.0001254, -0.0001661, -0.00019910000000000001, -0.0001705, -0.0001188, -0.0001144, -0.0001617, -0.00019690000000000002, -0.00017820000000000002, -0.0001221, -9.680000000000001e-05, -0.0001639, -0.00019910000000000001, -0.0001749, -0.0001221, -0.0001056, -0.000154, -0.00019360000000000002, -0.00018040000000000002, -0.000121, -0.0001155, -0.0001628, -0.00020130000000000001, -0.0001683, -0.0001144, -0.0001122, -0.0001694, -0.00019360000000000002, -0.0001727, -0.0001254, -0.00011, -0.0001584, -0.0002035, -0.0001738, -0.0001254, -0.0001177, -0.0001595, -0.0002068, -0.0001738, -0.0001243, -0.0001056, -0.000154, -0.00018370000000000002, -0.0001727, -0.0001265, -0.0001166, -0.0001639, -0.00020130000000000001, -0.0001749, -0.0001188, -0.0001133, -0.0001606, -0.0002035, -0.00018150000000000002, -0.0001166, -0.0001067, -0.0001628, -0.00019690000000000002, -0.00018590000000000002, -0.0001188, -0.00011, -0.0001595, -0.00019690000000000002, -0.0001716, -0.0001199, -0.00011, -0.000154, -0.00020130000000000001, -0.0001738, -0.0001133, -0.00011, -0.0001628, -0.00020130000000000001, -0.00017820000000000002, -0.0001221, -0.0001034, -0.0001595, -0.0002046, -0.00017820000000000002, -0.0001177, -0.0001056, -0.0001573, -0.00020130000000000001, -0.00018260000000000002, -0.0001199, -0.0001155, -0.0001628, -0.00019800000000000002, -0.00018590000000000002, -0.0001254, -0.0001089, -0.0001683, -0.00020240000000000001, -0.00017820000000000002, -0.0001177, -0.0001078, -0.0001529, -0.0002035, -0.00018150000000000002, -0.0001199, -0.0001144, -0.0001551, -0.0002046, -0.00017710000000000002, -0.0001276, -0.0001122, -0.0001606, -0.00019690000000000002, -0.0001749, -0.0001243, -0.0001144, -0.0001661, -0.00019580000000000002, -0.0001749, -0.0001155, -0.0001023, -0.0001661, -0.00020240000000000001, -0.00018040000000000002, -0.00011, -0.0001133, -0.0001562, -0.0002046, -0.0001705, -0.0001199, -0.000121, -0.0001595, -0.00020130000000000001, -0.00017930000000000002, -0.000121, -0.00011, -0.0001595, -0.0002068, -0.0001705, -0.0001232, -0.0001144, -0.0001562, -0.00019580000000000002, -0.0001694, -0.0001221]","[-0.0001364, -0.0001683, -0.000231, -0.0002112, -0.0001617, -0.0001441, -0.0001716, -0.0002222, -0.0002167, -0.0001562, -0.0001364, -0.0001606, -0.0002167, -0.0002112, -0.0001716, -0.0001419, -0.0001672, -0.000209, -0.0002145, -0.0001738, -0.0001342, -0.00018040000000000002, -0.0002079, -0.0002134, -0.0001683, -0.0001386, -0.0001716, -0.0002189, -0.0002112, -0.0001617, -0.0001287, -0.0001749, -0.0002068, -0.0002145, -0.0001738, -0.0001408, -0.00018370000000000002, -0.0002321, -0.0002123, -0.0001584, -0.0001507, -0.0001628, -0.0002123, -0.0002233, -0.000165, -0.0001375, -0.0001738, -0.0002167, -0.0002211, -0.0001595, -0.0001397, -0.0001738, -0.0002299, -0.0002145, -0.0001639, -0.0001386, -0.0001661, -0.0002189, -0.0002123, -0.0001716, -0.0001331, -0.0001705, -0.0002222, -0.0002068, -0.000176, -0.000132, -0.0001661, -0.00022, -0.0002178, -0.0001606, -0.0001452, -0.0001705, -0.0002178, -0.0002167, -0.00018150000000000002, -0.0001463, -0.00017930000000000002, -0.0002222, -0.0002156, -0.0001716, -0.0001331, -0.0001727, -0.0002145, -0.0002145, -0.0001694, -0.0001419, -0.000176, -0.0002178, -0.0002101, -0.0001727, -0.0001331, -0.0001727, -0.0002222, -0.0002178, -0.00018040000000000002, -0.0001408, -0.00017820000000000002, -0.0002244, -0.0002145, -0.0001749, -0.0001419, -0.0001738, -0.0002178, -0.0002211, -0.0001584, -0.0001364, -0.0001727, -0.0002266, -0.0002123, -0.000165, -0.0001375, -0.0001683, -0.0002112, -0.0002233, -0.0001727, -0.0001408, -0.00017820000000000002, -0.0002134, -0.0002123, -0.0001716, -0.0001353, -0.0001738, -0.0002189, -0.00022, -0.0001716, -0.0001331, -0.00018040000000000002, -0.0002145, -0.0002178, -0.0001628, -0.0001386, -0.0001749, -0.0002255, -0.0002233, -0.0001727, -0.0001364, -0.0001727, -0.0002167, -0.00020130000000000001, -0.0001584, -0.0001419, -0.000176, -0.0002233, -0.0002145, -0.000165, -0.0001353, -0.0001672, -0.0002156, -0.0002123, -0.0001694, -0.0001463, -0.000176, -0.00022, -0.0002189, -0.0001727, -0.0001386, -0.00017710000000000002, -0.0002189, -0.0002167, -0.000165, -0.0001353, -0.0001694, -0.0002233, -0.0002145, -0.0001661, -0.0001364, -0.0001738, -0.0002222, -0.0002156, -0.000165, -0.0001364, -0.0001749, -0.0002255, -0.0002211, -0.0001584, -0.0001386, -0.00018040000000000002, -0.00022, -0.0002156, -0.0001683, -0.0001408, -0.0001562, -0.0002167, -0.0002167, -0.0001705, -0.0001463, -0.0001738, -0.0002233, -0.0002101, -0.0001562, -0.0001408, -0.00018150000000000002, -0.0002178, -0.0002189, -0.0001705, -0.0001353, -0.0001749, -0.0002178, -0.0002156, -0.00018260000000000002, -0.0001265, -0.0001694, -0.0002211, -0.0002134, -0.0001639, -0.0001419, -0.0001749, -0.0002222, -0.0002178, -0.000165, -0.0001386, -0.0001738, -0.0002277, -0.0002156, -0.0001705, -0.0001397, -0.00017710000000000002, -0.0002145, -0.0002145, -0.00017930000000000002, -0.0001309, -0.0001716, -0.0002178, -0.0002211, -0.0001727, -0.0001419, -0.0001727, -0.0002211, -0.0002167, -0.0001617, -0.0001441, -0.00017820000000000002, -0.0002222, -0.0002134, -0.0001683, -0.0001353, -0.0001705, -0.0002277, -0.0002079, -0.0001639, -0.000143, -0.00017710000000000002, -0.0002156, -0.0002167, -0.0001628, -0.0001342, -0.0001727, -0.0002167, -0.0002145, -0.0001606, -0.0001375, -0.0001716, -0.0002288, -0.0002134, -0.0001705, -0.0001485, -0.0001749, -0.0002145, -0.0002112, -0.0001716, -0.000143, -0.0001749, -0.0002222, -0.0002145, -0.0001584, -0.0001353, -0.0001727, -0.0002112, -0.0002167, -0.0001606, -0.0001452, -0.00017930000000000002, -0.00022, -0.0002156, -0.0001705, -0.0001485, -0.0001716, -0.0002145, -0.0002112, -0.0001529, -0.0001419, -0.0001705, -0.0002189, -0.0002123, -0.0001705, -0.0001353, -0.00017820000000000002, -0.0002112, -0.0002035, -0.0001584, -0.0001386, -0.0001705, -0.0002244, -0.0002244, -0.0001727, -0.0001441, -0.0001716, -0.0002211, -0.0002101, -0.0001595, -0.0001375, -0.0001672, -0.0002178, -0.0002167, -0.0001661, -0.0001375, -0.0001727, -0.00022, -0.0002211, -0.0001595, -0.0001353, -0.0001694, -0.0002211, -0.0002112, -0.0001716, -0.0001364, -0.0001683, -0.0002211, -0.00019250000000000002, -0.0001617, -0.000143, -0.0001749, -0.0002167, -0.00022, -0.0001694, -0.000143, -0.0001683, -0.0002222, -0.0002057, -0.0001639, -0.0001397, -0.000165, -0.0002233, -0.000209, -0.0001661, -0.0001408, -0.0001683, -0.0002156, -0.0002035, -0.0001573, -0.0001386, -0.00018260000000000002, -0.0002134, -0.0002145, -0.0001694, -0.0001386, -0.0001727, -0.0002123, -0.0002178, -0.0001606, -0.0001364, -0.0001672, -0.0002167, -0.0002167, -0.0001628, -0.0001419, -0.0001716, -0.00022, -0.0002134, -0.0001738, -0.0001342, -0.00018150000000000002, -0.0002167, -0.0002211, -0.0001683, -0.0001342, -0.00019360000000000002, -0.0002211, -0.00022, -0.0001639, -0.0001397, -0.00017710000000000002, -0.0002156, -0.0002145, -0.0001683, -0.0001386, -0.0001727, -0.0002046, -0.0002189, -0.0001628, -0.0001342, -0.000176, -0.0002189, -0.0002178, -0.0001661, -0.0001386, -0.000165, -0.0002277, -0.0002035, -0.0001672, -0.0001408, -0.0001716, -0.0002233, -0.0002222, -0.0001705, -0.0001474, -0.0001716, -0.0002222, -0.0002211, -0.0001694, -0.000143, -0.00017710000000000002, -0.0002233, -0.0002233, -0.0001694, -0.0001298, -0.0001727, -0.00022, -0.0002145, -0.0001584, -0.0001386, -0.0001705, -0.0002145, -0.0002156, -0.0001694, -0.0001419, -0.00017710000000000002, -0.0002145, -0.0002178, -0.0001639, -0.0001397, -0.00018260000000000002, -0.0002101, -0.0002156, -0.0001705, -0.0001408, -0.0001727, -0.0002222, -0.0002068, -0.0001683, -0.0001452, -0.0001672, -0.0002266, -0.0002233, -0.000165, -0.0001485, -0.0001683, -0.0002167, -0.0002057, -0.0001727, -0.0001386, -0.00017710000000000002, -0.0002266, -0.0002134, -0.0001606, -0.0001463, -0.0001683, -0.00022, -0.0002178, -0.0001661, -0.0001408, -0.00017710000000000002, -0.0002266, -0.0002035, -0.0001628, -0.0001342, -0.0001727, -0.0002178, -0.0002189, -0.0001606, -0.0001276, -0.0001661, -0.0002189, -0.0002123, -0.0001738, -0.0001408, -0.0001716, -0.0002123, -0.0002123, -0.0001617, -0.0001397, -0.0001727, -0.00022, -0.0002123, -0.0001628, -0.0001408, -0.0001694, -0.0002167, -0.0002167, -0.0001551, -0.0001397, -0.00018040000000000002, -0.0002266, -0.0002156, -0.000176, -0.0001309, -0.0001738, -0.00022, -0.0002101, -0.0001606, -0.0001309, -0.0001628, -0.0002145, -0.0002222, -0.0001727, -0.0001397, -0.0001683, -0.0002266, -0.0002189, -0.0001606]","[0.0003443, 0.0006919000000000001, 0.0010208, 0.0009141, 0.000506, 0.0003454, 0.0006864, 0.0010208, 0.0009251000000000001, 0.0005082, 0.00035640000000000004, 0.0006853, 0.0010263, 0.0009108, 0.0005071, 0.0003641, 0.0006886, 0.0010186000000000001, 0.0009295000000000001, 0.0005115, 0.0003553, 0.0006886, 0.0010318, 0.0009163000000000001, 0.0004994, 0.0003465, 0.0006963000000000001, 0.0010241, 0.0009185, 0.0005038, 0.0003553, 0.0006963000000000001, 0.0010296, 0.0009295000000000001, 0.0005082, 0.00036080000000000004, 0.0006974, 0.0010307, 0.0009295000000000001, 0.0005049000000000001, 0.00035420000000000004, 0.0006941, 0.0010274000000000001, 0.0009317, 0.0005049000000000001, 0.00035860000000000004, 0.0006908, 0.0010296, 0.0009328, 0.0005049000000000001, 0.00036520000000000004, 0.0006853, 0.0010318, 0.0009328, 0.0005126, 0.00036300000000000004, 0.0006919000000000001, 0.0010241, 0.0009196, 0.000506, 0.00036740000000000004, 0.0006985, 0.0010318, 0.0009251000000000001, 0.0005049000000000001, 0.00035860000000000004, 0.0006886, 0.0010285000000000001, 0.000924, 0.0005071, 0.0003476, 0.0006875000000000001, 0.0010307, 0.0009141, 0.0005049000000000001, 0.0003531, 0.0006809, 0.0010296, 0.0009207000000000001, 0.0005038, 0.000352, 0.0006952, 0.0010263, 0.0009317, 0.0004972, 0.0003487, 0.0006974, 0.0010285000000000001, 0.0009130000000000001, 0.000506, 0.0003619, 0.0006963000000000001, 0.0010263, 0.0009218000000000001, 0.0005071, 0.00035860000000000004, 0.0006897, 0.0010307, 0.0009119, 0.0005016, 0.00035860000000000004, 0.000693, 0.0010307, 0.0009152, 0.0005049000000000001, 0.00035420000000000004, 0.000693, 0.0010241, 0.0009229, 0.0005104, 0.00035860000000000004, 0.0006864, 0.0010307, 0.0009196, 0.0005016, 0.0003553, 0.0006963000000000001, 0.0010362000000000001, 0.0009196, 0.0004972, 0.00035860000000000004, 0.0006963000000000001, 0.0010219, 0.0009196, 0.0005038, 0.0003487, 0.0006996, 0.0010274000000000001, 0.0009185, 0.0005005000000000001, 0.00035640000000000004, 0.0006842, 0.0010307, 0.0009185, 0.0004906, 0.0003553, 0.0006963000000000001, 0.0010285000000000001, 0.0009152, 0.0004972, 0.0003597, 0.0007106, 0.0010197000000000001, 0.0009218000000000001, 0.0005104, 0.00036300000000000004, 0.000693, 0.0010219, 0.0009185, 0.0005027, 0.0003575, 0.0006974, 0.0010384, 0.0009218000000000001, 0.0005016, 0.0003509, 0.0006952, 0.0010274000000000001, 0.0009251000000000001, 0.0004994, 0.00035420000000000004, 0.0006941, 0.0010219, 0.0009207000000000001, 0.000495, 0.0003553, 0.000693, 0.0010241, 0.0009196, 0.0005016, 0.0003498, 0.0006886, 0.0010307, 0.0009262000000000001, 0.0005115, 0.0003553, 0.000693, 0.001023, 0.0009163000000000001, 0.0004994, 0.00036520000000000004, 0.0006941, 0.0010318, 0.0009207000000000001, 0.0005027, 0.00036080000000000004, 0.0006919000000000001, 0.0010241, 0.0009174000000000001, 0.0005093000000000001, 0.0003597, 0.0007018, 0.0010186000000000001, 0.0009207000000000001, 0.000506, 0.00035640000000000004, 0.0006919000000000001, 0.001023, 0.0009196, 0.0005027, 0.0003553, 0.0006897, 0.0010252, 0.0009251000000000001, 0.0005137000000000001, 0.0003597, 0.0006952, 0.0010351, 0.0009295000000000001, 0.0005049000000000001, 0.0003509, 0.0007018, 0.0010263, 0.0009229, 0.0005082, 0.0003509, 0.0007062, 0.0010274000000000001, 0.0009229, 0.0005093000000000001, 0.0003531, 0.000693, 0.0010329, 0.0009130000000000001, 0.0004983, 0.00036080000000000004, 0.0007018, 0.001023, 0.0009207000000000001, 0.0004928, 0.0003553, 0.0006919000000000001, 0.0010307, 0.0009229, 0.0005093000000000001, 0.0003597, 0.0006952, 0.0010274000000000001, 0.0009218000000000001, 0.0005027, 0.0003597, 0.0006919000000000001, 0.0010252, 0.0009130000000000001, 0.0004928, 0.000352, 0.0006985, 0.0010241, 0.0009218000000000001, 0.0005016, 0.0003476, 0.0006919000000000001, 0.0010384, 0.000924, 0.0004961000000000001, 0.00035640000000000004, 0.0006952, 0.0010274000000000001, 0.0009086000000000001, 0.0004983, 0.0003663, 0.0006985, 0.0010241, 0.0009108, 0.0005049000000000001, 0.0003487, 0.0006875000000000001, 0.0010318, 0.0009119, 0.0005049000000000001, 0.00036080000000000004, 0.0006996, 0.0010373000000000001, 0.0009317, 0.0004972, 0.00035420000000000004, 0.0006963000000000001, 0.0010263, 0.0009174000000000001, 0.0004994, 0.0003498, 0.000693, 0.0010285000000000001, 0.0009174000000000001, 0.000506, 0.00035420000000000004, 0.0006996, 0.0010263, 0.0009218000000000001, 0.0005038, 0.00035420000000000004, 0.0007007000000000001, 0.0010307, 0.0009273, 0.0004994, 0.0003476, 0.0006875000000000001, 0.001023, 0.0009251000000000001, 0.000495, 0.0003465, 0.0007007000000000001, 0.0010219, 0.0009185, 0.0005027, 0.0003575, 0.0007084000000000001, 0.0010307, 0.0009174000000000001, 0.0005027, 0.0003619, 0.0007029, 0.0010208, 0.0009174000000000001, 0.0004972, 0.00036300000000000004, 0.0007018, 0.0010219, 0.0009075, 0.0005104, 0.00035860000000000004, 0.0006974, 0.0010197000000000001, 0.000924, 0.0004972, 0.00036520000000000004, 0.0006996, 0.0010296, 0.0009130000000000001, 0.0004961000000000001, 0.0003619, 0.0007007000000000001, 0.0010241, 0.0009196, 0.000495, 0.0003597, 0.0006974, 0.0010384, 0.0009196, 0.0005016, 0.0003553, 0.0007073, 0.0010285000000000001, 0.0009097, 0.0004994, 0.00035420000000000004, 0.000693, 0.0010263, 0.0009218000000000001, 0.0004884, 0.00035860000000000004, 0.0007095000000000001, 0.0010318, 0.0009229, 0.0005038, 0.00035640000000000004, 0.0007018, 0.0010307, 0.0009163000000000001, 0.0005049000000000001, 0.0003553, 0.0006952, 0.0010241, 0.0009218000000000001, 0.0005005000000000001, 0.00036080000000000004, 0.0006908, 0.0010285000000000001, 0.000924, 0.0005005000000000001, 0.00035420000000000004, 0.0007029, 0.0010274000000000001, 0.0009108, 0.0005027, 0.00036080000000000004, 0.0006864, 0.0010406, 0.0009207000000000001, 0.0005115, 0.0003685, 0.0006952, 0.0010307, 0.0009152, 0.0005082, 0.00035860000000000004, 0.0006974, 0.0010252, 0.0009163000000000001, 0.0004917, 0.00036080000000000004, 0.0007007000000000001, 0.001034, 0.0009218000000000001, 0.0005104, 0.0003498, 0.0006996, 0.0010395, 0.0009097, 0.0005093000000000001, 0.0003619, 0.0006963000000000001, 0.001034, 0.0009174000000000001, 0.0005115, 0.0003509, 0.0007007000000000001, 0.0010307, 0.0009262000000000001, 0.000495, 0.00036740000000000004, 0.0006952, 0.0010285000000000001, 0.0009207000000000001, 0.0004983, 0.000352, 0.0006985, 0.0010318, 0.0009251000000000001, 0.0005082, 0.0003597, 0.0007018, 0.0010318, 0.0009218000000000001, 0.000495, 0.0003663, 0.0007117, 0.0010197000000000001, 0.0009152, 0.0005137000000000001, 0.0003509, 0.0006952, 0.0010362000000000001, 0.0009218000000000001, 0.000495, 0.0003476, 0.0007051000000000001, 0.0010296, 0.0009152, 0.0005049000000000001, 0.0003597, 0.0006985, 0.0010329, 0.0009218000000000001, 0.0004961000000000001, 0.0003575, 0.0007062, 0.0010274000000000001, 0.000924, 0.0004961000000000001, 0.0003641, 0.0006952, 0.001034, 0.0009163000000000001, 0.0005027, 0.00035640000000000004, 0.0007051000000000001, 0.0010274000000000001, 0.000924, 0.0004961000000000001, 0.00036520000000000004, 0.0006985, 0.0010351, 0.0009196, 0.0005027, 0.0003641, 0.0006974, 0.0010252, 0.0009141, 0.0005016, 0.0003575, 0.0007062, 0.0010263, 0.0009152, 0.0005027, 0.00035860000000000004, 0.0007051000000000001, 0.001034, 0.0009152, 0.0005104, 0.00035420000000000004, 0.0007051000000000001, 0.0010373000000000001, 0.0009163000000000001, 0.0004862, 0.0003597, 0.000704, 0.0010417, 0.0009196, 0.0005027, 0.00036740000000000004, 0.0007029, 0.0010351, 0.0009196, 0.0004983, 0.00036520000000000004, 0.0006996, 0.0010285000000000001, 0.0009141, 0.0005016]",14
50,"[-0.000121, -0.0001188, -0.0001628, -0.00020240000000000001, -0.0001683, -0.0001155, -0.0001166, -0.000165, -0.0002079, -0.00017820000000000002, -0.0001276, -0.0001122, -0.0001661, -0.0002211, -0.00018040000000000002, -0.0001254, -0.0001155, -0.0001617, -0.0002156, -0.00019580000000000002, -0.0001364, -0.0001188, -0.0001738, -0.0002134, -0.00018700000000000002, -0.0001177, -0.00011, -0.0001672, -0.0002046, -0.00018590000000000002, -0.0001298, -0.0001188, -0.0001705, -0.0002046, -0.00019140000000000002, -0.0001133, -0.0001243, -0.0001661, -0.0002134, -0.00018700000000000002, -0.0001276, -0.0001056, -0.0001727, -0.00022, -0.00019250000000000002, -0.0001221, -0.0001122, -0.0001694, -0.0002112, -0.00018480000000000002, -0.0001144, -0.0001199, -0.0001749, -0.0002156, -0.00019140000000000002, -0.0001221, -0.0001287, -0.000165, -0.0002035, -0.00018920000000000002, -0.0001177, -0.0001232, -0.0001749, -0.0002156, -0.00018700000000000002, -0.0001276, -0.00011, -0.0001705, -0.0002101, -0.00017930000000000002, -0.0001265, -0.000121, -0.0001738, -0.0002068, -0.00018920000000000002, -0.0001265, -0.0001122, -0.00018480000000000002, -0.00020240000000000001, -0.00018040000000000002, -0.0001221, -0.0001155, -0.000176, -0.000209, -0.00018040000000000002, -0.0001309, -0.0001144, -0.00018260000000000002, -0.0002145, -0.00018810000000000002, -0.0001254, -0.0001199, -0.0001738, -0.0002101, -0.00018040000000000002, -0.0001265, -0.0001078, -0.0001617, -0.0002145, -0.00019250000000000002, -0.0001353, -0.0001188, -0.00017820000000000002, -0.0002134, -0.00018480000000000002, -0.0001265, -0.0001133, -0.00017710000000000002, -0.0002167, -0.00018150000000000002, -0.0001243, -0.0001034, -0.0001727, -0.00020020000000000001, -0.00018370000000000002, -0.0001309, -0.00011, -0.00017710000000000002, -0.000209, -0.00018590000000000002, -0.0001276, -0.0001188, -0.0001727, -0.00022, -0.00018040000000000002, -0.0001419, -0.0001199, -0.000176, -0.0002167, -0.00019470000000000002, -0.0001353, -0.0001199, -0.00018040000000000002, -0.0002145, -0.00019360000000000002, -0.0001331, -0.000121, -0.0001738, -0.0002189, -0.00019910000000000001, -0.0001221, -0.000121, -0.0001749, -0.00022, -0.00018150000000000002, -0.0001221, -0.000121, -0.00018040000000000002, -0.0002112, -0.00019580000000000002, -0.0001265, -0.0001111, -0.0001727, -0.0002189, -0.00018590000000000002, -0.0001287, -0.0001155, -0.0001738, -0.0002211, -0.00019470000000000002, -0.0001243, -0.0001265, -0.0001683, -0.0002178, -0.00020130000000000001, -0.0001232, -0.0001166, -0.000176, -0.0002101, -0.00019470000000000002, -0.0001276, -0.0001144, -0.00018480000000000002, -0.0002244, -0.00019800000000000002, -0.0001309, -0.0001166, -0.00018040000000000002, -0.0002255, -0.00018260000000000002, -0.0001353, -0.0001133, -0.00017820000000000002, -0.0002244, -0.00019360000000000002, -0.0001243, -0.00011, -0.0001738, -0.0002156, -0.00018920000000000002, -0.0001276, -0.0001188, -0.0001661, -0.0002211, -0.00018920000000000002, -0.000121, -0.0001199, -0.00018150000000000002, -0.0002211, -0.00018810000000000002, -0.0001342, -0.0001166, -0.00018150000000000002, -0.00022, -0.00019580000000000002, -0.0001243, -0.0001309, -0.0001738, -0.0002134, -0.00019690000000000002, -0.0001254, -0.0001133, -0.00017820000000000002, -0.0002112, -0.00019140000000000002, -0.0001232, -0.000121, -0.00018370000000000002, -0.000209, -0.00019800000000000002, -0.0001331, -0.0001166, -0.00018810000000000002, -0.0002134, -0.00018700000000000002, -0.0001309, -0.0001133, -0.0001738, -0.0002255, -0.00019030000000000002, -0.0001331, -0.0001188, -0.0001749, -0.0002145, -0.00018150000000000002, -0.0001298, -0.0001177, -0.00018150000000000002, -0.0002123, -0.00018040000000000002, -0.0001276, -0.0001144, -0.00018150000000000002, -0.00022, -0.00019250000000000002, -0.000132, -0.0001089, -0.0001738, -0.00022, -0.00019250000000000002, -0.0001364, -0.0001254, -0.0001738, -0.0002123, -0.00019580000000000002, -0.000132, -0.0001155, -0.00018480000000000002, -0.0002277, -0.00019580000000000002, -0.0001276, -0.0001111, -0.000176, -0.0002189, -0.00019030000000000002, -0.0001287, -0.0001254, -0.00018040000000000002, -0.0002222, -0.00019360000000000002, -0.0001254, -0.0001243, -0.00017930000000000002, -0.0002167, -0.00018480000000000002, -0.0001254, -0.0001254, -0.0001661, -0.0002167, -0.00018920000000000002, -0.000132, -0.0001221, -0.000176, -0.0002112, -0.00019140000000000002, -0.0001342, -0.0001232, -0.0001727, -0.0002178, -0.00018810000000000002, -0.000132, -0.0001199, -0.00017710000000000002, -0.0002277, -0.00018700000000000002, -0.0001243, -0.0001243, -0.00018260000000000002, -0.0002277, -0.00019580000000000002, -0.0001287, -0.0001122, -0.00017930000000000002, -0.0002167, -0.00018810000000000002, -0.0001276, -0.0001177, -0.00018150000000000002, -0.0002189, -0.00019140000000000002, -0.0001331, -0.0001188, -0.00018150000000000002, -0.0002222, -0.00019030000000000002, -0.0001243, -0.0001166, -0.00017710000000000002, -0.0002079, -0.00019030000000000002, -0.0001199, -0.0001166, -0.0001716, -0.0002189, -0.00019360000000000002, -0.0001188, -0.0001232, -0.00018150000000000002, -0.0002167, -0.00018920000000000002, -0.0001254, -0.0001199, -0.0001749, -0.0002156, -0.00018590000000000002, -0.0001276, -0.0001188, -0.00018370000000000002, -0.0002101, -0.00020130000000000001, -0.0001265, -0.000121, -0.00018920000000000002, -0.0002178, -0.00019690000000000002, -0.0001364, -0.0001188, -0.00017930000000000002, -0.0002222, -0.00018920000000000002, -0.0001287, -0.0001287, -0.000176, -0.0002211, -0.00019470000000000002, -0.000121, -0.0001166, -0.0001749, -0.0002255, -0.00019360000000000002, -0.0001265, -0.0001232, -0.00017820000000000002, -0.0002266, -0.00019470000000000002, -0.0001342, -0.0001221, -0.0001716, -0.0002156, -0.00019690000000000002, -0.0001419, -0.0001221, -0.00018040000000000002, -0.0002222, -0.00019140000000000002, -0.0001408, -0.0001144, -0.00018040000000000002, -0.0002222, -0.00019140000000000002, -0.0001232, -0.0001243, -0.0001738, -0.0002211, -0.00019580000000000002, -0.0001221, -0.000121, -0.0001738, -0.0002189, -0.00018150000000000002, -0.0001276, -0.0001232, -0.00018040000000000002, -0.0002167, -0.00018370000000000002, -0.0001364, -0.0001122, -0.00018040000000000002, -0.0002277, -0.00018920000000000002, -0.0001276, -0.0001243, -0.00017710000000000002, -0.0002222, -0.00018810000000000002, -0.0001166, -0.0001232, -0.0001716, -0.0002266, -0.00019800000000000002, -0.0001386, -0.0001232, -0.0001749, -0.0002145, -0.00019690000000000002, -0.0001254, -0.0001287, -0.0001705, -0.0002189, -0.00019580000000000002, -0.000121, -0.0001243, -0.00018480000000000002, -0.0002167, -0.00019470000000000002, -0.0001177, -0.0001254, -0.000176, -0.0002156, -0.00019030000000000002, -0.0001364, -0.0001177, -0.000176, -0.00022, -0.00018810000000000002, -0.0001331, -0.000121, -0.0001749, -0.0002112, -0.00019910000000000001, -0.000121, -0.000121, -0.00017710000000000002, -0.0002189, -0.00019580000000000002, -0.0001298, -0.0001298, -0.00018150000000000002, -0.0002156, -0.00018370000000000002, -0.0001276, -0.0001309, -0.00018260000000000002, -0.00022, -0.00019360000000000002, -0.000121, -0.000121, -0.0001694, -0.0002233, -0.00018590000000000002, -0.0001254, -0.0001199, -0.00018480000000000002, -0.00022, -0.00019250000000000002, -0.000121, -0.0001199, -0.0001727, -0.0002145, -0.00019470000000000002, -0.0001265, -0.0001254, -0.0001749, -0.0002156, -0.00018480000000000002, -0.0001287, -0.0001155, -0.00017710000000000002, -0.0002167, -0.00019800000000000002, -0.000121, -0.0001166, -0.00017820000000000002, -0.0002068, -0.00019030000000000002, -0.0001353, -0.0001276, -0.00017710000000000002, -0.0002255, -0.00018370000000000002, -0.0001254, -0.0001276, -0.00018260000000000002, -0.0002189, -0.00018590000000000002, -0.0001243, -0.0001287, -0.0001716, -0.0002189, -0.00019360000000000002]","[-0.0001606, -0.000143, -0.0001749, -0.0002156, -0.0002178, -0.000165, -0.000132, -0.00017710000000000002, -0.0002255, -0.00022, -0.00017930000000000002, -0.0001331, -0.0001694, -0.0002167, -0.0002167, -0.000165, -0.0001331, -0.0001661, -0.0002079, -0.0002101, -0.0001628, -0.000143, -0.0001705, -0.0002222, -0.0002123, -0.0001694, -0.0001353, -0.0001749, -0.0002123, -0.0002156, -0.00017710000000000002, -0.0001342, -0.0001716, -0.0002178, -0.0002178, -0.0001628, -0.0001342, -0.0001672, -0.0002178, -0.0002189, -0.0001661, -0.0001441, -0.0001749, -0.0002244, -0.0002167, -0.0001595, -0.0001386, -0.00017820000000000002, -0.0002211, -0.0002266, -0.0001683, -0.0001397, -0.0001738, -0.0002255, -0.0002123, -0.0001628, -0.0001397, -0.00017710000000000002, -0.0002112, -0.0002211, -0.0001716, -0.0001419, -0.00017930000000000002, -0.0002145, -0.0002145, -0.0001606, -0.000143, -0.00018480000000000002, -0.0002343, -0.0002145, -0.000165, -0.0001397, -0.0001694, -0.0002222, -0.0002189, -0.0001628, -0.0001408, -0.00018480000000000002, -0.0002222, -0.0002156, -0.000165, -0.0001452, -0.0001716, -0.0002189, -0.00020240000000000001, -0.0001595, -0.0001364, -0.000176, -0.0002156, -0.0002134, -0.000165, -0.000143, -0.0001694, -0.0002233, -0.0002167, -0.0001617, -0.0001309, -0.00018040000000000002, -0.0002189, -0.0002189, -0.0001628, -0.0001386, -0.0001727, -0.00022, -0.0002277, -0.0001573, -0.0001342, -0.00017710000000000002, -0.0002255, -0.00022, -0.0001683, -0.0001386, -0.0001683, -0.00022, -0.0002035, -0.0001562, -0.0001364, -0.0001683, -0.0002277, -0.0002178, -0.0001639, -0.0001331, -0.0001694, -0.0002145, -0.0002068, -0.0001628, -0.0001441, -0.00018590000000000002, -0.0002255, -0.0002134, -0.000165, -0.0001463, -0.00017710000000000002, -0.00022, -0.0002233, -0.000165, -0.0001353, -0.0001694, -0.0002299, -0.00022, -0.0001694, -0.0001375, -0.00018700000000000002, -0.0002211, -0.0002046, -0.0001705, -0.0001364, -0.00017820000000000002, -0.00022, -0.0002101, -0.0001672, -0.000143, -0.0001749, -0.0002343, -0.0002222, -0.0001683, -0.0001463, -0.0001705, -0.0002321, -0.0002288, -0.0001705, -0.0001408, -0.0001738, -0.0002244, -0.0002145, -0.0001584, -0.000132, -0.00017930000000000002, -0.0002123, -0.0002189, -0.0001661, -0.0001397, -0.00018700000000000002, -0.0002156, -0.0002189, -0.0001595, -0.0001419, -0.00017930000000000002, -0.0002156, -0.0002123, -0.0001705, -0.0001441, -0.00017710000000000002, -0.0002068, -0.0002145, -0.0001617, -0.0001397, -0.0001738, -0.0002189, -0.0002156, -0.0001584, -0.0001408, -0.00018150000000000002, -0.0002211, -0.0002123, -0.0001595, -0.0001441, -0.0001716, -0.0002211, -0.0002266, -0.0001727, -0.0001408, -0.000176, -0.0002288, -0.0002112, -0.0001551, -0.0001397, -0.0001694, -0.0002123, -0.0002101, -0.00017710000000000002, -0.000143, -0.0001727, -0.0002266, -0.0002134, -0.0001694, -0.0001375, -0.00018370000000000002, -0.0002112, -0.0002123, -0.000165, -0.0001452, -0.0001705, -0.0002222, -0.0002134, -0.0001639, -0.0001342, -0.00018150000000000002, -0.0002145, -0.0002123, -0.0001606, -0.0001364, -0.0001749, -0.0002167, -0.00022, -0.0001606, -0.0001397, -0.000165, -0.0002134, -0.00022, -0.000165, -0.0001342, -0.00018040000000000002, -0.000231, -0.0002123, -0.0001628, -0.0001452, -0.0001738, -0.0002211, -0.0002079, -0.00018150000000000002, -0.0001386, -0.0001683, -0.0002255, -0.0002178, -0.0001716, -0.0001419, -0.0001727, -0.0002299, -0.0002156, -0.0001716, -0.0001419, -0.0001727, -0.0002211, -0.0002123, -0.000154, -0.0001364, -0.0001716, -0.00022, -0.0002101, -0.0001716, -0.000132, -0.00018260000000000002, -0.0002244, -0.0002145, -0.0001628, -0.0001287, -0.0001705, -0.0002244, -0.0002101, -0.0001694, -0.0001463, -0.0001749, -0.0002222, -0.0002145, -0.0001705, -0.0001397, -0.00018370000000000002, -0.0002332, -0.0002156, -0.000165, -0.0001474, -0.0001606, -0.0002211, -0.0002123, -0.0001584, -0.0001309, -0.0001738, -0.0002211, -0.0002123, -0.0001573, -0.0001386, -0.00018700000000000002, -0.0002255, -0.0002134, -0.0001661, -0.0001331, -0.0001694, -0.0002299, -0.0002145, -0.0001672, -0.0001353, -0.00017710000000000002, -0.00022, -0.0002134, -0.0001529, -0.0001342, -0.000176, -0.0002211, -0.0002079, -0.000165, -0.0001386, -0.00018040000000000002, -0.00022, -0.0002145, -0.0001628, -0.0001353, -0.000176, -0.0002233, -0.00022, -0.0001639, -0.0001441, -0.00018480000000000002, -0.0002178, -0.0002112, -0.000154, -0.0001331, -0.00018040000000000002, -0.0002178, -0.0002178, -0.0001573, -0.0001342, -0.00017930000000000002, -0.0002134, -0.00022, -0.0001496, -0.0001364, -0.00018260000000000002, -0.0002189, -0.0002178, -0.0001683, -0.0001463, -0.0001749, -0.0002277, -0.0002266, -0.0001628, -0.0001309, -0.00018150000000000002, -0.0002167, -0.0002178, -0.0001573, -0.0001364, -0.00018370000000000002, -0.000231, -0.0002101, -0.0001606, -0.0001364, -0.0001738, -0.0002211, -0.0002244, -0.00017930000000000002, -0.0001441, -0.000176, -0.0002255, -0.000209, -0.0001617, -0.0001342, -0.0001683, -0.0002167, -0.0002134, -0.0001595, -0.0001441, -0.0001749, -0.0002189, -0.0002134, -0.0001716, -0.0001342, -0.000165, -0.0002233, -0.0002123, -0.0001595, -0.0001419, -0.0001727, -0.0002156, -0.0002178, -0.0001661, -0.0001309, -0.00018150000000000002, -0.00022, -0.0002167, -0.0001617, -0.0001408, -0.00018040000000000002, -0.0002233, -0.00020240000000000001, -0.0001639, -0.0001419, -0.0001738, -0.0002244, -0.0002222, -0.0001617, -0.0001276, -0.00017930000000000002, -0.0002211, -0.0002156, -0.0001694, -0.0001386, -0.00018700000000000002, -0.000209, -0.0002211, -0.0001683, -0.0001441, -0.00018040000000000002, -0.000209, -0.0002156, -0.0001639, -0.0001309, -0.000176, -0.0002277, -0.0002134, -0.0001738, -0.0001397, -0.0001738, -0.0002211, -0.000209, -0.0001694, -0.0001364, -0.0001672, -0.0002244, -0.0002101, -0.0001628, -0.0001408, -0.00018700000000000002, -0.0002156, -0.0002189, -0.0001683, -0.0001386, -0.00017820000000000002, -0.0002178, -0.0002057, -0.0001595, -0.0001353, -0.00018150000000000002, -0.0002178, -0.0002068, -0.0001705, -0.0001386, -0.00017710000000000002, -0.0002178, -0.0002123, -0.0001628, -0.0001419, -0.0001705, -0.000209, -0.0002222, -0.0001639, -0.0001397, -0.0001716, -0.0002233, -0.0002222, -0.0001617, -0.0001452, -0.00018040000000000002, -0.0002145, -0.0002112, -0.0001683, -0.0001496, -0.0001716, -0.0002244, -0.0002167, -0.0001749, -0.000132, -0.00018150000000000002, -0.000231, -0.000209, -0.0001606, -0.0001353, -0.000176, -0.0002123, -0.0002112, -0.0001584, -0.0001397, -0.00017710000000000002, -0.0002189, -0.0002057, -0.0001705, -0.0001309, -0.0001694, -0.0002255, -0.0002178]","[0.0004939, 0.00036740000000000004, 0.000715, 0.0010417, 0.0009174000000000001, 0.0004983, 0.0003641, 0.0007205, 0.0010450000000000001, 0.0009130000000000001, 0.0004961000000000001, 0.00036740000000000004, 0.0007139000000000001, 0.0010406, 0.0009218000000000001, 0.0004895, 0.0003685, 0.0007216000000000001, 0.0010450000000000001, 0.0009163000000000001, 0.0004928, 0.00035860000000000004, 0.0007282, 0.0010472, 0.0009141, 0.0005016, 0.00036740000000000004, 0.0007271000000000001, 0.0010395, 0.0009163000000000001, 0.0005038, 0.0003729, 0.0007194, 0.0010307, 0.0009262000000000001, 0.0004983, 0.00036520000000000004, 0.0007194, 0.0010483, 0.000924, 0.0005049000000000001, 0.00035860000000000004, 0.0007293, 0.0010428, 0.0009075, 0.0004939, 0.00036740000000000004, 0.0007315, 0.0010461000000000001, 0.0009152, 0.0004994, 0.0003773, 0.0007194, 0.0010483, 0.0009141, 0.000495, 0.00036300000000000004, 0.0007194, 0.0010472, 0.0009185, 0.0005038, 0.00038060000000000004, 0.0007194, 0.0010450000000000001, 0.0009229, 0.0004928, 0.0003685, 0.0007260000000000001, 0.0010483, 0.0009218000000000001, 0.0004906, 0.0003707, 0.0007117, 0.0010406, 0.0009218000000000001, 0.0004906, 0.00036740000000000004, 0.0007216000000000001, 0.0010494, 0.0009306000000000001, 0.0004994, 0.00036300000000000004, 0.0007293, 0.0010450000000000001, 0.000924, 0.0004972, 0.0003641, 0.0007216000000000001, 0.0010527, 0.0009163000000000001, 0.0004972, 0.0003663, 0.0007205, 0.0010439, 0.0009317, 0.0005016, 0.00037180000000000004, 0.0007249, 0.0010483, 0.0009174000000000001, 0.0004862, 0.0003663, 0.0007172000000000001, 0.0010461000000000001, 0.0009273, 0.0004884, 0.0003773, 0.0007227000000000001, 0.0010571, 0.0009152, 0.0005115, 0.00037620000000000004, 0.0007227000000000001, 0.0010516, 0.0009163000000000001, 0.0005016, 0.0003685, 0.0007293, 0.0010527, 0.000924, 0.0004961000000000001, 0.0003773, 0.0007139000000000001, 0.0010483, 0.0009185, 0.0005005000000000001, 0.00037400000000000004, 0.0007238, 0.0010571, 0.0009328, 0.0004983, 0.00038280000000000003, 0.0007227000000000001, 0.001056, 0.0009229, 0.0004994, 0.00037840000000000004, 0.0007205, 0.0010461000000000001, 0.0009284, 0.000495, 0.0003795, 0.0007326, 0.0010516, 0.0009295000000000001, 0.0004917, 0.00037180000000000004, 0.0007293, 0.0010516, 0.0009218000000000001, 0.0004895, 0.0003773, 0.0007348000000000001, 0.0010417, 0.0009251000000000001, 0.0005082, 0.0003707, 0.0007271000000000001, 0.0010604, 0.0009185, 0.0005005000000000001, 0.00038060000000000004, 0.0007249, 0.0010472, 0.000924, 0.000495, 0.00036960000000000004, 0.0007271000000000001, 0.001056, 0.0009339000000000001, 0.000495, 0.0003641, 0.0007227000000000001, 0.0010373000000000001, 0.0009218000000000001, 0.000495, 0.00037180000000000004, 0.0007315, 0.0010527, 0.0009152, 0.0004939, 0.0003663, 0.0007260000000000001, 0.0010527, 0.0009251000000000001, 0.0004928, 0.0003751, 0.0007205, 0.0010505, 0.0009251000000000001, 0.0004928, 0.00037400000000000004, 0.0007227000000000001, 0.0010571, 0.0009284, 0.0005027, 0.0003685, 0.0007381, 0.001056, 0.0009383000000000001, 0.0004939, 0.00037400000000000004, 0.0007271000000000001, 0.0010461000000000001, 0.0009273, 0.0005038, 0.00037620000000000004, 0.0007249, 0.0010494, 0.0009284, 0.0004983, 0.00036520000000000004, 0.0007260000000000001, 0.0010505, 0.0009218000000000001, 0.000495, 0.0003707, 0.0007315, 0.0010461000000000001, 0.0009251000000000001, 0.0004862, 0.0003773, 0.0007249, 0.0010450000000000001, 0.0009284, 0.000506, 0.0003773, 0.0007293, 0.0010505, 0.000924, 0.000495, 0.0003685, 0.0007326, 0.0010538000000000001, 0.0009218000000000001, 0.0005049000000000001, 0.00037400000000000004, 0.0007249, 0.0010494, 0.0009207000000000001, 0.0004928, 0.00037840000000000004, 0.0007282, 0.0010483, 0.000924, 0.0004928, 0.0003707, 0.0007260000000000001, 0.0010593, 0.0009218000000000001, 0.0004928, 0.0003707, 0.0007326, 0.0010516, 0.0009251000000000001, 0.0004917, 0.0003707, 0.0007326, 0.0010538000000000001, 0.000924, 0.0004906, 0.0003751, 0.0007183000000000001, 0.0010494, 0.0009163000000000001, 0.0004917, 0.0003641, 0.0007348000000000001, 0.001056, 0.0009229, 0.00048290000000000003, 0.0003707, 0.0007337, 0.0010582, 0.0009141, 0.0004928, 0.00036960000000000004, 0.0007337, 0.0010461000000000001, 0.000924, 0.0005016, 0.0003685, 0.0007194, 0.0010439, 0.0009196, 0.0004928, 0.0003773, 0.0007227000000000001, 0.0010450000000000001, 0.000924, 0.0005016, 0.0003663, 0.0007293, 0.0010505, 0.0009141, 0.0004884, 0.0003773, 0.0007227000000000001, 0.0010494, 0.0009284, 0.0004895, 0.0003795, 0.0007359, 0.0010571, 0.0009174000000000001, 0.0004939, 0.0003663, 0.000737, 0.0010571, 0.0009163000000000001, 0.0005005000000000001, 0.0003663, 0.0007282, 0.0010494, 0.0009207000000000001, 0.0004983, 0.0003773, 0.0007304000000000001, 0.0010428, 0.0009328, 0.0005005000000000001, 0.00037620000000000004, 0.0007315, 0.0010450000000000001, 0.0009196, 0.000484, 0.00036960000000000004, 0.0007359, 0.0010538000000000001, 0.0009218000000000001, 0.0004961000000000001, 0.00036960000000000004, 0.0007348000000000001, 0.0010461000000000001, 0.0009229, 0.0004961000000000001, 0.0003729, 0.0007194, 0.0010472, 0.0009196, 0.0004895, 0.00037400000000000004, 0.0007293, 0.001056, 0.0009207000000000001, 0.0004983, 0.00037180000000000004, 0.0007304000000000001, 0.0010604, 0.0009185, 0.0004961000000000001, 0.00036740000000000004, 0.0007293, 0.0010483, 0.0009196, 0.0004972, 0.00037840000000000004, 0.0007238, 0.0010483, 0.0009174000000000001, 0.0004928, 0.0003707, 0.0007238, 0.0010472, 0.000924, 0.0004873, 0.0003773, 0.0007326, 0.0010527, 0.0009185, 0.0005049000000000001, 0.0003729, 0.0007315, 0.0010527, 0.0009207000000000001, 0.0004917, 0.00037620000000000004, 0.0007293, 0.0010527, 0.0009185, 0.000495, 0.0003685, 0.0007326, 0.0010571, 0.0009196, 0.0004906, 0.0003729, 0.0007304000000000001, 0.0010538000000000001, 0.0009152, 0.000495, 0.0003751, 0.0007293, 0.001056, 0.0009218000000000001, 0.0004994, 0.00036520000000000004, 0.0007348000000000001, 0.0010571, 0.0009108, 0.0004862, 0.0003707, 0.0007315, 0.0010516, 0.0009163000000000001, 0.0004884, 0.0003663, 0.0007436000000000001, 0.0010538000000000001, 0.0009163000000000001, 0.0005005000000000001, 0.00037180000000000004, 0.0007326, 0.001056, 0.0009174000000000001, 0.0005027, 0.00038280000000000003, 0.0007348000000000001, 0.0010417, 0.0009251000000000001, 0.0004972, 0.0003729, 0.0007315, 0.0010516, 0.0009196, 0.0004939, 0.00037840000000000004, 0.0007249, 0.0010472, 0.0009306000000000001, 0.0004917, 0.0003707, 0.000737, 0.001067, 0.0009251000000000001, 0.0005027, 0.00037840000000000004, 0.0007293, 0.0010527, 0.0009207000000000001, 0.0004928, 0.0003707, 0.0007403, 0.0010450000000000001, 0.0009174000000000001, 0.0004972, 0.00037620000000000004, 0.0007337, 0.0010505, 0.0009185, 0.0004884, 0.0003685, 0.0007271000000000001, 0.0010417, 0.0009185, 0.0004939, 0.00037400000000000004, 0.0007337, 0.0010538000000000001, 0.0009108, 0.0004862, 0.0003883, 0.000737, 0.0010428, 0.0009251000000000001, 0.0004895, 0.00036740000000000004, 0.0007458, 0.0010626000000000001, 0.0009229, 0.0004983, 0.00038060000000000004, 0.0007282, 0.0010538000000000001, 0.0009218000000000001, 0.0004917, 0.00036740000000000004, 0.0007304000000000001, 0.0010472, 0.0009152, 0.000484, 0.0003685, 0.0007260000000000001, 0.0010428, 0.0009295000000000001, 0.0004961000000000001, 0.0003729, 0.0007282, 0.0010472, 0.0009130000000000001, 0.0004884, 0.00037400000000000004, 0.0007381, 0.0010516, 0.0009119, 0.0004884, 0.00036740000000000004, 0.000737, 0.0010494, 0.0009119]",15
51,"[-0.00019140000000000002, -0.0001309, -0.0001177, -0.00017710000000000002, -0.0002321, -0.00019360000000000002, -0.0001254, -0.000132, -0.00018040000000000002, -0.0002255, -0.00019910000000000001, -0.0001309, -0.0001166, -0.00018480000000000002, -0.000231, -0.00020240000000000001, -0.000132, -0.0001155, -0.00019030000000000002, -0.0002233, -0.00019800000000000002, -0.0001254, -0.0001155, -0.00018810000000000002, -0.0002222, -0.00019250000000000002, -0.0001342, -0.0001243, -0.00018260000000000002, -0.0002343, -0.0002035, -0.0001331, -0.0001375, -0.00018260000000000002, -0.0002178, -0.00019690000000000002, -0.000132, -0.0001232, -0.00018040000000000002, -0.0002277, -0.00018920000000000002, -0.0001309, -0.0001309, -0.00018480000000000002, -0.0002332, -0.00019580000000000002, -0.0001353, -0.000132, -0.00018920000000000002, -0.0002255, -0.00019910000000000001, -0.000132, -0.0001254, -0.00018150000000000002, -0.0002332, -0.0002046, -0.0001353, -0.000132, -0.00018150000000000002, -0.0002222, -0.0002068, -0.000132, -0.0001177, -0.00018480000000000002, -0.0002189, -0.00018260000000000002, -0.0001364, -0.0001243, -0.00018810000000000002, -0.0002332, -0.0002057, -0.0001298, -0.0001232, -0.00018590000000000002, -0.0002266, -0.00019800000000000002, -0.000132, -0.0001276, -0.00018480000000000002, -0.0002354, -0.00019470000000000002, -0.0001144, -0.0001287, -0.00018480000000000002, -0.0002376, -0.00019140000000000002, -0.0001364, -0.0001254, -0.00018480000000000002, -0.0002244, -0.00018810000000000002, -0.0001309, -0.000121, -0.00019140000000000002, -0.0002266, -0.00019690000000000002, -0.0001364, -0.0001232, -0.00018370000000000002, -0.0002255, -0.0002046, -0.0001309, -0.0001309, -0.00017710000000000002, -0.0002343, -0.00019580000000000002, -0.0001331, -0.0001254, -0.00018370000000000002, -0.0002244, -0.00019910000000000001, -0.000132, -0.0001177, -0.000176, -0.0002255, -0.0002101, -0.0001298, -0.0001276, -0.00019140000000000002, -0.0002277, -0.00018920000000000002, -0.0001342, -0.0001232, -0.00017820000000000002, -0.00022, -0.00019250000000000002, -0.0001331, -0.0001221, -0.00018810000000000002, -0.000231, -0.0002035, -0.0001243, -0.0001265, -0.00018260000000000002, -0.0002376, -0.00020020000000000001, -0.000132, -0.0001221, -0.00019030000000000002, -0.00022, -0.0002079, -0.0001265, -0.0001298, -0.000176, -0.0002354, -0.00020130000000000001, -0.0001331, -0.0001265, -0.00018370000000000002, -0.0002222, -0.00019030000000000002, -0.0001287, -0.0001309, -0.00018480000000000002, -0.0002255, -0.0002112, -0.0001386, -0.0001243, -0.00018810000000000002, -0.0002288, -0.00019250000000000002, -0.0001309, -0.0001243, -0.00018810000000000002, -0.0002255, -0.00019250000000000002, -0.0001353, -0.0001276, -0.00017930000000000002, -0.0002233, -0.00019250000000000002, -0.0001298, -0.0001243, -0.00018920000000000002, -0.0002244, -0.00019800000000000002, -0.0001265, -0.0001309, -0.00019250000000000002, -0.0002288, -0.00020130000000000001, -0.0001353, -0.0001144, -0.00018480000000000002, -0.0002299, -0.00020130000000000001, -0.0001309, -0.0001243, -0.00018700000000000002, -0.0002288, -0.00019250000000000002, -0.0001243, -0.0001243, -0.00019030000000000002, -0.0002233, -0.00020240000000000001, -0.0001276, -0.0001276, -0.00018920000000000002, -0.0002255, -0.00020240000000000001, -0.000132, -0.0001364, -0.00018150000000000002, -0.0002266, -0.00020130000000000001, -0.0001375, -0.0001276, -0.00018590000000000002, -0.0002189, -0.00019140000000000002, -0.0001342, -0.0001221, -0.00019030000000000002, -0.0002332, -0.00018700000000000002, -0.0001364, -0.0001265, -0.00018260000000000002, -0.0002288, -0.00019250000000000002, -0.0001331, -0.0001287, -0.00019140000000000002, -0.000231, -0.00019580000000000002, -0.0001408, -0.0001309, -0.00018150000000000002, -0.0002244, -0.00018700000000000002, -0.0001298, -0.0001276, -0.00019470000000000002, -0.0002376, -0.00019250000000000002, -0.000121, -0.0001221, -0.00017930000000000002, -0.0002266, -0.00019250000000000002, -0.000132, -0.0001188, -0.00018590000000000002, -0.0002145, -0.00019690000000000002, -0.0001309, -0.0001221, -0.00018370000000000002, -0.0002255, -0.00020240000000000001, -0.0001221, -0.0001287, -0.00019470000000000002, -0.0002277, -0.00019360000000000002, -0.0001342, -0.0001265, -0.00018150000000000002, -0.0002233, -0.0002035, -0.0001386, -0.0001221, -0.00018480000000000002, -0.0002266, -0.00019360000000000002, -0.0001309, -0.0001287, -0.00019140000000000002, -0.0002288, -0.00020020000000000001, -0.0001331, -0.0001177, -0.00018370000000000002, -0.0002244, -0.00020020000000000001, -0.0001309, -0.0001144, -0.00018700000000000002, -0.0002233, -0.00019800000000000002, -0.000132, -0.000132, -0.000176, -0.0002255, -0.00019470000000000002, -0.0001397, -0.000121, -0.00018810000000000002, -0.0002222, -0.00019580000000000002, -0.0001408, -0.0001265, -0.00018920000000000002, -0.0002222, -0.0002101, -0.0001287, -0.0001221, -0.00019800000000000002, -0.0002343, -0.00020240000000000001, -0.0001342, -0.0001177, -0.00018480000000000002, -0.000231, -0.00019580000000000002, -0.0001298, -0.0001199, -0.00018260000000000002, -0.0002266, -0.00019910000000000001, -0.0001353, -0.000121, -0.00018700000000000002, -0.0002277, -0.00019140000000000002, -0.0001353, -0.0001298, -0.00018370000000000002, -0.000231, -0.00019690000000000002, -0.0001331, -0.0001331, -0.00018260000000000002, -0.0002288, -0.00020130000000000001, -0.0001364, -0.0001254, -0.00018590000000000002, -0.0002299, -0.00019250000000000002, -0.0001265, -0.0001276, -0.00019140000000000002, -0.0002299, -0.00019250000000000002, -0.0001364, -0.0001287, -0.00018700000000000002, -0.000231, -0.00019580000000000002, -0.0001309, -0.0001276, -0.00018700000000000002, -0.0002266, -0.00019030000000000002, -0.0001298, -0.0001287, -0.00018590000000000002, -0.0002233, -0.0002068, -0.0001298, -0.0001232, -0.00018260000000000002, -0.0002299, -0.0002057, -0.0001309, -0.0001232, -0.00019250000000000002, -0.0002365, -0.00019140000000000002, -0.0001232, -0.0001243, -0.00018700000000000002, -0.0002244, -0.0002035, -0.0001309, -0.0001331, -0.00019910000000000001, -0.0002244, -0.00019030000000000002, -0.000132, -0.0001287, -0.00018480000000000002, -0.000231, -0.00019800000000000002, -0.0001298, -0.0001144, -0.00018370000000000002, -0.0002266, -0.00019250000000000002, -0.0001309, -0.0001265, -0.00018040000000000002, -0.0002189, -0.00019360000000000002, -0.0001441, -0.0001188, -0.00019470000000000002, -0.0002332, -0.00019690000000000002, -0.0001243, -0.000132, -0.00018480000000000002, -0.0002233, -0.00020130000000000001, -0.0001353, -0.0001221, -0.00019800000000000002, -0.0002189, -0.00019800000000000002, -0.0001254, -0.0001177, -0.00019030000000000002, -0.0002277, -0.00019690000000000002, -0.0001342, -0.0001243, -0.00017930000000000002, -0.0002299, -0.00020240000000000001, -0.0001298, -0.0001265, -0.00018260000000000002, -0.0002299, -0.00019250000000000002, -0.0001276, -0.0001199, -0.00018260000000000002, -0.000231, -0.00019360000000000002, -0.0001386, -0.0001287, -0.00018040000000000002, -0.0002233, -0.00019800000000000002, -0.0001265, -0.0001276, -0.00019360000000000002, -0.0002409, -0.00019690000000000002, -0.0001386, -0.0001276, -0.00018810000000000002, -0.0002288, -0.00019800000000000002, -0.0001254, -0.0001243, -0.00018590000000000002, -0.0002299, -0.0002046, -0.0001298, -0.0001265, -0.00018700000000000002, -0.0002288, -0.00019140000000000002, -0.0001353, -0.0001254, -0.00018590000000000002, -0.0002244, -0.0002068, -0.0001364, -0.0001199, -0.00019470000000000002, -0.0002222, -0.00019580000000000002, -0.0001353, -0.000132, -0.00018920000000000002, -0.0002255, -0.00019690000000000002, -0.0001342, -0.0001287, -0.0001716, -0.0002277, -0.00019800000000000002, -0.000121, -0.0001287, -0.00019360000000000002, -0.0002222, -0.00020020000000000001, -0.0001265, -0.0001342, -0.00018810000000000002, -0.0002299, -0.00019800000000000002, -0.0001199, -0.0001144, -0.00017710000000000002, -0.0002343, -0.00018920000000000002, -0.0001309, -0.0001265, -0.00019140000000000002, -0.00022, -0.00020020000000000001, -0.0001342, -0.0001243, -0.00019250000000000002, -0.0002266, -0.00019360000000000002, -0.0001276, -0.0001243, -0.00017710000000000002, -0.000231, -0.00019250000000000002, -0.000132, -0.0001287, -0.00018040000000000002, -0.0002266]","[-0.0002156, -0.0001694, -0.0001386, -0.0001749, -0.0002167, -0.0002233, -0.0001672, -0.0001397, -0.0001749, -0.0002222, -0.0002145, -0.0001573, -0.0001408, -0.0001749, -0.0002156, -0.0002178, -0.0001727, -0.0001397, -0.0001705, -0.0002266, -0.0002178, -0.0001639, -0.0001441, -0.0001694, -0.0002244, -0.0002178, -0.0001551, -0.0001397, -0.00018260000000000002, -0.0002222, -0.0002101, -0.0001694, -0.0001375, -0.00018590000000000002, -0.00022, -0.0002156, -0.0001628, -0.0001474, -0.00018260000000000002, -0.0002266, -0.0002134, -0.0001584, -0.000132, -0.00017710000000000002, -0.0002266, -0.0002123, -0.0001628, -0.0001397, -0.00018040000000000002, -0.0002189, -0.0002145, -0.0001705, -0.000132, -0.00018260000000000002, -0.0002266, -0.0002145, -0.0001551, -0.0001419, -0.00017820000000000002, -0.0002145, -0.0002112, -0.0001584, -0.0001397, -0.00018590000000000002, -0.0002178, -0.0002079, -0.0001738, -0.0001452, -0.00018040000000000002, -0.0002233, -0.000209, -0.0001628, -0.0001496, -0.00018040000000000002, -0.0002244, -0.0002178, -0.0001694, -0.0001353, -0.0001727, -0.0002211, -0.00022, -0.000154, -0.0001419, -0.00018370000000000002, -0.0002222, -0.0002167, -0.0001716, -0.0001386, -0.000176, -0.0002211, -0.0002057, -0.0001639, -0.0001331, -0.000176, -0.0002288, -0.0002123, -0.0001628, -0.0001386, -0.00018150000000000002, -0.0002244, -0.0002046, -0.0001551, -0.0001386, -0.00018260000000000002, -0.0002189, -0.0002211, -0.0001584, -0.0001397, -0.0001749, -0.0002266, -0.00022, -0.0001562, -0.000143, -0.00017930000000000002, -0.0002167, -0.0002068, -0.0001705, -0.0001452, -0.00017820000000000002, -0.0002233, -0.0002156, -0.0001606, -0.0001397, -0.0001749, -0.000231, -0.0002178, -0.000165, -0.0001452, -0.00017820000000000002, -0.0002244, -0.0002222, -0.0001661, -0.0001386, -0.00018260000000000002, -0.0002233, -0.0002156, -0.000165, -0.000143, -0.0001727, -0.0002233, -0.0002178, -0.0001617, -0.0001452, -0.00017930000000000002, -0.0002211, -0.0002101, -0.0001672, -0.0001452, -0.00018040000000000002, -0.0002321, -0.00019690000000000002, -0.0001694, -0.0001397, -0.00018920000000000002, -0.0002244, -0.000209, -0.0001738, -0.0001397, -0.00017820000000000002, -0.00022, -0.0002167, -0.0001606, -0.000143, -0.00017710000000000002, -0.0002178, -0.0002167, -0.0001617, -0.0001364, -0.00018040000000000002, -0.0002266, -0.0002255, -0.0001573, -0.0001419, -0.0001738, -0.0002343, -0.0002145, -0.0001551, -0.0001331, -0.00018040000000000002, -0.0002189, -0.0002266, -0.0001518, -0.0001331, -0.0001727, -0.0002365, -0.0002178, -0.0001705, -0.0001485, -0.00018040000000000002, -0.0002233, -0.00020130000000000001, -0.00017930000000000002, -0.0001452, -0.00018150000000000002, -0.00022, -0.00022, -0.0001584, -0.0001452, -0.00017820000000000002, -0.0002244, -0.000209, -0.0001628, -0.0001397, -0.000176, -0.0002343, -0.0002145, -0.0001639, -0.000132, -0.0001738, -0.0002189, -0.0002167, -0.0001595, -0.0001386, -0.00018040000000000002, -0.0002288, -0.0002189, -0.0001617, -0.0001441, -0.00017930000000000002, -0.00022, -0.0002134, -0.0001727, -0.0001353, -0.00018150000000000002, -0.0002277, -0.0002101, -0.0001661, -0.000132, -0.00018040000000000002, -0.00022, -0.0002123, -0.0001672, -0.0001309, -0.0001727, -0.0002222, -0.0002134, -0.000165, -0.0001463, -0.00018150000000000002, -0.0002244, -0.00022, -0.0001617, -0.0001298, -0.00017930000000000002, -0.0002156, -0.0002123, -0.0001727, -0.0001474, -0.00017820000000000002, -0.00022, -0.0002123, -0.0001518, -0.0001397, -0.00017930000000000002, -0.0002178, -0.0002123, -0.0001661, -0.0001331, -0.0001749, -0.0002145, -0.000209, -0.0001551, -0.0001375, -0.000176, -0.0002178, -0.0002068, -0.0001694, -0.0001408, -0.0001716, -0.0002145, -0.0002178, -0.0001595, -0.0001408, -0.00018810000000000002, -0.0002233, -0.0002134, -0.0001716, -0.0001441, -0.0001738, -0.0002211, -0.00022, -0.000165, -0.0001386, -0.0001749, -0.0002255, -0.0002145, -0.0001661, -0.000143, -0.00017820000000000002, -0.00022, -0.0002068, -0.0001617, -0.0001353, -0.00017820000000000002, -0.0002222, -0.00022, -0.0001606, -0.0001331, -0.00018370000000000002, -0.0002167, -0.000209, -0.000165, -0.0001375, -0.000176, -0.0002244, -0.0002244, -0.0001584, -0.0001419, -0.0001705, -0.0002145, -0.0002079, -0.0001606, -0.0001441, -0.00018700000000000002, -0.0002123, -0.0002123, -0.0001639, -0.000143, -0.00017930000000000002, -0.0002244, -0.0002079, -0.0001628, -0.0001408, -0.00018040000000000002, -0.0002233, -0.0002156, -0.0001584, -0.0001474, -0.00018480000000000002, -0.00022, -0.0002145, -0.000165, -0.0001441, -0.00018040000000000002, -0.0002233, -0.0002145, -0.0001716, -0.0001474, -0.00017710000000000002, -0.0002134, -0.0002046, -0.0001639, -0.0001309, -0.00018480000000000002, -0.00022, -0.0002112, -0.000154, -0.0001474, -0.00018700000000000002, -0.0002255, -0.0002156, -0.0001595, -0.0001419, -0.00018370000000000002, -0.0002211, -0.0002288, -0.0001628, -0.0001397, -0.0001716, -0.0002266, -0.0002123, -0.0001573, -0.0001485, -0.00018370000000000002, -0.0002189, -0.00022, -0.0001639, -0.0001419, -0.00018810000000000002, -0.0002277, -0.0002167, -0.0001661, -0.0001463, -0.0001727, -0.0002266, -0.0002112, -0.0001683, -0.0001364, -0.00019140000000000002, -0.0002222, -0.0002112, -0.0001617, -0.0001463, -0.0001738, -0.0002299, -0.0002211, -0.0001584, -0.0001386, -0.00018150000000000002, -0.0002233, -0.00022, -0.0001639, -0.0001397, -0.00018810000000000002, -0.0002277, -0.00022, -0.0001683, -0.0001353, -0.00018590000000000002, -0.0002244, -0.0002255, -0.0001617, -0.0001474, -0.0001749, -0.00022, -0.0002156, -0.0001573, -0.0001419, -0.00018040000000000002, -0.0002332, -0.0002189, -0.000154, -0.0001397, -0.00018370000000000002, -0.0002299, -0.0002211, -0.0001639, -0.0001353, -0.00018260000000000002, -0.000231, -0.0002222, -0.0001639, -0.0001452, -0.0001716, -0.0002244, -0.0002145, -0.000165, -0.0001353, -0.00017710000000000002, -0.0002255, -0.0002068, -0.0001573, -0.000132, -0.00018480000000000002, -0.0002288, -0.0002167, -0.000165, -0.0001386, -0.00017710000000000002, -0.0002189, -0.0002046, -0.0001584, -0.0001364, -0.00017930000000000002, -0.00022, -0.0002189, -0.0001573, -0.0001452, -0.0001672, -0.0002244, -0.0002068, -0.0001672, -0.0001408, -0.00017710000000000002, -0.0002233, -0.0002134, -0.000165, -0.000143, -0.00018260000000000002, -0.00022, -0.0002101, -0.0001617, -0.0001309, -0.00017820000000000002, -0.0002134, -0.0002222, -0.0001628, -0.0001353, -0.00018700000000000002, -0.0002211, -0.0002156, -0.0001606, -0.0001419, -0.0001738, -0.0002244, -0.0002068, -0.0001628, -0.0001386, -0.00018150000000000002, -0.0002266, -0.0002211, -0.0001639, -0.0001386, -0.00018150000000000002, -0.0002178, -0.0002189, -0.0001617, -0.0001309, -0.00017710000000000002, -0.0002255, -0.000209, -0.0001716, -0.0001463, -0.0001749, -0.0002211, -0.0002178, -0.0001595, -0.0001331, -0.00017710000000000002, -0.0002244]","[0.000902, 0.000484, 0.00038720000000000003, 0.0007425, 0.0010582, 0.0009141, 0.0004862, 0.00037840000000000004, 0.0007557, 0.0010604, 0.0009152, 0.0004895, 0.00038060000000000004, 0.0007568000000000001, 0.0010725, 0.0009130000000000001, 0.0004961000000000001, 0.00038060000000000004, 0.0007447, 0.0010747, 0.0009163000000000001, 0.00048070000000000003, 0.00037840000000000004, 0.0007612000000000001, 0.0010615000000000002, 0.0009163000000000001, 0.00048070000000000003, 0.00037400000000000004, 0.0007447, 0.0010714000000000001, 0.0009196, 0.0004873, 0.00037620000000000004, 0.0007480000000000001, 0.0010659, 0.0009108, 0.0004939, 0.00037180000000000004, 0.0007469, 0.0010505, 0.0009053, 0.0004906, 0.00038060000000000004, 0.0007491, 0.0010648, 0.0009097, 0.000484, 0.00037400000000000004, 0.0007436000000000001, 0.0010615000000000002, 0.0009185, 0.0004873, 0.00038720000000000003, 0.0007513, 0.0010505, 0.0009086000000000001, 0.0004939, 0.00039160000000000003, 0.0007491, 0.0010637, 0.0009207000000000001, 0.0004873, 0.0003861, 0.0007502, 0.0010593, 0.0009185, 0.0004994, 0.00038280000000000003, 0.0007601, 0.0010604, 0.0009108, 0.0004884, 0.00038500000000000003, 0.0007458, 0.0010604, 0.0009152, 0.0004796, 0.0003773, 0.0007557, 0.0010703000000000002, 0.0009196, 0.0004906, 0.0003905, 0.0007623, 0.0010626000000000001, 0.0009273, 0.00048290000000000003, 0.0003861, 0.0007568000000000001, 0.0010692, 0.0009141, 0.00048070000000000003, 0.0003795, 0.0007535, 0.0010769, 0.0009075, 0.0004917, 0.00037620000000000004, 0.0007480000000000001, 0.0010637, 0.0009174000000000001, 0.00047630000000000003, 0.00037840000000000004, 0.0007480000000000001, 0.0010659, 0.0009130000000000001, 0.0004895, 0.00038060000000000004, 0.0007546, 0.0010692, 0.0009295000000000001, 0.0004862, 0.00038500000000000003, 0.0007579, 0.001067, 0.0009152, 0.0004917, 0.00039160000000000003, 0.0007502, 0.0010604, 0.0009075, 0.00048510000000000003, 0.00038940000000000003, 0.0007579, 0.001067, 0.0009119, 0.00048070000000000003, 0.00038060000000000004, 0.0007524000000000001, 0.0010604, 0.0009163000000000001, 0.00048290000000000003, 0.0003949, 0.0007535, 0.0010648, 0.0009207000000000001, 0.0004862, 0.0003773, 0.0007568000000000001, 0.001056, 0.0009130000000000001, 0.000495, 0.0003861, 0.0007656000000000001, 0.0010659, 0.0009174000000000001, 0.00048510000000000003, 0.0003773, 0.0007535, 0.0010692, 0.0009207000000000001, 0.00048510000000000003, 0.00038940000000000003, 0.0007634, 0.0010615000000000002, 0.0009174000000000001, 0.00048070000000000003, 0.0003817, 0.0007480000000000001, 0.0010681, 0.0009152, 0.00048070000000000003, 0.00038720000000000003, 0.0007524000000000001, 0.0010681, 0.0009163000000000001, 0.0004873, 0.00038500000000000003, 0.0007535, 0.0010593, 0.0009152, 0.0004862, 0.00037840000000000004, 0.0007568000000000001, 0.0010703000000000002, 0.0009141, 0.0004928, 0.0003773, 0.0007546, 0.0010681, 0.0009163000000000001, 0.0004873, 0.0003949, 0.0007480000000000001, 0.0010582, 0.0009306000000000001, 0.0004895, 0.00038720000000000003, 0.0007656000000000001, 0.001067, 0.0009152, 0.0004873, 0.00038500000000000003, 0.0007612000000000001, 0.0010593, 0.0009196, 0.0004873, 0.0003839, 0.0007656000000000001, 0.0010637, 0.0009163000000000001, 0.00048510000000000003, 0.0003817, 0.0007491, 0.001067, 0.0009141, 0.0004884, 0.0003883, 0.0007491, 0.0010571, 0.0009130000000000001, 0.00047850000000000003, 0.0003817, 0.0007469, 0.0010571, 0.0009141, 0.000484, 0.0003729, 0.0007568000000000001, 0.001056, 0.0009152, 0.00048290000000000003, 0.0003861, 0.000759, 0.001067, 0.0009119, 0.0004895, 0.0003817, 0.0007513, 0.0010571, 0.0009163000000000001, 0.0004906, 0.00038500000000000003, 0.0007634, 0.0010703000000000002, 0.0009207000000000001, 0.00048290000000000003, 0.00038500000000000003, 0.0007568000000000001, 0.0010703000000000002, 0.0009130000000000001, 0.00048510000000000003, 0.0003817, 0.0007546, 0.0010648, 0.0009152, 0.0004928, 0.00038500000000000003, 0.0007491, 0.0010703000000000002, 0.0009130000000000001, 0.00048070000000000003, 0.00037400000000000004, 0.0007612000000000001, 0.0010615000000000002, 0.0009152, 0.0004928, 0.00038940000000000003, 0.0007535, 0.0010692, 0.0009207000000000001, 0.00048070000000000003, 0.0003795, 0.0007711, 0.0010604, 0.0009174000000000001, 0.00047850000000000003, 0.00037400000000000004, 0.0007480000000000001, 0.0010648, 0.0009130000000000001, 0.00048290000000000003, 0.0003795, 0.0007546, 0.0010703000000000002, 0.0009064, 0.0004873, 0.00038940000000000003, 0.0007535, 0.0010659, 0.0009119, 0.0004884, 0.0003861, 0.0007601, 0.0010681, 0.0009218000000000001, 0.0004862, 0.0003883, 0.0007612000000000001, 0.0010692, 0.0009130000000000001, 0.00047850000000000003, 0.0003773, 0.0007612000000000001, 0.0010626000000000001, 0.0009174000000000001, 0.0004895, 0.00038500000000000003, 0.0007612000000000001, 0.0010648, 0.0009174000000000001, 0.00048510000000000003, 0.00038500000000000003, 0.0007656000000000001, 0.0010637, 0.0009196, 0.00048070000000000003, 0.00039380000000000003, 0.0007601, 0.0010648, 0.0009141, 0.00048290000000000003, 0.00039160000000000003, 0.0007612000000000001, 0.0010626000000000001, 0.0009152, 0.00048070000000000003, 0.0003773, 0.0007535, 0.0010714000000000001, 0.0009108, 0.00047190000000000003, 0.0003927, 0.0007623, 0.0010615000000000002, 0.0009163000000000001, 0.000484, 0.0003905, 0.0007623, 0.001067, 0.0009064, 0.00048070000000000003, 0.0003773, 0.0007656000000000001, 0.0010615000000000002, 0.0009174000000000001, 0.0004862, 0.0003817, 0.0007579, 0.0010582, 0.0009086000000000001, 0.0004774, 0.00038720000000000003, 0.0007568000000000001, 0.0010736, 0.0009207000000000001, 0.00047850000000000003, 0.00037840000000000004, 0.0007601, 0.0010681, 0.0009141, 0.00047410000000000003, 0.00038720000000000003, 0.0007568000000000001, 0.0010692, 0.0009042000000000001, 0.0004939, 0.00038060000000000004, 0.000759, 0.0010615000000000002, 0.0009097, 0.0004906, 0.00039380000000000003, 0.0007546, 0.0010747, 0.0009152, 0.00048290000000000003, 0.00038940000000000003, 0.0007546, 0.0010659, 0.0009207000000000001, 0.0004906, 0.00038500000000000003, 0.0007667, 0.0010703000000000002, 0.0009141, 0.0004895, 0.0003751, 0.0007568000000000001, 0.0010593, 0.0009086000000000001, 0.00048510000000000003, 0.00038720000000000003, 0.0007568000000000001, 0.0010714000000000001, 0.0009163000000000001, 0.0004873, 0.0003751, 0.0007601, 0.0010648, 0.0009108, 0.00048290000000000003, 0.00038500000000000003, 0.0007623, 0.0010714000000000001, 0.0009086000000000001, 0.00048510000000000003, 0.0003927, 0.0007678, 0.001056, 0.0009218000000000001, 0.0004796, 0.00038720000000000003, 0.0007645, 0.0010659, 0.0009108, 0.0004818, 0.00038720000000000003, 0.0007667, 0.0010615000000000002, 0.0009185, 0.00047190000000000003, 0.0003861, 0.0007711, 0.0010714000000000001, 0.0009130000000000001, 0.0004862, 0.0003949, 0.0007678, 0.0010637, 0.0009009, 0.0004862, 0.00038720000000000003, 0.0007678, 0.0010659, 0.000902, 0.00047630000000000003, 0.00038500000000000003, 0.000759, 0.001067, 0.0009207000000000001, 0.00047190000000000003, 0.00038720000000000003, 0.0007634, 0.0010681, 0.0009009, 0.0004796, 0.00038060000000000004, 0.0007568000000000001, 0.0010582, 0.0009196, 0.00047410000000000003, 0.00039160000000000003, 0.0007612000000000001, 0.0010692, 0.0009141, 0.00048510000000000003, 0.0003883, 0.0007579, 0.001067, 0.0009163000000000001, 0.00047850000000000003, 0.0003905, 0.0007557, 0.0010824, 0.0009086000000000001, 0.0004884, 0.00038060000000000004, 0.0007579, 0.0010703000000000002, 0.0009207000000000001, 0.0004774, 0.00039380000000000003, 0.0007513, 0.0010648, 0.0009207000000000001, 0.0004884, 0.0003839, 0.0007524000000000001, 0.0010604, 0.0009064, 0.0004873, 0.0003949, 0.0007557, 0.0010659, 0.0009064, 0.00048070000000000003, 0.00038500000000000003, 0.000759, 0.0010791000000000002, 0.0009086000000000001, 0.00048290000000000003, 0.0003883, 0.0007623, 0.001067, 0.0009075, 0.000484, 0.00039160000000000003, 0.0007612000000000001, 0.0010681, 0.0009119, 0.0004752, 0.0003861, 0.0007568000000000001, 0.0010604, 0.0009086000000000001, 0.0004774, 0.00039600000000000003, 0.0007656000000000001, 0.0010637]",16
52,"[-0.0002277, -0.00019910000000000001, -0.0001254, -0.000132, -0.00019250000000000002, -0.0002354, -0.000209, -0.000132, -0.000132, -0.0002057, -0.0002376, -0.0002112, -0.0001375, -0.0001342, -0.00019360000000000002, -0.0002332, -0.000209, -0.0001375, -0.0001298, -0.00019800000000000002, -0.0002376, -0.0002101, -0.0001342, -0.0001342, -0.00019360000000000002, -0.0002376, -0.0002112, -0.0001364, -0.000132, -0.00019690000000000002, -0.0002453, -0.00020020000000000001, -0.000143, -0.0001375, -0.00019470000000000002, -0.0002453, -0.0002101, -0.0001441, -0.0001265, -0.00018920000000000002, -0.0002409, -0.00019690000000000002, -0.0001331, -0.0001408, -0.00019140000000000002, -0.0002431, -0.00019910000000000001, -0.0001397, -0.0001309, -0.0002046, -0.0002365, -0.00020020000000000001, -0.000132, -0.0001276, -0.00020240000000000001, -0.0002464, -0.0002123, -0.0001287, -0.000132, -0.0002068, -0.0002453, -0.0002101, -0.0001331, -0.0001265, -0.00018260000000000002, -0.0002442, -0.0002112, -0.0001353, -0.0001276, -0.00020240000000000001, -0.0002376, -0.0002101, -0.0001331, -0.0001331, -0.00019360000000000002, -0.0002519, -0.0002112, -0.000132, -0.0001287, -0.00020020000000000001, -0.000242, -0.0002035, -0.0001309, -0.0001342, -0.00020020000000000001, -0.0002409, -0.0002145, -0.0001375, -0.0001309, -0.00019250000000000002, -0.0002365, -0.0002057, -0.0001276, -0.000132, -0.0002068, -0.0002475, -0.00020240000000000001, -0.0001375, -0.0001342, -0.00019360000000000002, -0.0002475, -0.00020240000000000001, -0.0001496, -0.0001232, -0.00019030000000000002, -0.0002409, -0.00020130000000000001, -0.0001408, -0.0001177, -0.00020020000000000001, -0.0002255, -0.00019800000000000002, -0.0001441, -0.0001221, -0.00019470000000000002, -0.0002398, -0.00020020000000000001, -0.0001408, -0.0001309, -0.00019250000000000002, -0.0002288, -0.0002145, -0.0001353, -0.0001364, -0.0002035, -0.0002475, -0.0002035, -0.000132, -0.0001353, -0.00019580000000000002, -0.000242, -0.0002068, -0.0001397, -0.0001364, -0.00018920000000000002, -0.0002464, -0.00019580000000000002, -0.000143, -0.0001364, -0.00020130000000000001, -0.0002442, -0.0002079, -0.000132, -0.0001298, -0.00019360000000000002, -0.0002354, -0.00020020000000000001, -0.000143, -0.0001419, -0.0002035, -0.0002387, -0.0002112, -0.0001441, -0.0001331, -0.00019470000000000002, -0.0002387, -0.0002068, -0.0001287, -0.0001386, -0.0002068, -0.0002431, -0.0002101, -0.0001331, -0.0001331, -0.00019800000000000002, -0.0002431, -0.00020130000000000001, -0.000132, -0.0001309, -0.00019910000000000001, -0.0002453, -0.0002134, -0.0001331, -0.0001397, -0.00019690000000000002, -0.0002376, -0.0002068, -0.0001309, -0.0001397, -0.00019030000000000002, -0.0002343, -0.0002134, -0.0001397, -0.0001353, -0.00019690000000000002, -0.0002398, -0.0002079, -0.0001441, -0.000132, -0.00019250000000000002, -0.000242, -0.0002079, -0.0001276, -0.000121, -0.00019910000000000001, -0.0002486, -0.0002046, -0.0001298, -0.0001397, -0.00019360000000000002, -0.0002409, -0.0002101, -0.0001342, -0.0001298, -0.00019470000000000002, -0.0002442, -0.00019580000000000002, -0.000132, -0.0001298, -0.00019470000000000002, -0.0002299, -0.0002068, -0.0001309, -0.000132, -0.00020130000000000001, -0.0002464, -0.0002167, -0.0001342, -0.0001287, -0.00020020000000000001, -0.0002497, -0.0002035, -0.0001364, -0.0001298, -0.00020240000000000001, -0.0002343, -0.0002057, -0.0001309, -0.0001309, -0.00019030000000000002, -0.0002365, -0.0002046, -0.0001375, -0.0001221, -0.00020130000000000001, -0.0002376, -0.000209, -0.0001331, -0.0001221, -0.0002046, -0.000242, -0.0002112, -0.0001309, -0.0001331, -0.00020240000000000001, -0.0002464, -0.0002068, -0.0001331, -0.000132, -0.00020020000000000001, -0.0002321, -0.0002123, -0.0001419, -0.0001364, -0.00020240000000000001, -0.0002398, -0.0002057, -0.0001375, -0.0001386, -0.00020240000000000001, -0.0002475, -0.0002068, -0.0001386, -0.0001287, -0.00020020000000000001, -0.0002486, -0.00020240000000000001, -0.0001452, -0.0001353, -0.00020020000000000001, -0.0002409, -0.00019470000000000002, -0.0001441, -0.0001309, -0.00019800000000000002, -0.0002387, -0.0002145, -0.0001485, -0.0001342, -0.00020130000000000001, -0.0002354, -0.0002046, -0.0001353, -0.0001221, -0.00019910000000000001, -0.000242, -0.0002079, -0.000143, -0.0001353, -0.00020130000000000001, -0.0002398, -0.00019910000000000001, -0.000143, -0.0001353, -0.00020020000000000001, -0.0002464, -0.0002112, -0.0001485, -0.0001298, -0.0002035, -0.0002409, -0.0002035, -0.0001342, -0.0001265, -0.00019690000000000002, -0.000242, -0.00020240000000000001, -0.0001364, -0.0001276, -0.00019580000000000002, -0.0002398, -0.0002046, -0.000143, -0.0001353, -0.000209, -0.0002409, -0.0002068, -0.0001375, -0.0001298, -0.00020130000000000001, -0.0002365, -0.00020020000000000001, -0.0001386, -0.0001375, -0.00019690000000000002, -0.0002475, -0.00020020000000000001, -0.0001408, -0.0001408, -0.00019690000000000002, -0.000253, -0.0002046, -0.0001397, -0.0001485, -0.00020240000000000001, -0.0002332, -0.0002035, -0.0001408, -0.0001232, -0.00019690000000000002, -0.0002486, -0.0002068, -0.0001309, -0.0001353, -0.00020130000000000001, -0.0002431, -0.0002079, -0.0001386, -0.0001331, -0.00019800000000000002, -0.0002508, -0.0002057, -0.0001375, -0.0001287, -0.00019030000000000002, -0.0002398, -0.0002112, -0.0001386, -0.0001375, -0.00019910000000000001, -0.0002453, -0.00020240000000000001, -0.0001408, -0.0001375, -0.00020130000000000001, -0.0002354, -0.00019470000000000002, -0.0001408, -0.0001353, -0.00019580000000000002, -0.0002442, -0.0002057, -0.0001309, -0.0001287, -0.0002046, -0.0002398, -0.00020020000000000001, -0.000132, -0.0001254, -0.00018700000000000002, -0.000242, -0.00020240000000000001, -0.0001375, -0.0001364, -0.00019690000000000002, -0.0002497, -0.0002035, -0.0001463, -0.0001386, -0.00019470000000000002, -0.0002464, -0.00020020000000000001, -0.0001397, -0.0001342, -0.00020020000000000001, -0.000242, -0.0002211, -0.0001419, -0.0001419, -0.00020130000000000001, -0.000253, -0.0002046, -0.0001342, -0.0001309, -0.00020020000000000001, -0.000242, -0.0002068, -0.0001397, -0.0001199, -0.00019250000000000002, -0.0002519, -0.0002167, -0.0001474, -0.0001397, -0.0002101, -0.000242, -0.0002123, -0.000143, -0.0001309, -0.0002057, -0.0002398, -0.0002112, -0.0001397, -0.0001309, -0.0002046, -0.0002387, -0.0002101, -0.0001386, -0.0001342, -0.00019030000000000002, -0.0002431, -0.000209, -0.0001353, -0.0001276, -0.00020020000000000001, -0.0002453, -0.0002057, -0.0001397, -0.0001386, -0.00019360000000000002, -0.0002464, -0.0002057, -0.0001419, -0.0001331, -0.00018920000000000002, -0.0002464, -0.0002079, -0.0001331, -0.0001364, -0.00019580000000000002, -0.0002464, -0.0002123, -0.000132, -0.0001408, -0.0002046, -0.0002453, -0.0002068, -0.0001408, -0.0001254, -0.00019690000000000002, -0.0002354, -0.0002068, -0.0001375, -0.0001342, -0.0002057, -0.0002387, -0.0002035, -0.000132, -0.000132, -0.00020240000000000001, -0.0002376, -0.00020020000000000001, -0.0001309, -0.0001375, -0.00019580000000000002, -0.0002321, -0.0002068, -0.0001331, -0.0001375, -0.00019800000000000002, -0.0002453, -0.0002057, -0.000143, -0.0001342, -0.00020020000000000001, -0.0002354, -0.0002101, -0.0001221, -0.0001331, -0.00020240000000000001, -0.000242, -0.00020240000000000001, -0.0001375, -0.0001364, -0.00020130000000000001, -0.0002332, -0.00019800000000000002, -0.0001397, -0.0001397]","[-0.0002156, -0.0002156, -0.0001672, -0.0001375, -0.00017820000000000002, -0.0002222, -0.0002134, -0.0001595, -0.0001452, -0.00018590000000000002, -0.0002189, -0.0002222, -0.000165, -0.0001408, -0.00017820000000000002, -0.0002288, -0.0002211, -0.0001595, -0.000143, -0.00018260000000000002, -0.0002321, -0.0002112, -0.0001639, -0.0001397, -0.00018700000000000002, -0.0002255, -0.0002123, -0.0001672, -0.0001386, -0.00017710000000000002, -0.000231, -0.0002145, -0.0001672, -0.0001342, -0.00017710000000000002, -0.00022, -0.0002134, -0.0001606, -0.0001518, -0.0001727, -0.0002222, -0.0002145, -0.0001628, -0.0001419, -0.00018920000000000002, -0.0002211, -0.0002145, -0.0001562, -0.0001353, -0.00018370000000000002, -0.0002255, -0.0002167, -0.000154, -0.0001298, -0.00018590000000000002, -0.0002189, -0.0002123, -0.0001661, -0.0001419, -0.00018040000000000002, -0.0002244, -0.00022, -0.0001628, -0.0001353, -0.00018150000000000002, -0.0002288, -0.0002079, -0.0001672, -0.0001364, -0.00018040000000000002, -0.0002321, -0.0002156, -0.000165, -0.0001441, -0.000176, -0.0002288, -0.0002156, -0.0001573, -0.0001364, -0.00018590000000000002, -0.0002255, -0.0002189, -0.0001617, -0.0001419, -0.00018480000000000002, -0.0002354, -0.0002057, -0.0001606, -0.0001485, -0.00019030000000000002, -0.000231, -0.0002233, -0.0001606, -0.0001364, -0.00018260000000000002, -0.0002299, -0.0002101, -0.000165, -0.0001397, -0.00017710000000000002, -0.0002277, -0.0002167, -0.0001573, -0.0001353, -0.00018370000000000002, -0.0002189, -0.0002189, -0.0001639, -0.0001353, -0.00019470000000000002, -0.0002167, -0.0002145, -0.0001606, -0.000143, -0.00018260000000000002, -0.0002233, -0.00022, -0.0001639, -0.0001474, -0.00018920000000000002, -0.0002211, -0.0002134, -0.0001672, -0.0001463, -0.00019030000000000002, -0.0002277, -0.0002156, -0.0001683, -0.0001518, -0.00018810000000000002, -0.0002255, -0.0002156, -0.0001639, -0.0001507, -0.00018810000000000002, -0.0002288, -0.0002101, -0.0001595, -0.0001419, -0.00017930000000000002, -0.0002332, -0.0002167, -0.0001683, -0.0001408, -0.00018040000000000002, -0.0002167, -0.0002112, -0.0001573, -0.0001342, -0.00018590000000000002, -0.0002299, -0.0002057, -0.0001584, -0.0001474, -0.00018590000000000002, -0.00022, -0.00022, -0.0001628, -0.000143, -0.00018810000000000002, -0.0002288, -0.0002189, -0.0001551, -0.0001496, -0.00018370000000000002, -0.0002332, -0.0002134, -0.0001595, -0.0001441, -0.0001738, -0.0002255, -0.0002211, -0.0001573, -0.0001408, -0.00018040000000000002, -0.0002167, -0.0002145, -0.0001639, -0.0001364, -0.0001716, -0.0002211, -0.0002255, -0.0001639, -0.0001474, -0.00018040000000000002, -0.000231, -0.0002189, -0.000165, -0.0001364, -0.00018040000000000002, -0.0002222, -0.0002068, -0.0001672, -0.0001408, -0.00018260000000000002, -0.0002255, -0.0002145, -0.0001628, -0.0001463, -0.00018260000000000002, -0.0002277, -0.0002222, -0.0001606, -0.0001463, -0.00018040000000000002, -0.0002299, -0.00022, -0.0001716, -0.0001331, -0.00018920000000000002, -0.0002222, -0.0002178, -0.000165, -0.000132, -0.00018260000000000002, -0.0002222, -0.0002211, -0.0001672, -0.000154, -0.00018260000000000002, -0.000231, -0.00022, -0.000165, -0.0001375, -0.00017820000000000002, -0.00022, -0.0002244, -0.0001551, -0.0001419, -0.00018370000000000002, -0.0002189, -0.0002134, -0.0001628, -0.0001386, -0.0001738, -0.0002321, -0.0002101, -0.0001551, -0.0001375, -0.00017820000000000002, -0.0002288, -0.00022, -0.0001727, -0.0001463, -0.000176, -0.0002321, -0.0002156, -0.0001562, -0.000143, -0.00017930000000000002, -0.0002354, -0.0002134, -0.0001628, -0.000143, -0.00018590000000000002, -0.0002189, -0.0002134, -0.0001716, -0.000132, -0.00017710000000000002, -0.0002321, -0.0002145, -0.0001672, -0.0001474, -0.00018810000000000002, -0.0002222, -0.0002244, -0.0001562, -0.0001441, -0.00018370000000000002, -0.0002266, -0.0002134, -0.0001584, -0.0001375, -0.00018920000000000002, -0.0002277, -0.0002101, -0.0001551, -0.0001408, -0.0001716, -0.0002255, -0.0002057, -0.0001617, -0.0001408, -0.0001749, -0.0002211, -0.0002134, -0.0001573, -0.0001518, -0.00018150000000000002, -0.0002222, -0.0002266, -0.000165, -0.0001364, -0.00018260000000000002, -0.0002178, -0.0002046, -0.0001485, -0.0001441, -0.00017710000000000002, -0.0002266, -0.0002178, -0.0001694, -0.000143, -0.00018370000000000002, -0.0002211, -0.0002178, -0.0001573, -0.0001452, -0.00018480000000000002, -0.0002266, -0.0002145, -0.000165, -0.0001529, -0.00017930000000000002, -0.0002255, -0.0002123, -0.000154, -0.0001375, -0.00019030000000000002, -0.0002299, -0.00022, -0.0001661, -0.0001441, -0.00017710000000000002, -0.0002222, -0.0002134, -0.0001606, -0.0001408, -0.00017820000000000002, -0.0002277, -0.0002222, -0.0001672, -0.0001397, -0.00018920000000000002, -0.0002299, -0.0002079, -0.0001617, -0.0001419, -0.00018700000000000002, -0.000242, -0.0002079, -0.0001606, -0.0001496, -0.00018480000000000002, -0.0002233, -0.0002211, -0.0001617, -0.000143, -0.00018590000000000002, -0.0002222, -0.0002233, -0.0001606, -0.0001518, -0.00018700000000000002, -0.0002211, -0.0002101, -0.0001683, -0.0001397, -0.00018920000000000002, -0.0002244, -0.0002189, -0.0001639, -0.0001419, -0.00018700000000000002, -0.0002277, -0.0002156, -0.0001562, -0.0001397, -0.00018040000000000002, -0.0002255, -0.000231, -0.0001628, -0.0001529, -0.00018920000000000002, -0.0002189, -0.0002178, -0.0001595, -0.0001309, -0.00018150000000000002, -0.0002299, -0.0002233, -0.0001606, -0.0001474, -0.00017930000000000002, -0.0002244, -0.0002189, -0.000165, -0.0001408, -0.0001749, -0.0002299, -0.0002178, -0.0001672, -0.0001364, -0.00019030000000000002, -0.0002354, -0.0002178, -0.0001628, -0.0001452, -0.00018150000000000002, -0.0002332, -0.0002156, -0.0001518, -0.0001331, -0.00018370000000000002, -0.0002255, -0.0002156, -0.0001628, -0.0001441, -0.00017930000000000002, -0.0002244, -0.000209, -0.0001595, -0.0001386, -0.00018040000000000002, -0.0002167, -0.0002189, -0.0001606, -0.0001485, -0.00018480000000000002, -0.0002277, -0.0002178, -0.0001672, -0.0001485, -0.00018590000000000002, -0.0002266, -0.0002101, -0.0001507, -0.0001441, -0.00017930000000000002, -0.0002189, -0.0002134, -0.0001738, -0.0001364, -0.00018810000000000002, -0.0002255, -0.000209, -0.000165, -0.0001463, -0.00018590000000000002, -0.0002277, -0.0002211, -0.0001595, -0.0001364, -0.00018480000000000002, -0.0002244, -0.0002233, -0.0001683, -0.0001485, -0.00018370000000000002, -0.0002189, -0.0002057, -0.0001617, -0.0001265, -0.00019030000000000002, -0.000231, -0.0002189, -0.0001584, -0.0001408, -0.00018150000000000002, -0.0002244, -0.000209, -0.0001716, -0.0001529, -0.00017710000000000002, -0.00022, -0.00020130000000000001, -0.0001562, -0.0001342, -0.00018150000000000002, -0.0002233, -0.0002079, -0.0001672, -0.0001375, -0.00018370000000000002, -0.0002288, -0.0002167, -0.0001595, -0.0001397, -0.0001749, -0.0002288, -0.0002211, -0.000165, -0.0001386, -0.00017710000000000002, -0.0002244, -0.0002156, -0.0001507, -0.0001386, -0.00018590000000000002, -0.0002255, -0.0002255, -0.0001705, -0.0001397, -0.00018590000000000002, -0.0002156, -0.0002145, -0.0001595, -0.0001507]","[0.0010593, 0.0009075, 0.0004796, 0.00039160000000000003, 0.0007766, 0.0010802000000000001, 0.0009163000000000001, 0.0004774, 0.0003971, 0.0007722, 0.0010890000000000001, 0.0009086000000000001, 0.00048510000000000003, 0.0004103, 0.000781, 0.0010857, 0.0009141, 0.00048510000000000003, 0.00039380000000000003, 0.0007865000000000001, 0.0010725, 0.0009185, 0.0004895, 0.00038940000000000003, 0.0007843, 0.0010648, 0.0009108, 0.000473, 0.00039380000000000003, 0.0007876000000000001, 0.0010879000000000002, 0.0009174000000000001, 0.000484, 0.00040260000000000003, 0.0007832000000000001, 0.0010923, 0.0009196, 0.0004884, 0.00039820000000000003, 0.0007788000000000001, 0.0010824, 0.0009108, 0.00047850000000000003, 0.00039380000000000003, 0.0007799, 0.0010857, 0.0009152, 0.00048510000000000003, 0.00040480000000000003, 0.0007865000000000001, 0.0010769, 0.0009141, 0.00047850000000000003, 0.00039160000000000003, 0.0007953000000000001, 0.0010813, 0.0009119, 0.0004928, 0.0004037, 0.0007821000000000001, 0.0010824, 0.0009163000000000001, 0.0004895, 0.00040480000000000003, 0.000781, 0.001078, 0.0009064, 0.00048290000000000003, 0.00040480000000000003, 0.0007755, 0.0010890000000000001, 0.0009119, 0.00047410000000000003, 0.00039600000000000003, 0.0007832000000000001, 0.0010747, 0.0009251000000000001, 0.0004862, 0.0004015, 0.0007920000000000001, 0.0010835, 0.0009075, 0.0004796, 0.00039600000000000003, 0.0007931, 0.0010747, 0.0009152, 0.00048290000000000003, 0.0003949, 0.0007865000000000001, 0.0010857, 0.0009108, 0.0004752, 0.00040040000000000003, 0.0007788000000000001, 0.0010835, 0.0009163000000000001, 0.00046530000000000003, 0.0003971, 0.0007931, 0.0010879000000000002, 0.0009064, 0.00048510000000000003, 0.0003993, 0.0007766, 0.0010890000000000001, 0.0009130000000000001, 0.0004774, 0.00040040000000000003, 0.0007920000000000001, 0.0010813, 0.0009130000000000001, 0.0004796, 0.00040040000000000003, 0.0007788000000000001, 0.0010846, 0.0009185, 0.00047630000000000003, 0.0004015, 0.0007744000000000001, 0.0010824, 0.0009141, 0.000484, 0.0003949, 0.0007744000000000001, 0.0010868, 0.0009141, 0.0004906, 0.0004015, 0.0007865000000000001, 0.0010879000000000002, 0.0009163000000000001, 0.00048290000000000003, 0.00040040000000000003, 0.0007865000000000001, 0.0010824, 0.0009229, 0.00047410000000000003, 0.00040260000000000003, 0.0007843, 0.0010824, 0.0009108, 0.00048510000000000003, 0.00040480000000000003, 0.0007953000000000001, 0.001078, 0.0009163000000000001, 0.00047630000000000003, 0.000407, 0.0007821000000000001, 0.0010813, 0.0009097, 0.0004884, 0.0003971, 0.0007909000000000001, 0.0010835, 0.0009108, 0.0004862, 0.0004059, 0.0007909000000000001, 0.0010835, 0.0009097, 0.00047850000000000003, 0.0003993, 0.0007832000000000001, 0.0010857, 0.0009196, 0.00048290000000000003, 0.0004092, 0.0007997000000000001, 0.0010769, 0.0009119, 0.00048070000000000003, 0.0004015, 0.0007909000000000001, 0.0010791000000000002, 0.0009053, 0.00048290000000000003, 0.0004015, 0.0007821000000000001, 0.0010901, 0.0009042000000000001, 0.0004873, 0.0003949, 0.0007876000000000001, 0.0010923, 0.0009174000000000001, 0.00048070000000000003, 0.0003993, 0.0007843, 0.0010923, 0.0009097, 0.0004818, 0.0003993, 0.0007821000000000001, 0.0010912, 0.0009141, 0.00048290000000000003, 0.0004015, 0.0007865000000000001, 0.0010901, 0.0009207000000000001, 0.00048070000000000003, 0.0004081, 0.0007865000000000001, 0.0010824, 0.0009097, 0.00046970000000000003, 0.00039600000000000003, 0.0007821000000000001, 0.0010890000000000001, 0.0009097, 0.0004884, 0.0003839, 0.0007821000000000001, 0.001078, 0.0009086000000000001, 0.0004796, 0.0003949, 0.0007931, 0.0010813, 0.0009064, 0.00047630000000000003, 0.0003993, 0.0007964000000000001, 0.0010802000000000001, 0.0009108, 0.0004796, 0.0004081, 0.0008008000000000001, 0.0010857, 0.0009196, 0.000484, 0.0004059, 0.000781, 0.0010703000000000002, 0.0009141, 0.000473, 0.0004037, 0.0007931, 0.0010835, 0.0009064, 0.00047630000000000003, 0.0004125, 0.0007799, 0.0010868, 0.0009097, 0.00048510000000000003, 0.0003905, 0.0007898, 0.0010901, 0.0009097, 0.00047850000000000003, 0.0004015, 0.0007854, 0.0010868, 0.0009130000000000001, 0.000473, 0.00039380000000000003, 0.0007832000000000001, 0.0010879000000000002, 0.0009141, 0.000484, 0.0003993, 0.0007832000000000001, 0.0010802000000000001, 0.0009064, 0.00047410000000000003, 0.0004037, 0.0007909000000000001, 0.0010791000000000002, 0.0009130000000000001, 0.0004774, 0.00039600000000000003, 0.0007931, 0.0010879000000000002, 0.0009119, 0.0004774, 0.0003927, 0.0007854, 0.001078, 0.0009141, 0.000473, 0.00040260000000000003, 0.0007876000000000001, 0.0010868, 0.0009053, 0.00048510000000000003, 0.0004015, 0.0007887, 0.0010714000000000001, 0.0009086000000000001, 0.00047630000000000003, 0.0004037, 0.0007876000000000001, 0.0010791000000000002, 0.0009064, 0.00047850000000000003, 0.0003993, 0.000781, 0.0010769, 0.0009152, 0.00047190000000000003, 0.0003993, 0.0007876000000000001, 0.0010813, 0.0009086000000000001, 0.00047190000000000003, 0.00039820000000000003, 0.0007920000000000001, 0.0010923, 0.0009097, 0.0004752, 0.00040260000000000003, 0.0007821000000000001, 0.001078, 0.0009086000000000001, 0.00047410000000000003, 0.0003949, 0.0007997000000000001, 0.0010802000000000001, 0.0009108, 0.00048070000000000003, 0.0004092, 0.0007931, 0.0010835, 0.0009064, 0.000473, 0.0003993, 0.0007898, 0.0010824, 0.0009141, 0.00048510000000000003, 0.0003971, 0.0007865000000000001, 0.0010901, 0.0009119, 0.000473, 0.00039600000000000003, 0.0007865000000000001, 0.0010934, 0.0009031, 0.0004774, 0.0003971, 0.0007865000000000001, 0.001078, 0.0009163000000000001, 0.00048290000000000003, 0.0003971, 0.0007843, 0.0010967000000000001, 0.0009141, 0.0004873, 0.0003949, 0.0007942, 0.0010912, 0.0009108, 0.000484, 0.00039160000000000003, 0.0007898, 0.0010824, 0.0009130000000000001, 0.00046970000000000003, 0.0004081, 0.0007975, 0.0010758, 0.0009042000000000001, 0.0004796, 0.0004037, 0.0007953000000000001, 0.0010846, 0.0009218000000000001, 0.0004774, 0.0004015, 0.0007843, 0.0010747, 0.0009119, 0.00047410000000000003, 0.0003949, 0.0007909000000000001, 0.0010813, 0.0009042000000000001, 0.0004708, 0.0003971, 0.0007909000000000001, 0.0010923, 0.0009086000000000001, 0.00047190000000000003, 0.00039380000000000003, 0.0007865000000000001, 0.0010824, 0.0008998000000000001, 0.0004796, 0.0003993, 0.0007832000000000001, 0.0010835, 0.0009097, 0.0004752, 0.00040040000000000003, 0.0007821000000000001, 0.001078, 0.0009152, 0.0004708, 0.0003993, 0.0007953000000000001, 0.0010824, 0.0009130000000000001, 0.00046970000000000003, 0.00040260000000000003, 0.0007931, 0.0010857, 0.0009229, 0.00047190000000000003, 0.0004015, 0.000781, 0.0010769, 0.0009196, 0.0004774, 0.0003993, 0.0007964000000000001, 0.0010890000000000001, 0.0009108, 0.0004752, 0.00040480000000000003, 0.0007909000000000001, 0.0010868, 0.0009064, 0.00046310000000000004, 0.0003993, 0.0007854, 0.0010868, 0.0009042000000000001, 0.00047850000000000003, 0.00039820000000000003, 0.0007909000000000001, 0.0010857, 0.0009119, 0.0004664, 0.000407, 0.0007832000000000001, 0.0010791000000000002, 0.0009130000000000001, 0.00047850000000000003, 0.00039600000000000003, 0.0007876000000000001, 0.0010857, 0.0009053, 0.00047410000000000003, 0.000407, 0.0007898, 0.0010846, 0.000902, 0.00048290000000000003, 0.0003971, 0.0007755, 0.0010824, 0.0009042000000000001, 0.0004774, 0.00039600000000000003, 0.0007931, 0.0010879000000000002, 0.0009042000000000001, 0.000473, 0.00040040000000000003, 0.0007920000000000001, 0.0010879000000000002, 0.0008965, 0.00047630000000000003, 0.000407, 0.0007898, 0.0010835, 0.0009086000000000001, 0.00047630000000000003, 0.0004037, 0.0007887, 0.0010813, 0.0009042000000000001, 0.00046530000000000003, 0.0004037, 0.0008118, 0.0010868, 0.0009141, 0.0004708, 0.0004092, 0.0007909000000000001, 0.0010846, 0.0009086000000000001, 0.00047190000000000003, 0.0004059, 0.0007909000000000001, 0.0010890000000000001, 0.0008943, 0.00047630000000000003, 0.0004059, 0.0007931, 0.0010824, 0.0009207000000000001, 0.000473, 0.00040260000000000003]",17
53,"[-0.000143, -0.0002035, -0.0002475, -0.0002112, -0.0001342, -0.0001386, -0.0002134, -0.0002508, -0.0002156, -0.0001397, -0.0001309, -0.0002167, -0.0002541, -0.0002178, -0.0001397, -0.0001452, -0.0002244, -0.0002629, -0.0002332, -0.0001375, -0.0001353, -0.0002145, -0.0002552, -0.0002112, -0.0001441, -0.0001331, -0.0002134, -0.0002607, -0.0002134, -0.0001463, -0.0001419, -0.0002156, -0.0002662, -0.0002178, -0.0001364, -0.0001331, -0.0002255, -0.0002541, -0.0002167, -0.000143, -0.0001485, -0.0002112, -0.0002552, -0.0002145, -0.0001408, -0.000132, -0.0002189, -0.0002574, -0.00022, -0.0001507, -0.0001408, -0.0002145, -0.0002585, -0.0002178, -0.000132, -0.0001364, -0.0002145, -0.0002574, -0.0002244, -0.0001441, -0.0001375, -0.0002211, -0.0002629, -0.0002178, -0.0001452, -0.000143, -0.0002145, -0.0002475, -0.0002178, -0.0001496, -0.0001397, -0.0002068, -0.0002574, -0.0002156, -0.0001507, -0.0001452, -0.0002112, -0.0002563, -0.0002244, -0.0001309, -0.0001364, -0.000209, -0.0002629, -0.0002134, -0.0001441, -0.0001463, -0.000209, -0.0002629, -0.0002167, -0.0001441, -0.0001474, -0.0002178, -0.0002585, -0.00022, -0.0001474, -0.0001364, -0.00022, -0.0002563, -0.0002123, -0.0001408, -0.000143, -0.0002112, -0.0002574, -0.0002222, -0.0001441, -0.0001364, -0.0002156, -0.0002607, -0.0002244, -0.0001331, -0.0001397, -0.0002266, -0.0002497, -0.0002079, -0.0001518, -0.0001397, -0.00022, -0.0002497, -0.0002244, -0.0001529, -0.0001419, -0.0002112, -0.0002541, -0.0002068, -0.0001474, -0.0001419, -0.0002167, -0.0002574, -0.0002123, -0.0001441, -0.0001386, -0.0002112, -0.0002618, -0.0002101, -0.0001298, -0.0001375, -0.0002145, -0.0002607, -0.0002134, -0.0001496, -0.0001441, -0.0002057, -0.0002574, -0.0002134, -0.0001463, -0.0001441, -0.0002222, -0.0002651, -0.0002222, -0.0001496, -0.0001441, -0.0002112, -0.000264, -0.0002178, -0.0001353, -0.0001419, -0.0002112, -0.0002629, -0.00022, -0.000143, -0.0001441, -0.0002211, -0.0002629, -0.0002167, -0.0001419, -0.0001419, -0.0002035, -0.0002552, -0.0002145, -0.0001386, -0.0001463, -0.000209, -0.0002563, -0.0002189, -0.0001441, -0.0001518, -0.0002046, -0.0002629, -0.0002222, -0.0001452, -0.0001452, -0.0002178, -0.0002596, -0.0002178, -0.000143, -0.0001265, -0.0002233, -0.0002563, -0.0002134, -0.0001518, -0.0001419, -0.0002189, -0.0002662, -0.0002101, -0.0001463, -0.000143, -0.0002266, -0.0002596, -0.0002156, -0.0001441, -0.0001397, -0.0002145, -0.0002541, -0.0002222, -0.0001452, -0.0001397, -0.0002211, -0.0002585, -0.0002255, -0.0001474, -0.0001474, -0.0002123, -0.0002607, -0.0002123, -0.0001419, -0.0001463, -0.0002211, -0.0002574, -0.0002244, -0.0001375, -0.0001408, -0.000209, -0.0002574, -0.0002189, -0.0001485, -0.0001364, -0.0002057, -0.0002497, -0.0002288, -0.0001463, -0.0001463, -0.0002178, -0.0002519, -0.0002134, -0.0001309, -0.0001386, -0.0002112, -0.0002596, -0.0002211, -0.0001441, -0.0001309, -0.0002101, -0.0002629, -0.0002277, -0.0001496, -0.0001375, -0.0002145, -0.0002585, -0.0002079, -0.0001441, -0.0001386, -0.0002167, -0.0002662, -0.00022, -0.0001496, -0.0001397, -0.0002101, -0.0002541, -0.0002233, -0.0001419, -0.0001496, -0.00022, -0.000264, -0.0002266, -0.000143, -0.0001342, -0.0002112, -0.0002651, -0.0002288, -0.0001408, -0.0001419, -0.0002134, -0.0002607, -0.0002233, -0.0001397, -0.0001375, -0.0002046, -0.0002585, -0.0002222, -0.0001419, -0.0001529, -0.0002233, -0.0002618, -0.0002167, -0.0001441, -0.0001342, -0.00022, -0.0002541, -0.0002233, -0.0001485, -0.0001408, -0.0002156, -0.0002684, -0.0002288, -0.0001441, -0.0001309, -0.0002134, -0.0002574, -0.0002178, -0.0001474, -0.0001331, -0.0002255, -0.0002739, -0.00022, -0.0001518, -0.0001386, -0.0002167, -0.0002585, -0.0002233, -0.0001419, -0.0001353, -0.000209, -0.0002662, -0.0002101, -0.0001419, -0.000143, -0.0002134, -0.0002563, -0.0002244, -0.0001518, -0.0001353, -0.0002233, -0.0002596, -0.0002233, -0.0001463, -0.0001331, -0.0002222, -0.0002574, -0.0002123, -0.0001529, -0.0001518, -0.0002101, -0.0002607, -0.0002167, -0.0001463, -0.000143, -0.00022, -0.0002541, -0.0002244, -0.0001408, -0.0001474, -0.0002244, -0.0002695, -0.0002211, -0.0001496, -0.0001463, -0.00022, -0.0002607, -0.0002255, -0.0001441, -0.0001463, -0.00022, -0.0002728, -0.0002222, -0.0001551, -0.0001408, -0.000209, -0.000253, -0.0002167, -0.0001419, -0.0001463, -0.00022, -0.0002651, -0.0002145, -0.0001485, -0.0001463, -0.00022, -0.0002695, -0.0002079, -0.0001496, -0.0001485, -0.0002068, -0.0002651, -0.0002299, -0.0001452, -0.0001397, -0.0002156, -0.0002662, -0.00022, -0.0001375, -0.0001496, -0.0002123, -0.0002574, -0.0002222, -0.000154, -0.0001507, -0.0002112, -0.0002574, -0.00022, -0.000154, -0.0001386, -0.0002156, -0.0002563, -0.0002123, -0.0001441, -0.0001397, -0.0002222, -0.0002618, -0.000209, -0.0001353, -0.0001419, -0.0002167, -0.0002552, -0.0002112, -0.0001408, -0.0001419, -0.0002167, -0.0002596, -0.0002222, -0.0001474, -0.0001441, -0.0002134, -0.0002607, -0.0002211, -0.0001562, -0.0001463, -0.0002178, -0.0002684, -0.0002167, -0.0001529, -0.0001463, -0.0002266, -0.0002574, -0.00022, -0.0001364, -0.0001386, -0.0002057, -0.0002574, -0.0002156, -0.0001507, -0.000143, -0.0002244, -0.000253, -0.0002112, -0.0001452, -0.0001441, -0.00022, -0.0002673, -0.0002332, -0.0001507, -0.0001474, -0.0002145, -0.0002618, -0.0002145, -0.0001419, -0.0001441, -0.0002145, -0.0002662, -0.0002189, -0.0001419, -0.0001529, -0.0002156, -0.0002596, -0.0002189, -0.0001452, -0.0001419, -0.00022, -0.0002684, -0.0002145, -0.0001441, -0.0001342, -0.0002134, -0.0002651, -0.0002145, -0.0001441, -0.0001452, -0.0002145, -0.0002552, -0.0002134, -0.0001518, -0.0001397, -0.0002178, -0.0002541, -0.0002178, -0.0001485, -0.0001397, -0.0002211, -0.0002607, -0.0002178, -0.000143, -0.0001441, -0.0002145, -0.0002585, -0.0002189, -0.0001441, -0.000154, -0.0002222, -0.0002563, -0.0002123, -0.0001474, -0.0001452, -0.0002145, -0.0002607, -0.0002255, -0.0001463, -0.0001397, -0.0002167, -0.0002563, -0.0002288, -0.0001507]","[-0.0001441, -0.00018590000000000002, -0.0002211, -0.0002079, -0.0001628, -0.000143, -0.00018260000000000002, -0.0002343, -0.0002112, -0.0001628, -0.0001386, -0.00018810000000000002, -0.0002365, -0.0002167, -0.0001672, -0.0001419, -0.00018590000000000002, -0.0002343, -0.0002189, -0.000165, -0.0001562, -0.00018700000000000002, -0.00022, -0.0002178, -0.0001639, -0.000143, -0.00018370000000000002, -0.0002343, -0.0002167, -0.0001617, -0.0001419, -0.00018150000000000002, -0.0002222, -0.0002145, -0.0001727, -0.0001441, -0.00019140000000000002, -0.0002321, -0.00022, -0.0001617, -0.000143, -0.00019140000000000002, -0.0002222, -0.0002156, -0.000165, -0.000154, -0.00018370000000000002, -0.0002211, -0.0002134, -0.0001628, -0.0001452, -0.00019470000000000002, -0.0002266, -0.0002178, -0.0001661, -0.000143, -0.00019030000000000002, -0.0002288, -0.0002101, -0.000165, -0.0001331, -0.00018920000000000002, -0.0002277, -0.0002156, -0.0001672, -0.0001496, -0.00019800000000000002, -0.0002376, -0.0002178, -0.0001694, -0.0001386, -0.00018590000000000002, -0.0002222, -0.00022, -0.0001606, -0.0001518, -0.00018920000000000002, -0.0002321, -0.0002178, -0.0001661, -0.0001408, -0.00018590000000000002, -0.0002332, -0.000209, -0.0001628, -0.0001419, -0.00017930000000000002, -0.0002409, -0.0002123, -0.000165, -0.0001408, -0.00018480000000000002, -0.0002321, -0.000209, -0.0001606, -0.0001463, -0.00019580000000000002, -0.0002189, -0.0002112, -0.0001617, -0.0001441, -0.00018150000000000002, -0.000231, -0.0002101, -0.000154, -0.0001463, -0.00017710000000000002, -0.0002233, -0.0002222, -0.0001716, -0.0001518, -0.00018480000000000002, -0.0002244, -0.0002156, -0.0001639, -0.0001474, -0.00018700000000000002, -0.0002321, -0.0002167, -0.0001562, -0.0001441, -0.00018700000000000002, -0.0002211, -0.0002123, -0.0001562, -0.0001441, -0.00019030000000000002, -0.0002244, -0.0002222, -0.0001584, -0.000143, -0.00018810000000000002, -0.000231, -0.0002156, -0.0001551, -0.0001452, -0.00019580000000000002, -0.00022, -0.0002178, -0.0001639, -0.0001364, -0.000176, -0.0002233, -0.00022, -0.0001617, -0.0001463, -0.00018260000000000002, -0.0002354, -0.0002145, -0.0001485, -0.0001342, -0.00018920000000000002, -0.0002233, -0.0002156, -0.0001507, -0.0001507, -0.00018810000000000002, -0.0002288, -0.0002211, -0.0001606, -0.0001485, -0.0001738, -0.0002255, -0.00022, -0.0001628, -0.0001342, -0.00018480000000000002, -0.0002332, -0.0002255, -0.0001551, -0.0001441, -0.00019030000000000002, -0.0002266, -0.0002156, -0.0001617, -0.0001441, -0.00019470000000000002, -0.0002266, -0.0002123, -0.000165, -0.0001463, -0.00018920000000000002, -0.0002288, -0.0002222, -0.000154, -0.0001463, -0.00018920000000000002, -0.0002233, -0.0002145, -0.000165, -0.0001485, -0.00019140000000000002, -0.0002321, -0.0002134, -0.0001573, -0.0001397, -0.00018260000000000002, -0.0002321, -0.0002178, -0.000165, -0.0001441, -0.00018590000000000002, -0.0002244, -0.0002112, -0.0001595, -0.0001507, -0.00018810000000000002, -0.0002299, -0.0002057, -0.000165, -0.0001342, -0.00018260000000000002, -0.0002343, -0.0002101, -0.0001551, -0.0001452, -0.00019140000000000002, -0.000231, -0.00022, -0.0001628, -0.0001342, -0.00018920000000000002, -0.0002332, -0.0002145, -0.0001672, -0.0001408, -0.00017930000000000002, -0.0002299, -0.00022, -0.0001683, -0.0001463, -0.00018810000000000002, -0.0002343, -0.0002244, -0.0001562, -0.0001463, -0.00017930000000000002, -0.0002211, -0.0002233, -0.000154, -0.0001463, -0.00018590000000000002, -0.0002178, -0.0002145, -0.0001738, -0.0001485, -0.00019140000000000002, -0.00022, -0.0002068, -0.0001661, -0.0001441, -0.00018260000000000002, -0.0002299, -0.0002079, -0.0001551, -0.0001485, -0.00019470000000000002, -0.0002332, -0.000209, -0.0001628, -0.0001496, -0.00019360000000000002, -0.0002332, -0.0002134, -0.0001606, -0.000143, -0.00019250000000000002, -0.000231, -0.0002167, -0.0001573, -0.0001463, -0.00018370000000000002, -0.0002277, -0.0002145, -0.000154, -0.0001452, -0.00019360000000000002, -0.0002189, -0.0002145, -0.0001683, -0.0001408, -0.00018700000000000002, -0.0002365, -0.0002156, -0.0001584, -0.0001397, -0.00018810000000000002, -0.0002321, -0.0002156, -0.0001672, -0.0001386, -0.00018370000000000002, -0.0002288, -0.000209, -0.000165, -0.0001419, -0.00018700000000000002, -0.0002288, -0.0002101, -0.0001595, -0.0001485, -0.00018590000000000002, -0.0002222, -0.0002145, -0.0001573, -0.0001353, -0.00019140000000000002, -0.0002178, -0.0002189, -0.000165, -0.000143, -0.00018590000000000002, -0.0002244, -0.0002156, -0.000165, -0.0001397, -0.00018150000000000002, -0.0002332, -0.0002233, -0.0001617, -0.0001408, -0.00018040000000000002, -0.0002299, -0.0002156, -0.0001606, -0.0001276, -0.00018810000000000002, -0.0002288, -0.0002145, -0.0001606, -0.0001397, -0.00018920000000000002, -0.0002343, -0.0002145, -0.0001672, -0.0001474, -0.00018260000000000002, -0.0002277, -0.0002178, -0.0001606, -0.000132, -0.00018260000000000002, -0.0002233, -0.0002178, -0.0001551, -0.0001331, -0.00019800000000000002, -0.0002277, -0.0002167, -0.0001628, -0.0001474, -0.00019360000000000002, -0.0002288, -0.0002178, -0.0001573, -0.0001529, -0.00019030000000000002, -0.0002222, -0.0002134, -0.0001639, -0.0001386, -0.00018590000000000002, -0.000231, -0.000209, -0.0001727, -0.0001353, -0.00018150000000000002, -0.0002233, -0.0002156, -0.0001661, -0.0001474, -0.00018920000000000002, -0.0002222, -0.0002167, -0.0001628, -0.0001386, -0.00019030000000000002, -0.0002332, -0.0002233, -0.0001628, -0.0001474, -0.00019360000000000002, -0.0002211, -0.0002211, -0.0001639, -0.0001507, -0.00017930000000000002, -0.0002321, -0.0002189, -0.0001683, -0.0001496, -0.00018590000000000002, -0.0002332, -0.0002079, -0.0001551, -0.0001397, -0.00019580000000000002, -0.0002365, -0.0002112, -0.0001705, -0.0001364, -0.00018480000000000002, -0.0002321, -0.0002068, -0.0001573, -0.0001441, -0.00018260000000000002, -0.0002255, -0.0002134, -0.0001683, -0.0001342, -0.00018810000000000002, -0.0002365, -0.0002178, -0.000154, -0.0001408, -0.00019140000000000002, -0.0002244, -0.0002167, -0.000165, -0.0001507, -0.00018810000000000002, -0.0002288, -0.0002222, -0.0001562, -0.0001474, -0.00019470000000000002, -0.0002376, -0.0002189, -0.0001573, -0.0001518, -0.00019030000000000002, -0.0002255, -0.000209, -0.0001595, -0.0001353, -0.00018480000000000002, -0.0002233, -0.0002167, -0.0001551, -0.000143, -0.00017930000000000002, -0.0002299, -0.0002123, -0.0001639, -0.0001485, -0.00018700000000000002, -0.0002376, -0.0002211, -0.0001507, -0.0001375, -0.00018700000000000002, -0.0002244, -0.0002123, -0.0001639, -0.0001331, -0.00019800000000000002, -0.0002277, -0.0002222, -0.0001628, -0.0001397, -0.00018920000000000002, -0.0002288, -0.0002178, -0.0001584, -0.000143, -0.00018590000000000002, -0.0002332, -0.0002123, -0.0001606, -0.0001386, -0.00018590000000000002, -0.0002332, -0.0002145, -0.000165, -0.0001452, -0.00018150000000000002, -0.0002233, -0.00022, -0.0001716, -0.0001441, -0.00019140000000000002, -0.0002321, -0.0002112, -0.000154, -0.0001485, -0.00018700000000000002, -0.0002233, -0.0002211, -0.0001595, -0.0001507, -0.00018810000000000002, -0.0002376, -0.000209, -0.0001617, -0.0001342, -0.00019360000000000002, -0.0002321, -0.0002134, -0.000165]","[0.000418, 0.0008063, 0.0010923, 0.0008943, 0.00046530000000000003, 0.0004158, 0.0008118, 0.0011044, 0.0009086000000000001, 0.0004774, 0.0004125, 0.0008151, 0.0010967000000000001, 0.0009097, 0.000473, 0.000418, 0.0008107, 0.0010989, 0.0009108, 0.0004796, 0.000418, 0.0008151, 0.0011011, 0.0009119, 0.0004774, 0.0004158, 0.0008118, 0.0011088, 0.0009097, 0.000473, 0.0004202, 0.0008162, 0.0010934, 0.0008998000000000001, 0.0004752, 0.0004114, 0.0008217000000000001, 0.0011022, 0.0009130000000000001, 0.00047410000000000003, 0.0004213, 0.0008118, 0.0010978000000000001, 0.0009185, 0.00047410000000000003, 0.0004125, 0.0008217000000000001, 0.0011077, 0.0009141, 0.0004686, 0.000418, 0.0008118, 0.0011022, 0.0009130000000000001, 0.000473, 0.0004169, 0.0008261000000000001, 0.0011033, 0.0009009, 0.0004818, 0.0004081, 0.0008261000000000001, 0.0011011, 0.0009064, 0.00046970000000000003, 0.0004202, 0.000814, 0.0010989, 0.000902, 0.00048070000000000003, 0.000418, 0.0008129000000000001, 0.0010901, 0.0009064, 0.00048290000000000003, 0.0004246, 0.0008129000000000001, 0.0011022, 0.0009031, 0.0004796, 0.0004114, 0.0008217000000000001, 0.0010945, 0.000924, 0.0004796, 0.0004136, 0.0008228, 0.0011044, 0.0009086000000000001, 0.00047190000000000003, 0.0004114, 0.0008129000000000001, 0.0011066000000000001, 0.0009130000000000001, 0.0004774, 0.0004202, 0.000814, 0.0011055000000000001, 0.0009141, 0.00047630000000000003, 0.0004059, 0.0008151, 0.0011088, 0.0009152, 0.00048290000000000003, 0.0004125, 0.0008173000000000001, 0.0011088, 0.0009031, 0.0004796, 0.0004114, 0.0008173000000000001, 0.0011077, 0.000902, 0.0004708, 0.0004114, 0.0008206, 0.0011088, 0.0009108, 0.0004774, 0.0004125, 0.0008151, 0.0010989, 0.0009097, 0.00047410000000000003, 0.000407, 0.0008118, 0.0011022, 0.0009097, 0.0004708, 0.0004092, 0.0008041000000000001, 0.0011044, 0.0009108, 0.000473, 0.0004114, 0.0008217000000000001, 0.0011011, 0.0009009, 0.0004686, 0.0004213, 0.0008217000000000001, 0.0011044, 0.0009130000000000001, 0.0004818, 0.0004103, 0.0008228, 0.0011022, 0.0009042000000000001, 0.000473, 0.0004169, 0.0008129000000000001, 0.0011088, 0.0009130000000000001, 0.000473, 0.0004213, 0.0008118, 0.0011011, 0.0009086000000000001, 0.00047630000000000003, 0.0004158, 0.000814, 0.0011055000000000001, 0.0009163000000000001, 0.00047190000000000003, 0.0004202, 0.0008173000000000001, 0.0011066000000000001, 0.0009097, 0.00047190000000000003, 0.0004191, 0.0008195, 0.0011066000000000001, 0.0009064, 0.00046750000000000003, 0.000418, 0.0008151, 0.0011044, 0.0009075, 0.00047190000000000003, 0.0004169, 0.0008228, 0.0011, 0.0009163000000000001, 0.00047850000000000003, 0.0004114, 0.0008162, 0.0011011, 0.0009064, 0.000484, 0.0004081, 0.0008162, 0.0011033, 0.0009218000000000001, 0.000473, 0.0004103, 0.000825, 0.0011044, 0.0009075, 0.00047410000000000003, 0.0004202, 0.0008217000000000001, 0.0011099, 0.0009009, 0.000473, 0.0004224, 0.0008195, 0.0011077, 0.0009075, 0.00047630000000000003, 0.0004224, 0.0008206, 0.0011033, 0.0008987, 0.00047410000000000003, 0.000418, 0.0008228, 0.0011044, 0.0009119, 0.0004708, 0.00042350000000000005, 0.0008085000000000001, 0.0011022, 0.0009086000000000001, 0.00046970000000000003, 0.0004103, 0.0008228, 0.0010912, 0.0009174000000000001, 0.00047410000000000003, 0.0004158, 0.000814, 0.0010978000000000001, 0.0009097, 0.00047850000000000003, 0.000418, 0.0008173000000000001, 0.0010934, 0.0009163000000000001, 0.00048290000000000003, 0.0004059, 0.0008118, 0.0011022, 0.0009031, 0.00048290000000000003, 0.0004136, 0.0008261000000000001, 0.0011055000000000001, 0.0009031, 0.00047850000000000003, 0.0004191, 0.0008184, 0.0011121, 0.0009152, 0.00046970000000000003, 0.0004125, 0.0008228, 0.0011088, 0.0009086000000000001, 0.00046750000000000003, 0.0004213, 0.0008162, 0.0011044, 0.0009064, 0.0004708, 0.0004213, 0.0008217000000000001, 0.0011044, 0.0009141, 0.00047630000000000003, 0.0004125, 0.0008239, 0.0011055000000000001, 0.0009130000000000001, 0.00046090000000000004, 0.0004125, 0.0008162, 0.0011044, 0.0009141, 0.00047630000000000003, 0.00042570000000000005, 0.0008151, 0.0011176, 0.0009097, 0.0004708, 0.0004114, 0.0008217000000000001, 0.0011099, 0.0009108, 0.00047850000000000003, 0.0004169, 0.0008151, 0.0011077, 0.0009097, 0.0004708, 0.0004268, 0.0008195, 0.0011077, 0.0009119, 0.00046970000000000003, 0.00042790000000000005, 0.0008294, 0.0011121, 0.0009075, 0.00047850000000000003, 0.000418, 0.0008184, 0.0011077, 0.0009042000000000001, 0.0004818, 0.0004224, 0.0008217000000000001, 0.0011088, 0.0009042000000000001, 0.00046750000000000003, 0.000418, 0.0008184, 0.0011077, 0.0009108, 0.000473, 0.0004136, 0.0008228, 0.0011022, 0.000902, 0.00045870000000000004, 0.0004081, 0.0008239, 0.0011044, 0.0009119, 0.0004752, 0.0004213, 0.0008272, 0.0011055000000000001, 0.0009218000000000001, 0.00048070000000000003, 0.0004136, 0.0008217000000000001, 0.0011, 0.0009185, 0.00047190000000000003, 0.000407, 0.0008272, 0.0011033, 0.0009108, 0.0004818, 0.0004114, 0.0008272, 0.0011, 0.0009042000000000001, 0.00048290000000000003, 0.0004092, 0.0008294, 0.0011154000000000001, 0.0009119, 0.0004664, 0.0004147, 0.0008195, 0.0011, 0.000902, 0.0004708, 0.00043010000000000005, 0.000836, 0.0011033, 0.0009108, 0.00046530000000000003, 0.0004224, 0.0008239, 0.0011143000000000001, 0.0009053, 0.00046530000000000003, 0.0004213, 0.0008195, 0.0011154000000000001, 0.0009086000000000001, 0.0004686, 0.0004224, 0.000825, 0.0010978000000000001, 0.0008998000000000001, 0.00047630000000000003, 0.00043010000000000005, 0.0008239, 0.0011088, 0.0009119, 0.0004774, 0.00042350000000000005, 0.0008228, 0.0011132, 0.0009086000000000001, 0.0004708, 0.00042350000000000005, 0.0008261000000000001, 0.0010967000000000001, 0.0009196, 0.00046970000000000003, 0.000418, 0.0008272, 0.0011066000000000001, 0.0009031, 0.00048070000000000003, 0.0004191, 0.0008173000000000001, 0.0011, 0.0009086000000000001, 0.00047410000000000003, 0.0004312, 0.0008272, 0.0011, 0.0009152, 0.000473, 0.00042350000000000005, 0.0008195, 0.0010989, 0.0009097, 0.000473, 0.0004213, 0.0008261000000000001, 0.0011088, 0.0009075, 0.0004708, 0.0004125, 0.0008327, 0.0011121, 0.0009141, 0.0004796, 0.0004213, 0.0008195, 0.0011033, 0.0009042000000000001, 0.00047410000000000003, 0.0004147, 0.000814, 0.0011066000000000001, 0.0009042000000000001, 0.00047410000000000003, 0.000418, 0.0008261000000000001, 0.0011066000000000001, 0.0009042000000000001, 0.00046750000000000003, 0.00042570000000000005, 0.0008162, 0.0011, 0.0009075, 0.00047850000000000003, 0.0004224, 0.0008272, 0.0010978000000000001, 0.0009108, 0.0004664, 0.000418, 0.0008272, 0.0011066000000000001, 0.000902, 0.00046970000000000003, 0.0004224, 0.0008151, 0.0011154000000000001, 0.000902, 0.00046970000000000003, 0.0004136, 0.000825, 0.0011077, 0.0009042000000000001, 0.000473, 0.0004312, 0.0008162, 0.0011077, 0.0009053, 0.000473, 0.0004224, 0.000825, 0.0011044, 0.0009119, 0.0004686, 0.0004213, 0.0008283, 0.0011099, 0.0009009, 0.0004708, 0.0004147, 0.0008316, 0.0011033, 0.0009075, 0.0004708, 0.00042790000000000005, 0.0008217000000000001, 0.0011033, 0.0009042000000000001, 0.00047850000000000003, 0.0004114, 0.0008261000000000001, 0.0011011, 0.0009009, 0.00046310000000000004, 0.0004136, 0.0008305000000000001, 0.0011022, 0.0009075, 0.0004642]",18
54,"[-0.0002255, -0.0002618, -0.0002211, -0.0001463, -0.0001397, -0.0002277, -0.0002618, -0.0002332, -0.0001496, -0.000154, -0.0002233, -0.0002684, -0.0002189, -0.0001551, -0.0001496, -0.0002233, -0.0002805, -0.000231, -0.0001529, -0.0001551, -0.0002277, -0.000275, -0.0002288, -0.000143, -0.0001463, -0.000231, -0.0002728, -0.0002244, -0.0001507, -0.0001419, -0.0002332, -0.0002783, -0.000231, -0.0001551, -0.0001573, -0.00022, -0.00028270000000000004, -0.0002332, -0.0001485, -0.0001496, -0.0002277, -0.0002684, -0.00022, -0.0001441, -0.0001518, -0.0002321, -0.0002794, -0.0002376, -0.000143, -0.0001507, -0.000231, -0.0002684, -0.0002277, -0.000143, -0.0001518, -0.000231, -0.0002772, -0.0002233, -0.0001529, -0.0001474, -0.0002277, -0.0002739, -0.0002167, -0.0001584, -0.000154, -0.0002376, -0.0002739, -0.0002299, -0.000154, -0.0001507, -0.0002288, -0.0002695, -0.0002266, -0.0001507, -0.0001441, -0.0002365, -0.0002739, -0.000242, -0.000143, -0.0001518, -0.0002222, -0.0002772, -0.0002354, -0.0001441, -0.0001463, -0.0002332, -0.0002739, -0.0002255, -0.0001485, -0.0001595, -0.0002255, -0.0002728, -0.0002321, -0.0001551, -0.0001485, -0.0002398, -0.0002761, -0.0002365, -0.0001529, -0.0001507, -0.0002189, -0.000264, -0.0002321, -0.000143, -0.0001474, -0.0002343, -0.0002662, -0.0002365, -0.000154, -0.0001529, -0.0002299, -0.0002783, -0.0002266, -0.0001342, -0.0001551, -0.0002299, -0.0002761, -0.0002233, -0.0001507, -0.0001474, -0.0002332, -0.0002728, -0.0002244, -0.0001507, -0.0001507, -0.000231, -0.0002717, -0.0002167, -0.000143, -0.0001496, -0.0002332, -0.0002651, -0.0002321, -0.0001419, -0.0001463, -0.0002255, -0.0002739, -0.0002321, -0.0001496, -0.0001463, -0.0002354, -0.0002728, -0.0002244, -0.0001529, -0.0001518, -0.0002365, -0.0002772, -0.0002299, -0.000154, -0.0001441, -0.0002343, -0.000275, -0.0002343, -0.0001441, -0.0001496, -0.000231, -0.0002772, -0.0002299, -0.0001463, -0.0001584, -0.000231, -0.0002673, -0.00022, -0.0001562, -0.0001507, -0.0002233, -0.0002794, -0.0002288, -0.000154, -0.0001529, -0.0002387, -0.0002629, -0.000231, -0.0001463, -0.0001496, -0.0002255, -0.0002838, -0.000231, -0.0001507, -0.0001419, -0.0002376, -0.0002717, -0.0002266, -0.0001496, -0.0001518, -0.0002321, -0.0002739, -0.0002233, -0.0001573, -0.000154, -0.000231, -0.0002761, -0.0002211, -0.0001573, -0.0001573, -0.0002244, -0.0002761, -0.0002299, -0.000143, -0.0001529, -0.0002288, -0.0002706, -0.0002222, -0.0001507, -0.000143, -0.0002321, -0.0002783, -0.0002244, -0.0001441, -0.0001551, -0.0002387, -0.0002794, -0.000231, -0.0001573, -0.0001452, -0.0002255, -0.0002717, -0.0002255, -0.0001397, -0.000154, -0.0002321, -0.0002772, -0.0002266, -0.0001441, -0.0001562, -0.0002266, -0.0002728, -0.0002299, -0.0001551, -0.0001474, -0.0002255, -0.0002706, -0.0002156, -0.0001606, -0.0001529, -0.0002277, -0.0002761, -0.0002233, -0.0001441, -0.0001529, -0.0002299, -0.000264, -0.0002178, -0.0001507, -0.0001606, -0.0002332, -0.00028270000000000004, -0.0002211, -0.0001496, -0.0001529, -0.0002332, -0.0002772, -0.0002156, -0.0001529, -0.000143, -0.0002321, -0.0002728, -0.000231, -0.000154, -0.0001496, -0.0002299, -0.0002838, -0.0002244, -0.0001551, -0.0001551, -0.0002332, -0.0002651, -0.000231, -0.000143, -0.0001507, -0.0002277, -0.0002761, -0.000231, -0.0001507, -0.0001463, -0.0002277, -0.0002706, -0.0002255, -0.0001463, -0.0001474, -0.0002365, -0.0002695, -0.0002233, -0.0001419, -0.0001518, -0.000231, -0.00028490000000000004, -0.0002376, -0.000154, -0.0001507, -0.0002365, -0.0002728, -0.0002299, -0.0001529, -0.0001551, -0.0002288, -0.0002739, -0.0002299, -0.0001496, -0.0001529, -0.000242, -0.0002816, -0.0002299, -0.0001474, -0.0001496, -0.0002343, -0.0002772, -0.0002266, -0.0001496, -0.0001518, -0.000231, -0.0002816, -0.0002222, -0.0001474, -0.000154, -0.0002332, -0.00028270000000000004, -0.0002321, -0.0001518, -0.0001507, -0.0002299, -0.0002739, -0.0002266, -0.0001452, -0.0001518, -0.0002244, -0.0002761, -0.0002354, -0.0001485, -0.000154, -0.0002376, -0.0002783, -0.0002321, -0.0001441, -0.0001573, -0.0002277, -0.0002805, -0.0002343, -0.0001419, -0.0001551, -0.0002376, -0.0002684, -0.0002299, -0.0001518, -0.0001507, -0.0002332, -0.0002739, -0.0002189, -0.000154, -0.0001485, -0.0002255, -0.0002717, -0.0002321, -0.0001551, -0.0001507, -0.0002299, -0.0002739, -0.000231, -0.0001573, -0.0001463, -0.0002222, -0.0002728, -0.0002255, -0.0001551, -0.0001463, -0.0002288, -0.0002761, -0.0002299, -0.0001463, -0.0001485, -0.0002387, -0.0002695, -0.0002255, -0.000154, -0.0001463, -0.0002299, -0.00028270000000000004, -0.0002277, -0.0001463, -0.0001496, -0.0002321, -0.0002728, -0.0002189, -0.0001551, -0.0001507, -0.0002299, -0.0002739, -0.0002255, -0.0001518, -0.0001485, -0.0002464, -0.0002717, -0.0002321, -0.0001562, -0.0001628, -0.000231, -0.0002739, -0.0002266, -0.0001419, -0.0001584, -0.0002354, -0.0002728, -0.0002233, -0.0001474, -0.0001529, -0.0002299, -0.0002673, -0.0002266, -0.0001518, -0.0001507, -0.0002288, -0.0002816, -0.000231, -0.0001496, -0.0001518, -0.0002266, -0.0002772, -0.0002398, -0.000154, -0.0001474, -0.0002343, -0.0002739, -0.0002299, -0.0001474, -0.0001507, -0.0002354, -0.0002717, -0.0002266, -0.0001551, -0.000154, -0.0002387, -0.0002772, -0.0002255, -0.0001551, -0.000154, -0.0002354, -0.0002783, -0.0002288, -0.0001606, -0.0001419, -0.000231, -0.0002772, -0.0002343, -0.0001474, -0.0001518, -0.0002332, -0.00028490000000000004, -0.0002189, -0.0001485, -0.0001518, -0.0002365, -0.0002794, -0.00022, -0.0001507, -0.0001639, -0.0002244, -0.000275, -0.0002321, -0.0001463, -0.0001452, -0.0002222, -0.0002794, -0.0002321, -0.0001485, -0.0001496, -0.0002321, -0.0002783, -0.0002266, -0.0001496, -0.000154, -0.0002409, -0.000264, -0.0002266, -0.0001617, -0.0001507, -0.0002266, -0.0002805, -0.000231, -0.0001408, -0.0001452, -0.0002233, -0.0002728, -0.0002266, -0.0001496, -0.0001584, -0.00022, -0.0002783, -0.0002365, -0.0001496, -0.0001474, -0.000231, -0.0002706, -0.0002343, -0.0001496, -0.0001496, -0.0002376, -0.0002673, -0.0002332, -0.0001408]","[-0.00018920000000000002, -0.0002222, -0.0002189, -0.0001573, -0.0001441, -0.00018920000000000002, -0.000231, -0.0002035, -0.000165, -0.0001375, -0.00018920000000000002, -0.0002233, -0.0002167, -0.0001595, -0.0001408, -0.00018480000000000002, -0.0002222, -0.0002134, -0.0001694, -0.0001485, -0.00019470000000000002, -0.0002431, -0.0002101, -0.0001628, -0.0001386, -0.00019910000000000001, -0.0002321, -0.0002233, -0.0001628, -0.0001496, -0.00019580000000000002, -0.0002288, -0.0002134, -0.0001606, -0.0001518, -0.00018370000000000002, -0.0002178, -0.0002189, -0.0001606, -0.0001452, -0.00019580000000000002, -0.0002266, -0.0002101, -0.0001595, -0.0001353, -0.00019250000000000002, -0.0002233, -0.0002134, -0.0001562, -0.0001375, -0.00018700000000000002, -0.0002354, -0.0002123, -0.0001496, -0.000143, -0.00018260000000000002, -0.0002376, -0.0002156, -0.0001705, -0.0001386, -0.00019580000000000002, -0.0002343, -0.0002057, -0.0001617, -0.0001386, -0.00018920000000000002, -0.0002244, -0.0002156, -0.0001573, -0.0001551, -0.00019690000000000002, -0.0002354, -0.0002145, -0.0001518, -0.0001397, -0.00018590000000000002, -0.0002299, -0.0002145, -0.000165, -0.0001342, -0.00019140000000000002, -0.0002233, -0.0002079, -0.0001628, -0.0001375, -0.00019470000000000002, -0.0002332, -0.0002189, -0.0001496, -0.0001507, -0.00019800000000000002, -0.0002398, -0.000209, -0.000165, -0.0001408, -0.00019250000000000002, -0.0002266, -0.0002068, -0.000165, -0.0001364, -0.00018920000000000002, -0.000231, -0.0002145, -0.0001584, -0.0001408, -0.00018810000000000002, -0.0002288, -0.0002178, -0.0001672, -0.0001485, -0.00018700000000000002, -0.0002398, -0.00022, -0.0001617, -0.0001419, -0.00018920000000000002, -0.0002321, -0.0002112, -0.0001672, -0.0001397, -0.00018920000000000002, -0.0002277, -0.0002156, -0.0001672, -0.0001452, -0.00019800000000000002, -0.0002244, -0.0002134, -0.0001595, -0.0001452, -0.00019470000000000002, -0.000242, -0.0002167, -0.0001661, -0.0001397, -0.00018920000000000002, -0.0002343, -0.0002189, -0.0001595, -0.0001408, -0.00018920000000000002, -0.0002299, -0.00022, -0.0001628, -0.0001353, -0.00018370000000000002, -0.0002211, -0.0002134, -0.0001628, -0.0001485, -0.00019250000000000002, -0.0002266, -0.0002145, -0.0001573, -0.0001474, -0.00019140000000000002, -0.0002387, -0.0002123, -0.000165, -0.0001452, -0.00018810000000000002, -0.0002244, -0.0002068, -0.0001727, -0.0001463, -0.00019580000000000002, -0.0002299, -0.0002101, -0.0001606, -0.0001408, -0.00018040000000000002, -0.0002321, -0.0002211, -0.0001584, -0.0001485, -0.00018480000000000002, -0.0002321, -0.0002167, -0.0001529, -0.0001342, -0.00019360000000000002, -0.0002266, -0.0002189, -0.0001518, -0.0001441, -0.00018920000000000002, -0.0002288, -0.0002079, -0.0001573, -0.0001441, -0.00018480000000000002, -0.00022, -0.00022, -0.0001672, -0.0001452, -0.00020130000000000001, -0.0002321, -0.0002112, -0.0001628, -0.0001452, -0.00019140000000000002, -0.0002266, -0.0002068, -0.0001628, -0.0001463, -0.00019360000000000002, -0.0002277, -0.0002068, -0.0001738, -0.0001474, -0.00018480000000000002, -0.0002255, -0.0002134, -0.000165, -0.0001419, -0.00019030000000000002, -0.000231, -0.0002167, -0.0001595, -0.0001485, -0.00019580000000000002, -0.0002266, -0.0002123, -0.0001617, -0.0001386, -0.00018370000000000002, -0.0002398, -0.0002101, -0.000165, -0.0001386, -0.00018810000000000002, -0.0002288, -0.0002167, -0.0001463, -0.0001419, -0.00019580000000000002, -0.0002387, -0.0002145, -0.0001694, -0.0001397, -0.00018920000000000002, -0.0002244, -0.0002189, -0.0001584, -0.0001485, -0.00019250000000000002, -0.000231, -0.0002244, -0.0001551, -0.0001386, -0.00018920000000000002, -0.000231, -0.0002167, -0.0001562, -0.0001397, -0.00019140000000000002, -0.0002211, -0.0002112, -0.0001628, -0.0001496, -0.00018590000000000002, -0.0002288, -0.0002035, -0.0001551, -0.0001397, -0.00018480000000000002, -0.0002299, -0.0002233, -0.0001595, -0.0001507, -0.00018810000000000002, -0.0002365, -0.0002167, -0.0001628, -0.0001452, -0.00019470000000000002, -0.0002343, -0.0002178, -0.0001628, -0.0001397, -0.00019140000000000002, -0.0002255, -0.0002211, -0.0001683, -0.0001474, -0.00019800000000000002, -0.0002321, -0.0002112, -0.0001595, -0.0001507, -0.00019360000000000002, -0.0002365, -0.0002134, -0.0001661, -0.0001408, -0.00018810000000000002, -0.0002365, -0.0002112, -0.0001683, -0.0001463, -0.00019360000000000002, -0.0002244, -0.00020240000000000001, -0.0001639, -0.000132, -0.00018810000000000002, -0.0002255, -0.0002167, -0.0001694, -0.000143, -0.00018920000000000002, -0.0002178, -0.0002211, -0.0001595, -0.0001474, -0.00019360000000000002, -0.0002332, -0.0002156, -0.000165, -0.0001518, -0.00018810000000000002, -0.0002321, -0.000209, -0.0001485, -0.000154, -0.00019140000000000002, -0.0002332, -0.0002145, -0.0001661, -0.0001474, -0.00019580000000000002, -0.000231, -0.0002123, -0.0001474, -0.0001353, -0.00018260000000000002, -0.0002255, -0.00022, -0.0001705, -0.0001397, -0.00018480000000000002, -0.000231, -0.0002211, -0.0001584, -0.0001463, -0.00018920000000000002, -0.0002321, -0.0002112, -0.0001617, -0.0001397, -0.00019360000000000002, -0.0002365, -0.0002134, -0.0001573, -0.0001331, -0.00018810000000000002, -0.000231, -0.0002233, -0.0001639, -0.0001452, -0.00018810000000000002, -0.0002332, -0.0002189, -0.0001496, -0.0001419, -0.00018590000000000002, -0.0002266, -0.0002112, -0.0001606, -0.0001474, -0.00019580000000000002, -0.000231, -0.0002211, -0.0001595, -0.0001419, -0.00019030000000000002, -0.0002255, -0.0002222, -0.0001639, -0.0001386, -0.00018150000000000002, -0.0002409, -0.0002156, -0.0001507, -0.0001397, -0.00019360000000000002, -0.0002255, -0.0002167, -0.0001573, -0.0001507, -0.00019140000000000002, -0.0002343, -0.0002101, -0.0001595, -0.0001386, -0.00019580000000000002, -0.000231, -0.0002134, -0.0001562, -0.0001408, -0.00019580000000000002, -0.000231, -0.000209, -0.0001584, -0.0001441, -0.00019140000000000002, -0.000242, -0.0002156, -0.0001628, -0.0001496, -0.00017820000000000002, -0.0002365, -0.0002156, -0.0001617, -0.0001518, -0.00019250000000000002, -0.0002321, -0.0002178, -0.0001573, -0.0001375, -0.00019030000000000002, -0.0002288, -0.000209, -0.0001584, -0.0001474, -0.00018810000000000002, -0.0002288, -0.0002167, -0.0001595, -0.0001496, -0.00018260000000000002, -0.0002376, -0.0002189, -0.0001628, -0.0001441, -0.00020020000000000001, -0.0002354, -0.0002112, -0.0001628, -0.0001441, -0.00018700000000000002, -0.0002343, -0.0002134, -0.0001595, -0.0001507, -0.00018150000000000002, -0.0002376, -0.0002112, -0.0001617, -0.0001518, -0.00019250000000000002, -0.0002365, -0.0002178, -0.0001661, -0.000143, -0.00019360000000000002, -0.0002354, -0.0002244, -0.0001573, -0.0001419, -0.00019800000000000002, -0.0002387, -0.0002145, -0.0001617, -0.0001441, -0.00019140000000000002, -0.0002277, -0.0002189, -0.0001595, -0.0001474, -0.00019360000000000002, -0.0002222, -0.00020240000000000001, -0.0001518, -0.0001463, -0.00018920000000000002, -0.0002277, -0.0002167, -0.000165, -0.0001441, -0.00018260000000000002, -0.0002288, -0.0002211, -0.000165, -0.0001452, -0.00019030000000000002, -0.0002409, -0.000209, -0.0001628, -0.000132, -0.00019360000000000002, -0.0002321, -0.0002145, -0.0001661, -0.000143, -0.00018260000000000002, -0.0002321, -0.0002266, -0.0001595]","[0.0008316, 0.0011077, 0.0008910000000000001, 0.00045870000000000004, 0.00043670000000000004, 0.0008415, 0.0011099, 0.000902, 0.00046970000000000003, 0.000429, 0.0008316, 0.0011088, 0.0009075, 0.00046970000000000003, 0.00044, 0.0008481000000000001, 0.0011132, 0.0008987, 0.000473, 0.0004334, 0.0008536, 0.0011143000000000001, 0.0009130000000000001, 0.00046970000000000003, 0.0004224, 0.0008415, 0.0011121, 0.0009031, 0.0004708, 0.00043010000000000005, 0.0008492, 0.0011176, 0.0009196, 0.000473, 0.00043010000000000005, 0.0008514000000000001, 0.0011176, 0.0009196, 0.000462, 0.0004246, 0.0008448, 0.0011242000000000001, 0.0009053, 0.000473, 0.0004334, 0.0008547, 0.0011275, 0.0009064, 0.00046530000000000003, 0.00043450000000000004, 0.0008536, 0.0011121, 0.0009064, 0.0004642, 0.00043890000000000004, 0.0008525000000000001, 0.0011264, 0.0009130000000000001, 0.0004796, 0.00042790000000000005, 0.0008525000000000001, 0.001122, 0.0009174000000000001, 0.0004686, 0.0004356, 0.0008536, 0.0011198, 0.0009119, 0.00047630000000000003, 0.00043450000000000004, 0.0008492, 0.0011165, 0.0009042000000000001, 0.000462, 0.00043230000000000005, 0.0008470000000000001, 0.0011154000000000001, 0.0009075, 0.000473, 0.0004356, 0.0008459, 0.001122, 0.0009086000000000001, 0.00046750000000000003, 0.00043890000000000004, 0.0008514000000000001, 0.0011187, 0.0009031, 0.00047410000000000003, 0.0004356, 0.0008481000000000001, 0.001122, 0.0008976, 0.0004752, 0.00044, 0.0008492, 0.0011198, 0.0009174000000000001, 0.0004708, 0.0004444, 0.0008525000000000001, 0.0011187, 0.0009119, 0.00046750000000000003, 0.00044770000000000004, 0.0008492, 0.0011264, 0.0009042000000000001, 0.000462, 0.0004422, 0.0008470000000000001, 0.0011198, 0.0009119, 0.00046090000000000004, 0.00043010000000000005, 0.0008437000000000001, 0.0011308000000000002, 0.0009086000000000001, 0.0004708, 0.0004312, 0.0008492, 0.0011187, 0.000902, 0.00047410000000000003, 0.00043230000000000005, 0.0008591, 0.0011319000000000001, 0.0009031, 0.00047190000000000003, 0.00042790000000000005, 0.0008492, 0.0011198, 0.0009108, 0.00046090000000000004, 0.0004356, 0.0008569000000000001, 0.0011198, 0.0009031, 0.00047190000000000003, 0.00043670000000000004, 0.0008624, 0.0011132, 0.0009163000000000001, 0.00048290000000000003, 0.00044770000000000004, 0.0008448, 0.0011154000000000001, 0.0009185, 0.0004752, 0.00042790000000000005, 0.0008547, 0.0011264, 0.000902, 0.0004708, 0.000429, 0.0008492, 0.0011253, 0.0009108, 0.0004752, 0.00042570000000000005, 0.0008525000000000001, 0.0011231000000000001, 0.0009053, 0.00046310000000000004, 0.00043890000000000004, 0.0008481000000000001, 0.0011165, 0.0009097, 0.00045430000000000004, 0.0004334, 0.0008492, 0.0011176, 0.0009031, 0.00046530000000000003, 0.0004378, 0.0008624, 0.0011242000000000001, 0.0009031, 0.0004664, 0.00043450000000000004, 0.0008547, 0.0011286, 0.0009119, 0.00047190000000000003, 0.00043890000000000004, 0.0008635, 0.0011176, 0.0009108, 0.0004774, 0.000451, 0.0008624, 0.0011275, 0.0009097, 0.0004686, 0.0004268, 0.0008536, 0.0011209, 0.0009075, 0.00045870000000000004, 0.00043670000000000004, 0.0008459, 0.0011165, 0.0009097, 0.0004664, 0.00043010000000000005, 0.0008558000000000001, 0.0011264, 0.0009009, 0.000473, 0.00044, 0.0008591, 0.0011165, 0.0009097, 0.0004642, 0.0004422, 0.0008602000000000001, 0.0011132, 0.0009031, 0.0004664, 0.0004312, 0.0008558000000000001, 0.0011286, 0.0008998000000000001, 0.00046970000000000003, 0.0004422, 0.0008503, 0.0011264, 0.0009075, 0.00047630000000000003, 0.0004356, 0.0008492, 0.0011242000000000001, 0.0009097, 0.0004686, 0.0004312, 0.0008635, 0.0011231000000000001, 0.0009053, 0.0004664, 0.00043890000000000004, 0.0008492, 0.001122, 0.0009130000000000001, 0.00046090000000000004, 0.000429, 0.0008646000000000001, 0.0011154000000000001, 0.0009053, 0.00046970000000000003, 0.00044330000000000004, 0.0008426, 0.0011231000000000001, 0.0008954000000000001, 0.0004664, 0.0004488, 0.0008525000000000001, 0.0011209, 0.0009031, 0.00046750000000000003, 0.00043670000000000004, 0.0008525000000000001, 0.0011154000000000001, 0.0008976, 0.00047190000000000003, 0.0004334, 0.0008481000000000001, 0.0011121, 0.0009097, 0.00046750000000000003, 0.0004422, 0.0008547, 0.0011231000000000001, 0.0009141, 0.00047190000000000003, 0.0004378, 0.0008514000000000001, 0.0011253, 0.0009086000000000001, 0.00047190000000000003, 0.00044770000000000004, 0.0008591, 0.0011209, 0.0009053, 0.0004796, 0.00044110000000000004, 0.0008514000000000001, 0.0011132, 0.0009042000000000001, 0.00046970000000000003, 0.0004356, 0.0008514000000000001, 0.0011253, 0.0008987, 0.00046530000000000003, 0.00044, 0.0008525000000000001, 0.0011187, 0.0009108, 0.00046090000000000004, 0.00044, 0.0008536, 0.0011253, 0.0009163000000000001, 0.00046530000000000003, 0.00043450000000000004, 0.0008547, 0.0011143000000000001, 0.0009163000000000001, 0.00046750000000000003, 0.0004378, 0.0008547, 0.0011121, 0.0009130000000000001, 0.00046310000000000004, 0.00043230000000000005, 0.0008734000000000001, 0.0011099, 0.000902, 0.00046750000000000003, 0.0004334, 0.0008459, 0.0011121, 0.0009064, 0.00047190000000000003, 0.00044330000000000004, 0.0008492, 0.0011187, 0.000902, 0.00046310000000000004, 0.0004356, 0.0008723, 0.0011297, 0.0008998000000000001, 0.0004708, 0.00044550000000000004, 0.0008635, 0.0011264, 0.0009086000000000001, 0.00046750000000000003, 0.0004444, 0.0008646000000000001, 0.0011352, 0.000902, 0.00046530000000000003, 0.0004334, 0.0008503, 0.0011176, 0.0009086000000000001, 0.000462, 0.0004312, 0.0008602000000000001, 0.0011275, 0.0009130000000000001, 0.0004664, 0.00043010000000000005, 0.0008613000000000001, 0.0011286, 0.0009130000000000001, 0.00047410000000000003, 0.00043450000000000004, 0.0008613000000000001, 0.0011209, 0.0009042000000000001, 0.0004708, 0.0004378, 0.0008492, 0.0011396000000000002, 0.0008932, 0.00046090000000000004, 0.00044, 0.0008635, 0.0011264, 0.0009086000000000001, 0.0004664, 0.00043670000000000004, 0.0008624, 0.001122, 0.0008987, 0.00047410000000000003, 0.0004444, 0.0008613000000000001, 0.0011121, 0.0009009, 0.00046530000000000003, 0.0004488, 0.000858, 0.0011198, 0.0009042000000000001, 0.00046310000000000004, 0.0004334, 0.0008624, 0.0011308000000000002, 0.0008998000000000001, 0.000462, 0.00043670000000000004, 0.0008558000000000001, 0.0011187, 0.0009119, 0.00046970000000000003, 0.00044330000000000004, 0.0008514000000000001, 0.0011198, 0.0008976, 0.0004686, 0.00044, 0.0008459, 0.0011231000000000001, 0.0008932, 0.00046310000000000004, 0.0004444, 0.0008569000000000001, 0.0011264, 0.0009075, 0.0004664, 0.00044, 0.0008536, 0.0011242000000000001, 0.000902, 0.0004796, 0.0004378, 0.0008624, 0.0011231000000000001, 0.0009075, 0.0004752, 0.00043450000000000004, 0.0008503, 0.0011154000000000001, 0.0009108, 0.000473, 0.0004488, 0.0008646000000000001, 0.0011176, 0.0008965, 0.0004642, 0.0004466, 0.0008569000000000001, 0.0011341, 0.0009097, 0.00046970000000000003, 0.00043230000000000005, 0.0008624, 0.0011154000000000001, 0.0009119, 0.00046970000000000003, 0.0004224, 0.0008536, 0.0011330000000000001, 0.0008943, 0.00046530000000000003, 0.00043890000000000004, 0.0008525000000000001, 0.0011297, 0.0008932, 0.00046970000000000003, 0.0004312, 0.0008734000000000001, 0.0011154000000000001, 0.000902, 0.0004598, 0.0004378, 0.0008514000000000001, 0.0011308000000000002, 0.0009075, 0.00045870000000000004, 0.00044550000000000004, 0.0008646000000000001, 0.0011209, 0.0008932, 0.00045650000000000004, 0.0004422, 0.0008657000000000001, 0.0011286, 0.0008921000000000001, 0.0004598, 0.00043890000000000004, 0.0008558000000000001, 0.0011275, 0.0008987, 0.0004708, 0.0004422, 0.0008690000000000001, 0.0011297, 0.000902, 0.00046310000000000004, 0.00044770000000000004, 0.0008514000000000001, 0.001122, 0.000902, 0.00045650000000000004, 0.00044770000000000004, 0.0008690000000000001, 0.0011187, 0.0008976, 0.0004664, 0.0004312, 0.0008602000000000001, 0.0011242000000000001, 0.000902, 0.000473]",19
55,"[-0.0001617, -0.0002431, -0.00028490000000000004, -0.0002343, -0.0001518, -0.000154, -0.0002398, -0.0002816, -0.0002376, -0.0001507, -0.0001661, -0.0002486, -0.00028490000000000004, -0.0002398, -0.000154, -0.0001595, -0.0002453, -0.0002948, -0.0002398, -0.0001562, -0.000165, -0.0002508, -0.00028930000000000004, -0.0002365, -0.0001496, -0.000165, -0.0002409, -0.00028490000000000004, -0.0002332, -0.0001639, -0.0001639, -0.0002475, -0.00029150000000000004, -0.0002453, -0.0001661, -0.0001518, -0.0002475, -0.00029810000000000004, -0.0002442, -0.0001518, -0.000165, -0.0002497, -0.000286, -0.000242, -0.000154, -0.000165, -0.0002563, -0.00029370000000000004, -0.0002376, -0.0001529, -0.0001518, -0.0002387, -0.00029590000000000004, -0.0002387, -0.0001452, -0.0001551, -0.0002486, -0.00029810000000000004, -0.0002376, -0.0001573, -0.0001617, -0.0002563, -0.0002948, -0.0002409, -0.0001551, -0.0001584, -0.0002398, -0.00029150000000000004, -0.0002442, -0.0001584, -0.0001661, -0.000253, -0.0002882, -0.0002431, -0.0001386, -0.0001639, -0.0002497, -0.0002761, -0.0002442, -0.0001551, -0.0001551, -0.0002409, -0.000297, -0.0002431, -0.0001573, -0.0001529, -0.0002365, -0.00028270000000000004, -0.0002387, -0.0001573, -0.0001628, -0.0002442, -0.00029590000000000004, -0.0002442, -0.0001595, -0.0001595, -0.0002497, -0.0002838, -0.0002387, -0.0001463, -0.0001628, -0.0002508, -0.00029150000000000004, -0.0002453, -0.0001518, -0.0001562, -0.0002431, -0.00029370000000000004, -0.0002409, -0.0001485, -0.000165, -0.000253, -0.0002926, -0.0002365, -0.0001529, -0.0001573, -0.0002475, -0.00029590000000000004, -0.0002387, -0.0001573, -0.0001694, -0.000242, -0.00029810000000000004, -0.0002376, -0.0001529, -0.0001595, -0.0002475, -0.00028490000000000004, -0.0002321, -0.0001606, -0.0001672, -0.0002552, -0.00029150000000000004, -0.0002409, -0.0001452, -0.0001507, -0.0002431, -0.00028490000000000004, -0.0002376, -0.0001551, -0.0001672, -0.0002552, -0.00028930000000000004, -0.0002332, -0.0001518, -0.000154, -0.0002453, -0.000286, -0.0002486, -0.0001573, -0.0001507, -0.0002453, -0.0002904, -0.000242, -0.0001496, -0.0001661, -0.0002431, -0.00029370000000000004, -0.000242, -0.0001474, -0.0001551, -0.000242, -0.00030250000000000003, -0.0002354, -0.0001485, -0.0001628, -0.0002563, -0.000286, -0.0002431, -0.0001562, -0.0001562, -0.0002431, -0.00029370000000000004, -0.0002343, -0.0001551, -0.0001683, -0.0002431, -0.0003014, -0.000242, -0.0001551, -0.0001606, -0.000253, -0.00028930000000000004, -0.0002376, -0.0001573, -0.0001628, -0.0002464, -0.000297, -0.0002387, -0.0001529, -0.0001606, -0.0002387, -0.0002948, -0.0002442, -0.0001507, -0.0001661, -0.0002497, -0.00029150000000000004, -0.0002387, -0.0001562, -0.0001617, -0.0002442, -0.000297, -0.0002409, -0.000154, -0.0001573, -0.0002497, -0.00028710000000000004, -0.0002387, -0.0001606, -0.0001639, -0.000253, -0.00028270000000000004, -0.000242, -0.0001507, -0.0001672, -0.0002475, -0.0002816, -0.000231, -0.0001573, -0.0001639, -0.0002464, -0.0002992, -0.000242, -0.0001485, -0.0001694, -0.0002596, -0.00029590000000000004, -0.0002354, -0.0001573, -0.0001617, -0.0002464, -0.00028710000000000004, -0.0002398, -0.0001551, -0.0001694, -0.0002475, -0.00028930000000000004, -0.0002453, -0.0001573, -0.0001584, -0.0002442, -0.000297, -0.0002376, -0.0001529, -0.0001606, -0.0002442, -0.00028490000000000004, -0.0002409, -0.0001661, -0.0001628, -0.0002453, -0.00028930000000000004, -0.0002365, -0.0001584, -0.0001628, -0.0002442, -0.0002948, -0.000242, -0.0001529, -0.0001595, -0.0002387, -0.0002816, -0.0002442, -0.0001628, -0.0001595, -0.0002574, -0.00029150000000000004, -0.0002354, -0.0001551, -0.0001672, -0.0002332, -0.0002838, -0.0002431, -0.0001485, -0.0001672, -0.0002464, -0.000286, -0.0002343, -0.0001617, -0.0001694, -0.0002442, -0.00029370000000000004, -0.0002354, -0.0001518, -0.0001595, -0.0002508, -0.00029150000000000004, -0.000242, -0.0001595, -0.0001705, -0.0002508, -0.000297, -0.0002354, -0.0001463, -0.0001683, -0.0002552, -0.0002882, -0.0002431, -0.0001606, -0.0001595, -0.0002541, -0.000286, -0.0002398, -0.0001507, -0.0001562, -0.0002552, -0.00029150000000000004, -0.0002354, -0.0001573, -0.0001661, -0.0002453, -0.0002904, -0.000242, -0.0001573, -0.000154, -0.0002409, -0.0002992, -0.0002409, -0.0001573, -0.0001672, -0.0002475, -0.00029370000000000004, -0.0002552, -0.0001573, -0.0001606, -0.0002508, -0.0002882, -0.000231, -0.0001529, -0.000165, -0.0002409, -0.00029810000000000004, -0.0002497, -0.0001628, -0.000165, -0.0002508, -0.00029150000000000004, -0.0002464, -0.000154, -0.0001617, -0.0002409, -0.00028930000000000004, -0.0002431, -0.0001507, -0.0001595, -0.0002563, -0.0003058, -0.0002409, -0.0001562, -0.0001661, -0.0002629, -0.00028930000000000004, -0.0002398, -0.0001573, -0.0001617, -0.0002585, -0.00028490000000000004, -0.0002365, -0.0001617, -0.0001595, -0.0002541, -0.0002904, -0.0002354, -0.0001573, -0.0001529, -0.0002497, -0.000297, -0.0002365, -0.0001507, -0.0001584, -0.0002464, -0.00030030000000000004, -0.0002508, -0.0001529, -0.000165, -0.0002519, -0.00029370000000000004, -0.0002365, -0.000154, -0.0001617, -0.0002563, -0.0002948, -0.0002475, -0.0001551, -0.0001584, -0.0002519, -0.0002992, -0.000242, -0.0001584, -0.0001639, -0.0002508, -0.000297, -0.0002398, -0.0001672, -0.0001628, -0.0002563, -0.0003014, -0.0002332, -0.000154, -0.0001573, -0.0002409, -0.00029150000000000004, -0.000242, -0.0001639, -0.0001628, -0.0002475, -0.0003036, -0.0002332, -0.0001551, -0.0001562, -0.0002464, -0.00029150000000000004, -0.0002442, -0.0001573, -0.0001628, -0.0002431, -0.00029150000000000004, -0.0002464, -0.0001452, -0.0001595, -0.0002475, -0.00029150000000000004, -0.0002409, -0.0001617, -0.0001518, -0.0002464, -0.0002904, -0.0002343, -0.0001584, -0.0001639, -0.0002563, -0.00029590000000000004, -0.0002343, -0.0001562, -0.0001639, -0.0002541, -0.000297, -0.000242, -0.0001573, -0.0001705, -0.0002475, -0.00029810000000000004, -0.0002464, -0.0001595, -0.0001694, -0.0002519, -0.00029370000000000004, -0.0002376, -0.0001584, -0.0001562, -0.0002563, -0.0002948, -0.000242, -0.0001562, -0.0001562, -0.0002541, -0.000286, -0.0002464, -0.0001617, -0.000154, -0.0002596, -0.0002926, -0.0002409, -0.0001606, -0.0001606, -0.0002585, -0.0002948, -0.0002398, -0.0001551, -0.0001727, -0.0002552, -0.0002882, -0.0002376, -0.0001551, -0.000165, -0.0002519, -0.0003036, -0.0002376, -0.0001584, -0.0001562, -0.0002497, -0.00029590000000000004, -0.0002442, -0.0001573, -0.0001584, -0.000253, -0.0002926, -0.0002431, -0.0001584, -0.000176, -0.0002585, -0.00030250000000000003, -0.0002376, -0.0001584, -0.0001617, -0.000253, -0.0002882, -0.0002332]","[-0.0001441, -0.00019030000000000002, -0.0002255, -0.0002145, -0.0001617, -0.0001408, -0.00018920000000000002, -0.0002343, -0.0002134, -0.000154, -0.0001452, -0.00018810000000000002, -0.0002266, -0.0002123, -0.0001628, -0.0001463, -0.00019250000000000002, -0.0002343, -0.0002068, -0.0001562, -0.0001474, -0.00018810000000000002, -0.0002343, -0.0002156, -0.0001617, -0.0001518, -0.00019140000000000002, -0.0002321, -0.0002145, -0.0001584, -0.0001474, -0.00018480000000000002, -0.0002255, -0.0002167, -0.0001639, -0.0001518, -0.00019690000000000002, -0.0002343, -0.0002123, -0.0001606, -0.0001485, -0.00019360000000000002, -0.0002255, -0.0002156, -0.0001606, -0.0001452, -0.00019140000000000002, -0.0002266, -0.0002156, -0.0001551, -0.0001419, -0.00018920000000000002, -0.0002244, -0.0002035, -0.0001606, -0.0001496, -0.00019140000000000002, -0.0002277, -0.0002178, -0.0001595, -0.0001397, -0.00019250000000000002, -0.0002321, -0.0002046, -0.0001617, -0.0001386, -0.00019580000000000002, -0.0002277, -0.0002244, -0.000165, -0.0001518, -0.00018920000000000002, -0.000231, -0.0002222, -0.0001628, -0.0001529, -0.00019360000000000002, -0.0002233, -0.0002134, -0.0001496, -0.0001452, -0.00018370000000000002, -0.0002365, -0.0002079, -0.0001551, -0.0001507, -0.00019360000000000002, -0.0002299, -0.00022, -0.0001529, -0.0001485, -0.00019470000000000002, -0.0002288, -0.0002167, -0.0001683, -0.0001474, -0.00019360000000000002, -0.0002343, -0.0002079, -0.0001551, -0.0001474, -0.00020020000000000001, -0.0002332, -0.0002145, -0.0001584, -0.0001463, -0.00019250000000000002, -0.0002266, -0.000209, -0.000154, -0.0001309, -0.00018590000000000002, -0.0002288, -0.0002145, -0.0001529, -0.0001397, -0.00019360000000000002, -0.0002332, -0.0002101, -0.0001496, -0.0001441, -0.00018810000000000002, -0.0002299, -0.0002167, -0.0001617, -0.0001386, -0.00018700000000000002, -0.0002277, -0.0002167, -0.0001452, -0.0001408, -0.00018810000000000002, -0.0002321, -0.0002156, -0.0001661, -0.0001474, -0.00019140000000000002, -0.0002255, -0.000209, -0.0001584, -0.0001353, -0.00019800000000000002, -0.0002288, -0.0002167, -0.0001507, -0.000154, -0.00019580000000000002, -0.0002321, -0.0002156, -0.0001573, -0.0001474, -0.00018370000000000002, -0.0002266, -0.0002101, -0.0001562, -0.0001408, -0.00018810000000000002, -0.0002376, -0.0002189, -0.0001606, -0.0001496, -0.00019030000000000002, -0.0002222, -0.0002167, -0.0001639, -0.000154, -0.00019360000000000002, -0.0002299, -0.0002112, -0.0001573, -0.0001441, -0.00019690000000000002, -0.0002266, -0.0002244, -0.0001639, -0.0001474, -0.00019910000000000001, -0.0002343, -0.0002101, -0.000154, -0.000154, -0.00019910000000000001, -0.0002332, -0.0002178, -0.0001595, -0.000143, -0.00019250000000000002, -0.0002398, -0.0002123, -0.0001584, -0.0001496, -0.00019690000000000002, -0.000231, -0.0002156, -0.0001551, -0.0001419, -0.00019800000000000002, -0.0002365, -0.0002101, -0.0001518, -0.000143, -0.00018920000000000002, -0.000231, -0.00022, -0.0001595, -0.0001518, -0.0002035, -0.000231, -0.0002046, -0.0001474, -0.0001485, -0.00019470000000000002, -0.0002222, -0.0002079, -0.0001595, -0.0001518, -0.00018810000000000002, -0.0002244, -0.0002134, -0.0001595, -0.0001386, -0.00019030000000000002, -0.0002365, -0.0002145, -0.0001595, -0.0001518, -0.00019250000000000002, -0.0002299, -0.0002145, -0.0001584, -0.000143, -0.00019580000000000002, -0.0002288, -0.0002123, -0.0001628, -0.0001463, -0.00019910000000000001, -0.0002288, -0.0002068, -0.0001562, -0.000143, -0.00018920000000000002, -0.0002376, -0.000209, -0.0001507, -0.0001507, -0.00018810000000000002, -0.0002321, -0.0002046, -0.000154, -0.0001408, -0.00019360000000000002, -0.0002343, -0.0002156, -0.000165, -0.0001452, -0.00018920000000000002, -0.0002354, -0.00020020000000000001, -0.000154, -0.0001397, -0.00019690000000000002, -0.0002299, -0.0002079, -0.0001573, -0.0001485, -0.00019690000000000002, -0.0002299, -0.00019910000000000001, -0.0001595, -0.0001463, -0.00020240000000000001, -0.0002255, -0.0002255, -0.0001518, -0.0001518, -0.00017820000000000002, -0.0002255, -0.0002079, -0.0001595, -0.0001474, -0.00018700000000000002, -0.0002343, -0.0002156, -0.0001606, -0.0001452, -0.00019580000000000002, -0.0002233, -0.0002156, -0.000154, -0.0001441, -0.00019690000000000002, -0.0002387, -0.0002167, -0.0001507, -0.0001507, -0.00020240000000000001, -0.0002266, -0.0002123, -0.0001518, -0.0001496, -0.00019250000000000002, -0.0002299, -0.0002178, -0.000154, -0.0001485, -0.00020130000000000001, -0.0002365, -0.000209, -0.0001606, -0.0001452, -0.00018700000000000002, -0.0002277, -0.0002145, -0.0001639, -0.0001485, -0.00019690000000000002, -0.0002244, -0.0002046, -0.0001573, -0.0001364, -0.00019800000000000002, -0.0002321, -0.0002211, -0.0001617, -0.000154, -0.00018150000000000002, -0.0002266, -0.0002057, -0.0001562, -0.0001375, -0.00019030000000000002, -0.0002354, -0.0002079, -0.0001617, -0.0001441, -0.00018810000000000002, -0.0002288, -0.0002035, -0.0001496, -0.0001452, -0.00018700000000000002, -0.0002398, -0.0002112, -0.0001639, -0.0001507, -0.00019140000000000002, -0.0002288, -0.0002145, -0.0001518, -0.0001551, -0.00018700000000000002, -0.0002332, -0.0002046, -0.0001606, -0.0001474, -0.00020130000000000001, -0.0002255, -0.0002156, -0.0001595, -0.0001441, -0.00019250000000000002, -0.000231, -0.000209, -0.0001463, -0.0001518, -0.00019910000000000001, -0.0002233, -0.0002189, -0.0001474, -0.0001397, -0.00019470000000000002, -0.0002332, -0.0002156, -0.0001617, -0.0001397, -0.00019470000000000002, -0.0002244, -0.000209, -0.0001584, -0.000143, -0.00019690000000000002, -0.0002321, -0.0002211, -0.0001595, -0.0001463, -0.00019250000000000002, -0.0002277, -0.0002079, -0.0001507, -0.0001452, -0.00019690000000000002, -0.0002255, -0.0002112, -0.0001628, -0.0001452, -0.00019250000000000002, -0.0002354, -0.0002167, -0.0001507, -0.0001452, -0.00018480000000000002, -0.0002277, -0.0002156, -0.0001606, -0.0001463, -0.00018370000000000002, -0.0002376, -0.0002101, -0.0001507, -0.0001342, -0.00019030000000000002, -0.0002376, -0.000209, -0.0001584, -0.0001606, -0.00018810000000000002, -0.0002387, -0.000209, -0.0001617, -0.0001474, -0.00019250000000000002, -0.0002288, -0.0002189, -0.0001584, -0.0001386, -0.00019580000000000002, -0.000231, -0.00020240000000000001, -0.0001529, -0.000143, -0.00020240000000000001, -0.0002266, -0.000209, -0.0001617, -0.0001441, -0.00020020000000000001, -0.0002266, -0.0002068, -0.0001551, -0.0001463, -0.00019360000000000002, -0.0002222, -0.0002145, -0.0001584, -0.000143, -0.00019580000000000002, -0.0002277, -0.0002079, -0.0001573, -0.0001474, -0.00019030000000000002, -0.000231, -0.0002123, -0.0001606, -0.0001386, -0.00019030000000000002, -0.0002365, -0.0002068, -0.0001584, -0.0001507, -0.00019580000000000002, -0.0002409, -0.0002035, -0.000165, -0.0001496, -0.00018920000000000002, -0.0002266, -0.0002035, -0.0001562, -0.0001408, -0.00019580000000000002, -0.0002266, -0.0002101, -0.0001551, -0.0001463, -0.00019140000000000002, -0.0002332, -0.00020130000000000001, -0.000154, -0.0001496, -0.00018590000000000002, -0.0002321, -0.0002189, -0.0001628, -0.0001441, -0.00019470000000000002, -0.0002321, -0.0002046, -0.000143, -0.0001419, -0.00019030000000000002, -0.0002255, -0.0002068, -0.0001606, -0.0001485, -0.00018590000000000002, -0.0002244, -0.0002079]","[0.0004422, 0.0008767, 0.0011264, 0.0008987, 0.00046310000000000004, 0.00044770000000000004, 0.0008756, 0.0011319000000000001, 0.0009053, 0.00045870000000000004, 0.00045430000000000004, 0.0008822000000000001, 0.0011418, 0.0009141, 0.00046970000000000003, 0.00045870000000000004, 0.0008822000000000001, 0.0011363, 0.0009141, 0.0004642, 0.000451, 0.0008822000000000001, 0.0011363, 0.0009064, 0.00047410000000000003, 0.00044990000000000004, 0.0008855, 0.0011473, 0.000902, 0.00045870000000000004, 0.0004576, 0.0008932, 0.0011341, 0.0009141, 0.0004576, 0.00045430000000000004, 0.0008877000000000001, 0.0011429, 0.0009053, 0.0004752, 0.0004642, 0.0008888, 0.0011319000000000001, 0.0009086000000000001, 0.000462, 0.0004576, 0.0008844, 0.0011341, 0.0008921000000000001, 0.00046530000000000003, 0.00045430000000000004, 0.0008778000000000001, 0.0011330000000000001, 0.0009075, 0.0004642, 0.00046310000000000004, 0.0008910000000000001, 0.0011451, 0.0009130000000000001, 0.00046090000000000004, 0.00045430000000000004, 0.0008888, 0.0011407000000000001, 0.0009031, 0.00047410000000000003, 0.00045650000000000004, 0.0008756, 0.0011352, 0.0008976, 0.0004708, 0.0004554, 0.0008899, 0.0011286, 0.0009009, 0.0004554, 0.00046090000000000004, 0.0008866000000000001, 0.0011429, 0.0008987, 0.00045650000000000004, 0.00044990000000000004, 0.0008789000000000001, 0.0011352, 0.0009031, 0.0004642, 0.00045210000000000004, 0.0008877000000000001, 0.0011495000000000001, 0.0009064, 0.0004708, 0.0004488, 0.0008811, 0.0011363, 0.0009086000000000001, 0.00046310000000000004, 0.00044990000000000004, 0.0009009, 0.0011473, 0.0009009, 0.0004598, 0.0004576, 0.00088, 0.0011429, 0.0008965, 0.0004686, 0.0004554, 0.0008811, 0.0011451, 0.0009108, 0.0004576, 0.0004554, 0.0008811, 0.0011418, 0.0008910000000000001, 0.0004708, 0.00046090000000000004, 0.0008745000000000001, 0.0011462, 0.000902, 0.00046530000000000003, 0.00045650000000000004, 0.0008899, 0.0011396000000000002, 0.0008998000000000001, 0.0004664, 0.0004686, 0.0008965, 0.0011506, 0.0008987, 0.00046310000000000004, 0.0004598, 0.0008833000000000001, 0.001144, 0.0009042000000000001, 0.0004818, 0.00046090000000000004, 0.0008855, 0.0011418, 0.0008965, 0.0004708, 0.00045430000000000004, 0.0008910000000000001, 0.0011396000000000002, 0.0009108, 0.0004664, 0.00044990000000000004, 0.0008811, 0.0011374, 0.0008954000000000001, 0.000462, 0.0004642, 0.0008822000000000001, 0.0011297, 0.0009086000000000001, 0.0004664, 0.0004554, 0.0008899, 0.0011418, 0.0008877000000000001, 0.0004642, 0.0004576, 0.00088, 0.001144, 0.0009075, 0.0004642, 0.00045430000000000004, 0.0008866000000000001, 0.0011319000000000001, 0.0008954000000000001, 0.00045870000000000004, 0.00045650000000000004, 0.0008932, 0.0011407000000000001, 0.0008965, 0.00046090000000000004, 0.0004554, 0.0008866000000000001, 0.0011396000000000002, 0.0008998000000000001, 0.00046530000000000003, 0.0004576, 0.0008822000000000001, 0.0011308000000000002, 0.0008877000000000001, 0.0004642, 0.00045650000000000004, 0.0008789000000000001, 0.0011341, 0.0009009, 0.0004686, 0.00044990000000000004, 0.0008888, 0.0011407000000000001, 0.0008987, 0.00046750000000000003, 0.00044550000000000004, 0.00088, 0.0011418, 0.0008987, 0.00046970000000000003, 0.00045650000000000004, 0.0008789000000000001, 0.0011363, 0.0008954000000000001, 0.00046530000000000003, 0.0004488, 0.0008877000000000001, 0.0011363, 0.0009042000000000001, 0.00045870000000000004, 0.0004576, 0.0008954000000000001, 0.0011374, 0.000902, 0.0004642, 0.00045870000000000004, 0.0008866000000000001, 0.0011418, 0.0008943, 0.0004532, 0.00046090000000000004, 0.0008888, 0.0011374, 0.0009009, 0.00046750000000000003, 0.00044550000000000004, 0.00088, 0.0011330000000000001, 0.0008910000000000001, 0.00045650000000000004, 0.000451, 0.0008899, 0.0011462, 0.0009042000000000001, 0.0004642, 0.00045430000000000004, 0.0008855, 0.0011539, 0.0008976, 0.00045210000000000004, 0.0004598, 0.0008998000000000001, 0.0011374, 0.0009119, 0.00046750000000000003, 0.00046530000000000003, 0.0008778000000000001, 0.0011341, 0.0009086000000000001, 0.00046310000000000004, 0.0004488, 0.0008910000000000001, 0.0011341, 0.0009009, 0.00046090000000000004, 0.0004554, 0.0008910000000000001, 0.0011429, 0.0009108, 0.0004642, 0.0004488, 0.0008811, 0.0011418, 0.000902, 0.00046750000000000003, 0.0004554, 0.0008921000000000001, 0.0011407000000000001, 0.0008998000000000001, 0.000473, 0.00045650000000000004, 0.0008811, 0.0011407000000000001, 0.000902, 0.00046090000000000004, 0.0004598, 0.0008756, 0.0011429, 0.0008910000000000001, 0.0004576, 0.0004488, 0.0008965, 0.0011418, 0.0008910000000000001, 0.000473, 0.00045870000000000004, 0.0008943, 0.0011484000000000002, 0.0008987, 0.0004598, 0.0004576, 0.0008943, 0.0011473, 0.0009064, 0.00046310000000000004, 0.00046090000000000004, 0.0008833000000000001, 0.0011484000000000002, 0.0009064, 0.00045870000000000004, 0.0004554, 0.0008778000000000001, 0.0011429, 0.0009097, 0.00046090000000000004, 0.00045650000000000004, 0.0008932, 0.0011429, 0.0008998000000000001, 0.00046530000000000003, 0.0004532, 0.0008921000000000001, 0.0011429, 0.0009097, 0.00045870000000000004, 0.00045870000000000004, 0.0008965, 0.001155, 0.0009097, 0.0004642, 0.00045870000000000004, 0.0008932, 0.0011462, 0.0008976, 0.00047410000000000003, 0.0004532, 0.0009075, 0.0011396000000000002, 0.000902, 0.00046530000000000003, 0.0004598, 0.0008932, 0.0011528, 0.0009130000000000001, 0.00046090000000000004, 0.00045430000000000004, 0.0008987, 0.0011396000000000002, 0.0009086000000000001, 0.00047190000000000003, 0.0004532, 0.0008888, 0.0011374, 0.0008998000000000001, 0.00045650000000000004, 0.000462, 0.0008921000000000001, 0.0011451, 0.0009075, 0.00046090000000000004, 0.0004554, 0.0008844, 0.0011429, 0.000902, 0.00046310000000000004, 0.00046750000000000003, 0.0008921000000000001, 0.0011473, 0.0009064, 0.00046090000000000004, 0.0004554, 0.0008932, 0.0011462, 0.0009042000000000001, 0.00046090000000000004, 0.0004598, 0.0008888, 0.001155, 0.0009053, 0.00046970000000000003, 0.00045870000000000004, 0.0009053, 0.0011517, 0.0009031, 0.00046750000000000003, 0.0004532, 0.0008921000000000001, 0.0011517, 0.0008987, 0.00045870000000000004, 0.0004664, 0.0008899, 0.0011484000000000002, 0.0009053, 0.00046310000000000004, 0.00045650000000000004, 0.0008877000000000001, 0.0011451, 0.0008932, 0.00046530000000000003, 0.0004598, 0.0008921000000000001, 0.0011451, 0.0009086000000000001, 0.00045870000000000004, 0.00046090000000000004, 0.0008899, 0.0011451, 0.0008899, 0.00046970000000000003, 0.0004532, 0.0008943, 0.0011374, 0.0008987, 0.000462, 0.0004642, 0.0008866000000000001, 0.0011396000000000002, 0.0009086000000000001, 0.0004642, 0.00046750000000000003, 0.0008987, 0.001144, 0.000902, 0.00046970000000000003, 0.0004488, 0.0008932, 0.0011484000000000002, 0.0009086000000000001, 0.00045650000000000004, 0.0004598, 0.0008998000000000001, 0.0011407000000000001, 0.0009031, 0.0004642, 0.0004554, 0.0008998000000000001, 0.0011495000000000001, 0.0008954000000000001, 0.0004686, 0.00046750000000000003, 0.0008965, 0.0011528, 0.000902, 0.0004598, 0.0004598, 0.0008910000000000001, 0.0011462, 0.0008976, 0.0004576, 0.00046090000000000004, 0.0009064, 0.0011473, 0.000902, 0.00045870000000000004, 0.0004576, 0.0008954000000000001, 0.0011473, 0.0008910000000000001, 0.00045650000000000004, 0.0004598, 0.0009031, 0.0011473, 0.000902, 0.0004598, 0.0004554, 0.0008987, 0.0011418, 0.0008998000000000001, 0.0004664, 0.0004554, 0.0008932, 0.0011506, 0.000902, 0.0004642, 0.00046750000000000003, 0.0008877000000000001, 0.0011495000000000001, 0.0008987, 0.0004664, 0.0004598, 0.0008910000000000001, 0.0011451, 0.000902, 0.0004554, 0.0004642, 0.0008877000000000001, 0.0011418, 0.0009130000000000001, 0.0004532, 0.00045430000000000004, 0.0008987, 0.0011517, 0.0008943, 0.00046310000000000004, 0.00046090000000000004, 0.0008954000000000001, 0.0011506, 0.0008899, 0.000462, 0.0004642, 0.0009042000000000001, 0.0011363, 0.0008932, 0.0004642, 0.0004598, 0.0008943, 0.0011495000000000001, 0.0008987]",20
56,"[-0.0002431, -0.0003014, -0.0002387, -0.0001584, -0.0001661, -0.0002508, -0.00029370000000000004, -0.0002343, -0.0001661, -0.0001716, -0.0002673, -0.00031350000000000003, -0.0002497, -0.0001562, -0.0001683, -0.0002684, -0.000308, -0.0002453, -0.000165, -0.0001661, -0.0002552, -0.00030690000000000003, -0.0002453, -0.0001562, -0.00017710000000000002, -0.0002585, -0.0003014, -0.0002508, -0.0001606, -0.0001584, -0.0002574, -0.0003102, -0.0002508, -0.0001551, -0.0001738, -0.0002596, -0.00030910000000000003, -0.0002464, -0.0001672, -0.0001683, -0.000264, -0.000308, -0.0002563, -0.0001595, -0.0001694, -0.0002684, -0.0003102, -0.0002409, -0.0001606, -0.0001672, -0.0002673, -0.0003146, -0.000253, -0.0001595, -0.0001683, -0.0002618, -0.0003058, -0.0002497, -0.0001573, -0.0001672, -0.0002607, -0.0003014, -0.0002497, -0.0001529, -0.0001738, -0.0002662, -0.000308, -0.0002552, -0.0001628, -0.00017930000000000002, -0.0002574, -0.0003212, -0.0002475, -0.0001606, -0.0001716, -0.0002728, -0.0003124, -0.0002552, -0.0001617, -0.0001705, -0.0002585, -0.00030690000000000003, -0.0002497, -0.0001617, -0.000165, -0.0002574, -0.00030470000000000003, -0.0002464, -0.0001628, -0.0001595, -0.0002651, -0.00030250000000000003, -0.000242, -0.0001628, -0.00017710000000000002, -0.000264, -0.0003146, -0.0002453, -0.0001628, -0.00017820000000000002, -0.0002651, -0.00031130000000000003, -0.0002409, -0.0001551, -0.0001672, -0.0002629, -0.0003058, -0.0002376, -0.0001551, -0.0001683, -0.0002662, -0.0003014, -0.0002596, -0.0001584, -0.0001716, -0.0002596, -0.000308, -0.000253, -0.0001672, -0.0001727, -0.0002629, -0.0003058, -0.0002519, -0.0001617, -0.00017820000000000002, -0.0002574, -0.000308, -0.0002552, -0.0001716, -0.0001705, -0.0002618, -0.00030030000000000004, -0.0002475, -0.0001606, -0.0001672, -0.0002475, -0.0003036, -0.0002541, -0.0001584, -0.00017710000000000002, -0.000264, -0.00030910000000000003, -0.0002585, -0.0001584, -0.0001727, -0.0002706, -0.00030470000000000003, -0.0002508, -0.0001661, -0.0001694, -0.0002629, -0.000308, -0.0002387, -0.0001584, -0.00018150000000000002, -0.0002651, -0.00030470000000000003, -0.0002596, -0.0001617, -0.0001716, -0.0002662, -0.00030910000000000003, -0.0002464, -0.0001705, -0.000176, -0.0002651, -0.0003168, -0.0002409, -0.0001529, -0.0001694, -0.0002574, -0.0003146, -0.0002497, -0.0001606, -0.0001716, -0.0002585, -0.0003036, -0.000253, -0.0001628, -0.0001705, -0.000264, -0.0003036, -0.0002585, -0.0001617, -0.0001738, -0.0002728, -0.0003058, -0.0002552, -0.000165, -0.0001639, -0.0002728, -0.0003014, -0.0002585, -0.0001628, -0.0001738, -0.0002629, -0.00030690000000000003, -0.0002464, -0.0001518, -0.0001738, -0.0002662, -0.00030470000000000003, -0.0002497, -0.0001573, -0.000176, -0.0002585, -0.000308, -0.0002475, -0.0001694, -0.0001672, -0.0002684, -0.00031350000000000003, -0.0002475, -0.0001595, -0.00018480000000000002, -0.0002695, -0.00030690000000000003, -0.0002398, -0.0001672, -0.000165, -0.0002706, -0.00031130000000000003, -0.0002585, -0.0001617, -0.00018040000000000002, -0.0002673, -0.0003124, -0.0002563, -0.0001529, -0.0001617, -0.000253, -0.00030910000000000003, -0.0002464, -0.0001562, -0.000176, -0.0002618, -0.00029590000000000004, -0.000253, -0.0001562, -0.00018040000000000002, -0.0002739, -0.0003146, -0.000253, -0.0001573, -0.0001727, -0.0002717, -0.00031350000000000003, -0.0002398, -0.0001595, -0.00017710000000000002, -0.0002673, -0.0003014, -0.0002563, -0.0001628, -0.00017930000000000002, -0.0002585, -0.0003124, -0.0002398, -0.0001606, -0.0001661, -0.0002651, -0.00030910000000000003, -0.0002343, -0.000154, -0.0001705, -0.0002574, -0.0003146, -0.0002552, -0.0001606, -0.0001529, -0.0002673, -0.0003014, -0.0002563, -0.0001573, -0.00017930000000000002, -0.0002607, -0.00030690000000000003, -0.0002453, -0.000165, -0.0001749, -0.0002673, -0.00030030000000000004, -0.0002541, -0.0001606, -0.0001749, -0.0002618, -0.0003058, -0.0002497, -0.0001639, -0.00017820000000000002, -0.0002618, -0.000297, -0.0002486, -0.000154, -0.000165, -0.0002673, -0.00030470000000000003, -0.0002453, -0.0001639, -0.0001727, -0.0002618, -0.00030250000000000003, -0.000253, -0.0001617, -0.00017930000000000002, -0.0002662, -0.0003168, -0.0002497, -0.0001595, -0.0001661, -0.0002651, -0.0003146, -0.0002431, -0.0001661, -0.000176, -0.0002673, -0.00030690000000000003, -0.0002552, -0.0001672, -0.0001661, -0.0002651, -0.0003168, -0.0002431, -0.0001606, -0.0001749, -0.0002651, -0.00030030000000000004, -0.0002574, -0.0001672, -0.00017930000000000002, -0.0002684, -0.0003014, -0.0002508, -0.0001584, -0.0001661, -0.0002541, -0.0003036, -0.0002464, -0.0001694, -0.0001639, -0.0002684, -0.00030690000000000003, -0.0002475, -0.0001551, -0.0001672, -0.0002596, -0.00031130000000000003, -0.0002387, -0.0001573, -0.0001738, -0.0002563, -0.0003058, -0.0002475, -0.0001617, -0.0001628, -0.0002739, -0.00031350000000000003, -0.0002519, -0.0001683, -0.00017820000000000002, -0.0002607, -0.0003146, -0.0002552, -0.0001683, -0.00017820000000000002, -0.0002706, -0.00031790000000000003, -0.0002574, -0.0001628, -0.0001694, -0.000264, -0.0003146, -0.0002596, -0.0001452, -0.0001661, -0.0002728, -0.0003102, -0.0002497, -0.0001441, -0.0001716, -0.000264, -0.0003058, -0.0002431, -0.0001683, -0.0001716, -0.0002684, -0.00030910000000000003, -0.0002453, -0.0001573, -0.0001738, -0.0002684, -0.0003168, -0.0002431, -0.0001573, -0.00017710000000000002, -0.0002838, -0.00030910000000000003, -0.0002519, -0.000154, -0.00017820000000000002, -0.000275, -0.00030250000000000003, -0.0002629, -0.0001628, -0.0001694, -0.0002695, -0.0003146, -0.000253, -0.0001617, -0.0001694, -0.0002662, -0.00030250000000000003, -0.0002475, -0.0001639, -0.00018040000000000002, -0.0002673, -0.00032450000000000003, -0.0002519, -0.0001694, -0.00017820000000000002, -0.0002651, -0.00030910000000000003, -0.000264, -0.0001595, -0.0001716, -0.0002596, -0.0003014, -0.0002464, -0.0001705, -0.0001749, -0.0002695, -0.00031350000000000003, -0.0002464, -0.0001573, -0.0001738, -0.0002772, -0.00030470000000000003, -0.0002464, -0.0001683, -0.00017710000000000002, -0.0002596, -0.00030470000000000003, -0.000253, -0.0001606, -0.0001661, -0.0002607, -0.00031570000000000003, -0.0002552, -0.000165, -0.0001694, -0.0002673, -0.0003102, -0.0002497, -0.0001573, -0.00018700000000000002, -0.000264, -0.000308, -0.0002574, -0.0001584, -0.0001694, -0.0002662, -0.000319, -0.0002541, -0.0001705, -0.0001716, -0.0002684, -0.00031350000000000003, -0.0002519, -0.0001595, -0.00017930000000000002, -0.0002596, -0.0003102, -0.0002486, -0.0001661, -0.0001727, -0.0002629, -0.00031790000000000003, -0.000253, -0.0001551, -0.0001694, -0.0002684, -0.00030030000000000004, -0.0002574, -0.0001661, -0.0001716, -0.0002739, -0.00031130000000000003, -0.0002442, -0.0001672, -0.0001716, -0.0002684, -0.0003102, -0.0002541, -0.0001595, -0.00018370000000000002, -0.0002651, -0.00030690000000000003, -0.0002475, -0.0001606, -0.0001716]","[-0.00019030000000000002, -0.0002299, -0.000209, -0.0001518, -0.000154, -0.00018920000000000002, -0.0002376, -0.0002079, -0.0001485, -0.0001397, -0.00019910000000000001, -0.0002332, -0.0002035, -0.0001507, -0.0001529, -0.00020130000000000001, -0.0002321, -0.0002112, -0.000154, -0.0001507, -0.00019360000000000002, -0.0002233, -0.0002145, -0.0001551, -0.0001452, -0.00019690000000000002, -0.000231, -0.0002134, -0.0001573, -0.0001408, -0.00020240000000000001, -0.0002321, -0.0002068, -0.0001595, -0.0001386, -0.00019580000000000002, -0.0002321, -0.0002112, -0.0001617, -0.0001386, -0.00019910000000000001, -0.0002266, -0.0002101, -0.0001606, -0.0001441, -0.00019470000000000002, -0.0002277, -0.0002145, -0.000154, -0.0001353, -0.00018920000000000002, -0.000231, -0.000209, -0.0001562, -0.0001463, -0.00019800000000000002, -0.0002266, -0.0002277, -0.0001496, -0.0001419, -0.00018260000000000002, -0.0002299, -0.0002145, -0.000154, -0.0001342, -0.00019580000000000002, -0.0002354, -0.0002178, -0.0001672, -0.0001441, -0.00020240000000000001, -0.0002288, -0.0002178, -0.0001518, -0.0001485, -0.00019470000000000002, -0.0002387, -0.0002101, -0.0001606, -0.0001408, -0.00019800000000000002, -0.0002299, -0.0002145, -0.0001496, -0.0001518, -0.00020130000000000001, -0.0002332, -0.0002112, -0.0001628, -0.0001408, -0.00020020000000000001, -0.0002354, -0.0002178, -0.0001485, -0.0001419, -0.00019470000000000002, -0.0002409, -0.00020020000000000001, -0.0001551, -0.0001507, -0.00019580000000000002, -0.0002266, -0.0002244, -0.000154, -0.0001496, -0.00018920000000000002, -0.0002431, -0.0002145, -0.0001551, -0.0001419, -0.00019030000000000002, -0.0002321, -0.0002112, -0.0001529, -0.0001441, -0.00018920000000000002, -0.0002332, -0.0002068, -0.0001584, -0.0001507, -0.00019360000000000002, -0.0002321, -0.0002123, -0.0001529, -0.0001474, -0.00019470000000000002, -0.0002233, -0.0002101, -0.0001562, -0.0001474, -0.00017930000000000002, -0.0002376, -0.0002167, -0.0001639, -0.0001485, -0.00020240000000000001, -0.0002266, -0.0002035, -0.0001595, -0.0001397, -0.00020130000000000001, -0.0002288, -0.0002079, -0.0001529, -0.0001529, -0.00019910000000000001, -0.0002387, -0.0002167, -0.0001463, -0.0001419, -0.00019800000000000002, -0.0002343, -0.0002079, -0.0001584, -0.0001463, -0.0002112, -0.0002354, -0.0002123, -0.0001595, -0.0001485, -0.00020020000000000001, -0.0002387, -0.000209, -0.0001617, -0.000154, -0.00018590000000000002, -0.0002299, -0.0002112, -0.0001529, -0.0001419, -0.00019580000000000002, -0.0002354, -0.0002112, -0.0001507, -0.0001507, -0.00019250000000000002, -0.0002321, -0.00020240000000000001, -0.0001507, -0.000143, -0.00019140000000000002, -0.0002332, -0.0002057, -0.000154, -0.0001507, -0.00019360000000000002, -0.0002332, -0.0002101, -0.0001507, -0.0001463, -0.00019690000000000002, -0.0002255, -0.0002079, -0.0001628, -0.0001463, -0.0002035, -0.0002255, -0.0002189, -0.0001617, -0.0001408, -0.00019470000000000002, -0.0002431, -0.0002101, -0.0001529, -0.000154, -0.0002035, -0.0002211, -0.0002046, -0.0001551, -0.0001386, -0.0002035, -0.0002321, -0.0002112, -0.0001573, -0.000143, -0.00018920000000000002, -0.0002343, -0.0002068, -0.0001529, -0.0001496, -0.00019690000000000002, -0.000231, -0.0002112, -0.0001496, -0.0001419, -0.00020020000000000001, -0.0002387, -0.0002101, -0.0001518, -0.0001375, -0.00019030000000000002, -0.0002277, -0.00020240000000000001, -0.0001573, -0.0001496, -0.00018810000000000002, -0.0002266, -0.00020240000000000001, -0.0001573, -0.0001419, -0.00018920000000000002, -0.0002321, -0.0002101, -0.0001573, -0.0001496, -0.00019580000000000002, -0.0002299, -0.0002134, -0.0001595, -0.0001397, -0.0002046, -0.0002343, -0.0002222, -0.0001551, -0.0001529, -0.0002112, -0.0002288, -0.000209, -0.0001573, -0.0001595, -0.00019910000000000001, -0.0002365, -0.000209, -0.0001562, -0.0001496, -0.00018920000000000002, -0.0002299, -0.00020130000000000001, -0.0001584, -0.0001562, -0.00018920000000000002, -0.0002376, -0.0002145, -0.0001551, -0.0001452, -0.00019910000000000001, -0.0002255, -0.00020130000000000001, -0.0001551, -0.0001485, -0.00019250000000000002, -0.0002321, -0.0002068, -0.0001661, -0.0001507, -0.00019360000000000002, -0.0002453, -0.0002123, -0.000165, -0.0001529, -0.00018810000000000002, -0.0002299, -0.0002156, -0.0001573, -0.000154, -0.00019470000000000002, -0.0002409, -0.0002079, -0.0001474, -0.0001386, -0.00019690000000000002, -0.0002365, -0.00020240000000000001, -0.000165, -0.0001408, -0.00019580000000000002, -0.0002288, -0.0002134, -0.0001573, -0.000132, -0.00019140000000000002, -0.0002288, -0.000209, -0.0001518, -0.0001507, -0.00018370000000000002, -0.0002299, -0.0002123, -0.0001507, -0.0001419, -0.00018810000000000002, -0.0002398, -0.0002101, -0.0001595, -0.0001452, -0.00019580000000000002, -0.0002343, -0.0002167, -0.0001661, -0.0001441, -0.00019140000000000002, -0.0002321, -0.0002134, -0.0001606, -0.0001485, -0.00019580000000000002, -0.0002376, -0.0002079, -0.0001606, -0.0001452, -0.00019360000000000002, -0.0002277, -0.000209, -0.0001606, -0.0001441, -0.00020020000000000001, -0.0002343, -0.0002189, -0.0001562, -0.000143, -0.00020020000000000001, -0.000231, -0.000209, -0.0001529, -0.0001441, -0.00019690000000000002, -0.0002398, -0.0002233, -0.0001507, -0.0001463, -0.00019690000000000002, -0.0002332, -0.0002156, -0.0001518, -0.0001463, -0.00019910000000000001, -0.0002442, -0.0002123, -0.0001606, -0.0001463, -0.00019470000000000002, -0.0002365, -0.0002134, -0.0001551, -0.0001397, -0.00020240000000000001, -0.0002387, -0.0002167, -0.0001419, -0.0001397, -0.00020130000000000001, -0.0002321, -0.0002189, -0.0001507, -0.000154, -0.00019360000000000002, -0.0002255, -0.00020240000000000001, -0.0001496, -0.0001496, -0.00019250000000000002, -0.0002354, -0.0002123, -0.0001573, -0.0001408, -0.00019140000000000002, -0.0002288, -0.0002112, -0.0001507, -0.0001408, -0.00019030000000000002, -0.000231, -0.0002035, -0.0001606, -0.0001474, -0.00019800000000000002, -0.0002299, -0.0002068, -0.0001529, -0.0001408, -0.00020020000000000001, -0.000231, -0.0002123, -0.0001573, -0.0001518, -0.00019690000000000002, -0.000231, -0.0002156, -0.0001617, -0.0001474, -0.00018920000000000002, -0.0002244, -0.0002134, -0.0001463, -0.0001452, -0.0002057, -0.0002299, -0.0002068, -0.0001606, -0.0001496, -0.00019030000000000002, -0.0002277, -0.000209, -0.000154, -0.0001496, -0.00019910000000000001, -0.0002288, -0.0002101, -0.0001573, -0.0001397, -0.00019250000000000002, -0.0002299, -0.0002068, -0.0001617, -0.000143, -0.00019580000000000002, -0.0002376, -0.0002101, -0.0001562, -0.0001507, -0.00020240000000000001, -0.0002354, -0.0002112, -0.0001485, -0.0001474, -0.00018920000000000002, -0.0002266, -0.0002156, -0.0001529, -0.0001474, -0.00019690000000000002, -0.0002365, -0.0002167, -0.0001595, -0.0001595, -0.00019800000000000002, -0.0002343, -0.0002101, -0.0001606, -0.0001408, -0.00019360000000000002, -0.00022, -0.000209, -0.0001518, -0.0001507, -0.00019910000000000001, -0.0002277, -0.0002068, -0.0001672, -0.0001441, -0.00020130000000000001, -0.0002244, -0.0002101, -0.0001628, -0.0001485, -0.00020020000000000001, -0.0002277, -0.0002123, -0.0001496, -0.0001463, -0.00020020000000000001, -0.0002343, -0.0002134, -0.0001606, -0.0001452, -0.0002046, -0.0002321, -0.0002057, -0.0001496, -0.000143]","[0.0008954000000000001, 0.001144, 0.0008855, 0.000462, 0.0004686, 0.0009042000000000001, 0.0011594, 0.0008954000000000001, 0.00045650000000000004, 0.00046750000000000003, 0.0009174000000000001, 0.0011451, 0.000902, 0.00045650000000000004, 0.0004664, 0.0009130000000000001, 0.0011561, 0.0009064, 0.00045430000000000004, 0.0004873, 0.0009262000000000001, 0.0011506, 0.0009053, 0.0004642, 0.00048290000000000003, 0.0009053, 0.0011594, 0.0008998000000000001, 0.000462, 0.00048290000000000003, 0.0009185, 0.0011649, 0.0009064, 0.000462, 0.00047630000000000003, 0.0009174000000000001, 0.0011704, 0.000902, 0.00046750000000000003, 0.00047630000000000003, 0.0009119, 0.0011671000000000001, 0.0008965, 0.00045650000000000004, 0.0004774, 0.0009196, 0.0011682, 0.0008976, 0.00046090000000000004, 0.00047410000000000003, 0.0009262000000000001, 0.0011594, 0.0008965, 0.00046090000000000004, 0.0004752, 0.0009207000000000001, 0.0011495000000000001, 0.0009031, 0.0004598, 0.00046530000000000003, 0.0009196, 0.0011616, 0.0009042000000000001, 0.0004642, 0.00048290000000000003, 0.0009185, 0.0011594, 0.0008932, 0.000462, 0.00047410000000000003, 0.0009185, 0.0011506, 0.0009042000000000001, 0.0004576, 0.00048070000000000003, 0.0009229, 0.0011671000000000001, 0.0008932, 0.00045870000000000004, 0.0004884, 0.0009097, 0.0011572000000000002, 0.0009009, 0.00046750000000000003, 0.00048510000000000003, 0.0009262000000000001, 0.0011506, 0.0009086000000000001, 0.000462, 0.00047630000000000003, 0.0009174000000000001, 0.0011495000000000001, 0.0008998000000000001, 0.0004708, 0.00047630000000000003, 0.0009174000000000001, 0.0011616, 0.0008976, 0.00045870000000000004, 0.0004862, 0.0009273, 0.0011638, 0.0009009, 0.0004576, 0.00047190000000000003, 0.0009251000000000001, 0.0011627, 0.0009086000000000001, 0.0004576, 0.000484, 0.0009108, 0.0011528, 0.0008954000000000001, 0.00046530000000000003, 0.0004752, 0.0009251000000000001, 0.0011616, 0.0008899, 0.0004576, 0.00047410000000000003, 0.0009262000000000001, 0.0011484000000000002, 0.0009163000000000001, 0.0004598, 0.0004796, 0.0009141, 0.0011682, 0.0008910000000000001, 0.000462, 0.0004818, 0.0009141, 0.0011484000000000002, 0.0009031, 0.0004554, 0.00048070000000000003, 0.0009174000000000001, 0.0011517, 0.0009042000000000001, 0.0004554, 0.00048070000000000003, 0.0009086000000000001, 0.0011660000000000002, 0.000902, 0.000462, 0.00047850000000000003, 0.0009218000000000001, 0.0011649, 0.0009042000000000001, 0.00045870000000000004, 0.00048290000000000003, 0.0009130000000000001, 0.0011715, 0.0008987, 0.00046970000000000003, 0.0004708, 0.0009218000000000001, 0.0011605, 0.0008943, 0.00047190000000000003, 0.00046970000000000003, 0.0009218000000000001, 0.0011539, 0.0008998000000000001, 0.0004576, 0.0004752, 0.0009185, 0.0011616, 0.0008888, 0.0004642, 0.0004774, 0.0009196, 0.0011528, 0.0008998000000000001, 0.00046310000000000004, 0.00048290000000000003, 0.0009152, 0.0011649, 0.000902, 0.00045210000000000004, 0.0004774, 0.0009251000000000001, 0.0011484000000000002, 0.0008954000000000001, 0.0004642, 0.00047410000000000003, 0.0009251000000000001, 0.0011627, 0.0008998000000000001, 0.0004598, 0.00046970000000000003, 0.0009207000000000001, 0.0011638, 0.0008877000000000001, 0.00046750000000000003, 0.0004873, 0.0009207000000000001, 0.0011605, 0.0008943, 0.0004554, 0.0004818, 0.0009251000000000001, 0.0011583000000000001, 0.0008910000000000001, 0.000462, 0.00047410000000000003, 0.0009273, 0.0011561, 0.0008877000000000001, 0.0004598, 0.00047410000000000003, 0.0009185, 0.0011605, 0.0009009, 0.000473, 0.0004818, 0.0009064, 0.001155, 0.0008965, 0.00046530000000000003, 0.00047410000000000003, 0.0009185, 0.0011704, 0.000902, 0.0004664, 0.0004708, 0.0009152, 0.001155, 0.0008976, 0.0004598, 0.0004686, 0.0009207000000000001, 0.0011594, 0.0008998000000000001, 0.00045870000000000004, 0.0004774, 0.0009108, 0.0011572000000000002, 0.0008965, 0.00046310000000000004, 0.0004796, 0.0009174000000000001, 0.0011572000000000002, 0.0008965, 0.00044990000000000004, 0.0004664, 0.0009163000000000001, 0.0011594, 0.0008932, 0.0004598, 0.00047850000000000003, 0.000924, 0.0011583000000000001, 0.0008954000000000001, 0.0004598, 0.00047850000000000003, 0.0009185, 0.0011583000000000001, 0.0008932, 0.00045430000000000004, 0.00047190000000000003, 0.0009218000000000001, 0.0011528, 0.0009042000000000001, 0.00045650000000000004, 0.00047850000000000003, 0.0009218000000000001, 0.0011638, 0.0009042000000000001, 0.000462, 0.0004818, 0.0009284, 0.0011715, 0.0008910000000000001, 0.0004642, 0.00048070000000000003, 0.0009185, 0.0011594, 0.0008932, 0.00045650000000000004, 0.0004862, 0.0009196, 0.0011594, 0.0009108, 0.00045650000000000004, 0.0004796, 0.0009218000000000001, 0.0011627, 0.0008954000000000001, 0.00046310000000000004, 0.0004961000000000001, 0.0009218000000000001, 0.0011671000000000001, 0.0008866000000000001, 0.0004598, 0.0004862, 0.0009273, 0.0011605, 0.0009075, 0.0004576, 0.0004818, 0.0009196, 0.0011605, 0.0009009, 0.00045870000000000004, 0.00047630000000000003, 0.0009229, 0.0011572000000000002, 0.0008877000000000001, 0.0004532, 0.00047630000000000003, 0.0009262000000000001, 0.0011638, 0.0009009, 0.0004598, 0.00048070000000000003, 0.0009339000000000001, 0.001155, 0.0008976, 0.00045210000000000004, 0.00048510000000000003, 0.0009251000000000001, 0.0011561, 0.0008888, 0.00046310000000000004, 0.000484, 0.0009130000000000001, 0.0011583000000000001, 0.0008976, 0.0004664, 0.0004939, 0.000924, 0.0011572000000000002, 0.0008976, 0.00045650000000000004, 0.00048290000000000003, 0.000924, 0.0011572000000000002, 0.0008987, 0.0004532, 0.000473, 0.0009262000000000001, 0.0011693, 0.0008954000000000001, 0.00045650000000000004, 0.000484, 0.0009273, 0.0011572000000000002, 0.0008954000000000001, 0.0004598, 0.00048290000000000003, 0.0009262000000000001, 0.0011594, 0.0008943, 0.00045210000000000004, 0.0004774, 0.0009218000000000001, 0.0011605, 0.0009031, 0.000462, 0.000495, 0.0009273, 0.0011671000000000001, 0.0009042000000000001, 0.0004598, 0.00047410000000000003, 0.0009262000000000001, 0.0011671000000000001, 0.0009053, 0.000462, 0.000484, 0.0009328, 0.001155, 0.0008976, 0.00045430000000000004, 0.0004939, 0.0009251000000000001, 0.0011561, 0.0008965, 0.0004642, 0.0004862, 0.0009251000000000001, 0.0011671000000000001, 0.0008965, 0.0004576, 0.0004895, 0.0009306000000000001, 0.0011682, 0.0008987, 0.0004576, 0.00048290000000000003, 0.0009405, 0.0011649, 0.0008921000000000001, 0.00045870000000000004, 0.0004873, 0.0009306000000000001, 0.0011627, 0.0008976, 0.0004598, 0.00047410000000000003, 0.0009174000000000001, 0.0011561, 0.0009064, 0.00045430000000000004, 0.00047850000000000003, 0.0009317, 0.0011627, 0.0008943, 0.0004554, 0.0004895, 0.0009295000000000001, 0.0011715, 0.0009053, 0.00045870000000000004, 0.0004796, 0.0009273, 0.0011583000000000001, 0.0008998000000000001, 0.0004686, 0.0004796, 0.0009262000000000001, 0.0011627, 0.0008932, 0.00046310000000000004, 0.0004884, 0.0009383000000000001, 0.0011682, 0.0008899, 0.0004444, 0.0004708, 0.0009229, 0.0011638, 0.0008943, 0.0004576, 0.0004774, 0.0009218000000000001, 0.0011726, 0.0008998000000000001, 0.000451, 0.0004862, 0.0009262000000000001, 0.0011638, 0.0009086000000000001, 0.0004576, 0.000495, 0.0009306000000000001, 0.0011671000000000001, 0.0008888, 0.00045430000000000004, 0.00048510000000000003, 0.0009372, 0.0011638, 0.0009031, 0.00046090000000000004, 0.00048070000000000003, 0.000924, 0.0011693, 0.0008932, 0.00044990000000000004, 0.00047850000000000003, 0.0009295000000000001, 0.0011649, 0.0008899, 0.00045650000000000004, 0.00048510000000000003, 0.0009207000000000001, 0.0011572000000000002, 0.0008921000000000001, 0.0004598, 0.0004884, 0.0009295000000000001, 0.0011649, 0.0008976, 0.00047190000000000003, 0.0004906, 0.0009328, 0.0011583000000000001, 0.0008976, 0.00046090000000000004, 0.0004873, 0.0009317, 0.0011638, 0.0008976, 0.000462, 0.0004873, 0.000924, 0.0011616, 0.0008965, 0.0004554, 0.0004906, 0.0009361, 0.0011484000000000002, 0.0008998000000000001, 0.0004598, 0.00048070000000000003, 0.0009339000000000001, 0.0011583000000000001, 0.0009009, 0.0004576, 0.0004884]",21
57,"[-0.000176, -0.0002673, -0.00031570000000000003, -0.0002607, -0.0001727, -0.00018810000000000002, -0.000275, -0.00031130000000000003, -0.0002541, -0.0001628, -0.0001683, -0.0002805, -0.0003212, -0.0002552, -0.0001639, -0.000176, -0.0002838, -0.0003322, -0.0002585, -0.0001639, -0.00017820000000000002, -0.000275, -0.000319, -0.0002607, -0.000165, -0.00018590000000000002, -0.0002794, -0.0003289, -0.0002541, -0.0001705, -0.00018150000000000002, -0.0002816, -0.0003234, -0.0002563, -0.0001738, -0.00018150000000000002, -0.0002772, -0.00032230000000000003, -0.0002486, -0.0001595, -0.000176, -0.0002772, -0.0003212, -0.0002563, -0.0001661, -0.00018150000000000002, -0.000275, -0.000319, -0.0002618, -0.0001639, -0.00018700000000000002, -0.000275, -0.00032450000000000003, -0.0002541, -0.0001639, -0.0001749, -0.0002794, -0.0003234, -0.0002607, -0.0001672, -0.00018150000000000002, -0.0002816, -0.0003168, -0.0002574, -0.0001672, -0.00018150000000000002, -0.000275, -0.0003212, -0.0002508, -0.0001694, -0.00018150000000000002, -0.000275, -0.0003267, -0.0002541, -0.0001672, -0.00017710000000000002, -0.0002805, -0.00031790000000000003, -0.0002596, -0.00017710000000000002, -0.00017820000000000002, -0.0002794, -0.0003102, -0.000264, -0.0001595, -0.00017710000000000002, -0.0002772, -0.0003366, -0.0002585, -0.0001573, -0.00018480000000000002, -0.0002728, -0.0003234, -0.0002519, -0.000165, -0.00018260000000000002, -0.0002772, -0.000319, -0.0002541, -0.0001628, -0.000176, -0.0002816, -0.00031790000000000003, -0.0002508, -0.0001705, -0.00017710000000000002, -0.0002794, -0.00031570000000000003, -0.0002519, -0.0001584, -0.00017820000000000002, -0.0002739, -0.00031790000000000003, -0.0002651, -0.000154, -0.0001716, -0.0002761, -0.00031790000000000003, -0.0002541, -0.000165, -0.00017820000000000002, -0.00028270000000000004, -0.00031790000000000003, -0.0002519, -0.0001661, -0.00018480000000000002, -0.0002739, -0.0003267, -0.0002618, -0.0001639, -0.00018150000000000002, -0.0002761, -0.0003267, -0.0002574, -0.0001562, -0.00018040000000000002, -0.000275, -0.0003322, -0.0002618, -0.0001694, -0.00018150000000000002, -0.0002805, -0.0003234, -0.0002453, -0.0001606, -0.00018480000000000002, -0.0002783, -0.00032010000000000003, -0.0002673, -0.0001639, -0.000176, -0.0002783, -0.0003212, -0.0002563, -0.0001727, -0.00018260000000000002, -0.0002783, -0.0003256, -0.000264, -0.0001683, -0.00018150000000000002, -0.00028270000000000004, -0.0003256, -0.0002475, -0.000165, -0.000176, -0.00028490000000000004, -0.0003124, -0.0002585, -0.0001716, -0.00017710000000000002, -0.0002794, -0.0003212, -0.0002497, -0.0001694, -0.000176, -0.00028270000000000004, -0.0003234, -0.000264, -0.0001595, -0.000176, -0.0002772, -0.0003212, -0.0002607, -0.0001738, -0.00017710000000000002, -0.0002783, -0.0003212, -0.0002486, -0.0001661, -0.00017710000000000002, -0.0002717, -0.00031790000000000003, -0.0002508, -0.0001705, -0.00018040000000000002, -0.0002728, -0.00031570000000000003, -0.0002607, -0.0001639, -0.00018260000000000002, -0.0002739, -0.0003146, -0.0002607, -0.0001606, -0.0001749, -0.0002739, -0.00032450000000000003, -0.0002475, -0.0001672, -0.00018590000000000002, -0.0002805, -0.00032010000000000003, -0.0002585, -0.0001672, -0.0001749, -0.0002772, -0.0003102, -0.0002563, -0.0001738, -0.00018260000000000002, -0.00028490000000000004, -0.00032450000000000003, -0.0002552, -0.0001617, -0.00018920000000000002, -0.00028710000000000004, -0.00032010000000000003, -0.0002585, -0.0001595, -0.00018810000000000002, -0.0002805, -0.0003289, -0.0002508, -0.0001584, -0.0001716, -0.000275, -0.0003256, -0.0002519, -0.000165, -0.0001749, -0.0002783, -0.00032230000000000003, -0.000253, -0.0001639, -0.00018260000000000002, -0.0002838, -0.00031790000000000003, -0.0002629, -0.0001705, -0.00018590000000000002, -0.000286, -0.0003267, -0.0002519, -0.0001606, -0.00017710000000000002, -0.0002673, -0.00032450000000000003, -0.0002541, -0.0001705, -0.00018150000000000002, -0.0002805, -0.00032450000000000003, -0.0002629, -0.0001705, -0.0001749, -0.0002695, -0.0003168, -0.0002519, -0.0001705, -0.00018480000000000002, -0.0002838, -0.00033, -0.0002607, -0.0001661, -0.00018150000000000002, -0.00029370000000000004, -0.00032230000000000003, -0.0002651, -0.0001628, -0.00018700000000000002, -0.0002706, -0.00031570000000000003, -0.0002508, -0.000165, -0.0001738, -0.000286, -0.00032010000000000003, -0.0002607, -0.0001672, -0.00018370000000000002, -0.0002805, -0.0003212, -0.0002497, -0.0001562, -0.00018260000000000002, -0.000275, -0.00032230000000000003, -0.0002563, -0.0001661, -0.00018040000000000002, -0.0002882, -0.00032010000000000003, -0.0002607, -0.0001628, -0.00017930000000000002, -0.0002772, -0.0003146, -0.000253, -0.0001672, -0.00018040000000000002, -0.0002816, -0.00031350000000000003, -0.0002497, -0.0001738, -0.000176, -0.00028930000000000004, -0.000319, -0.0002585, -0.0001529, -0.00018150000000000002, -0.00028930000000000004, -0.00031130000000000003, -0.0002475, -0.0001683, -0.00018260000000000002, -0.0002761, -0.0003234, -0.0002607, -0.000165, -0.00018150000000000002, -0.0002783, -0.00031570000000000003, -0.000253, -0.000165, -0.00018040000000000002, -0.0002805, -0.00032450000000000003, -0.0002508, -0.0001716, -0.00018370000000000002, -0.0002783, -0.0003267, -0.000253, -0.0001628, -0.0001716, -0.0002805, -0.0003267, -0.000253, -0.0001672, -0.00017930000000000002, -0.00028490000000000004, -0.0003168, -0.0002651, -0.0001584, -0.000176, -0.00029150000000000004, -0.0003212, -0.0002563, -0.00018040000000000002, -0.00018260000000000002, -0.000275, -0.00032230000000000003, -0.0002618, -0.0001683, -0.00017710000000000002, -0.0002783, -0.0003278, -0.0002475, -0.0001738, -0.00017930000000000002, -0.0002816, -0.0003267, -0.0002574, -0.0001683, -0.00018260000000000002, -0.0002926, -0.0003212, -0.0002618, -0.0001606, -0.00019690000000000002, -0.0002761, -0.00032450000000000003, -0.0002574, -0.0001639, -0.00017930000000000002, -0.000286, -0.0003267, -0.0002464, -0.000165, -0.00017930000000000002, -0.0002772, -0.0003278, -0.0002651, -0.0001716, -0.00019030000000000002, -0.00028270000000000004, -0.00032230000000000003, -0.0002552, -0.0001639, -0.00018370000000000002, -0.0002772, -0.0003267, -0.0002607, -0.0001573, -0.00019250000000000002, -0.00028490000000000004, -0.0003311, -0.0002651, -0.0001606, -0.00018150000000000002, -0.00029150000000000004, -0.0003289, -0.0002651, -0.0001639, -0.00018810000000000002, -0.00028270000000000004, -0.0003234, -0.0002585, -0.0001617, -0.00018480000000000002, -0.00028490000000000004, -0.0003212, -0.0002662, -0.0001639, -0.00018700000000000002, -0.0002794, -0.00032010000000000003, -0.0002629, -0.0001727, -0.00018260000000000002, -0.00028490000000000004, -0.00031790000000000003, -0.0002607, -0.0001672, -0.0001727, -0.00028270000000000004, -0.0003212, -0.0002585, -0.0001628, -0.00018370000000000002, -0.0002706, -0.00032230000000000003, -0.0002585, -0.0001595, -0.00018040000000000002, -0.0002816, -0.00032450000000000003, -0.0002431, -0.0001661, -0.00018480000000000002, -0.0002816, -0.00032010000000000003, -0.0002596, -0.0001749, -0.00017820000000000002, -0.0002761, -0.0003388, -0.0002563, -0.0001716, -0.0001705, -0.0002728, -0.0003333, -0.0002585, -0.0001672, -0.00018920000000000002, -0.0002926, -0.00032010000000000003, -0.0002607, -0.0001617, -0.00017930000000000002, -0.00028490000000000004, -0.0003278, -0.000253, -0.0001661, -0.00018480000000000002, -0.000286, -0.00032230000000000003, -0.0002629, -0.0001738, -0.00018480000000000002, -0.00028270000000000004, -0.00031570000000000003, -0.000253, -0.0001727, -0.0001738, -0.000286, -0.00031790000000000003, -0.0002662, -0.0001672, -0.00017820000000000002, -0.000286, -0.0003256, -0.0002541, -0.0001595, -0.00018810000000000002, -0.0002904, -0.0003278, -0.0002519, -0.0001705]","[-0.000143, -0.00019910000000000001, -0.000231, -0.0002178, -0.0001595, -0.0001474, -0.00020020000000000001, -0.0002409, -0.0002112, -0.0001606, -0.0001441, -0.00019470000000000002, -0.0002354, -0.0002112, -0.0001617, -0.0001485, -0.00020130000000000001, -0.0002365, -0.00019910000000000001, -0.000154, -0.0001617, -0.00019910000000000001, -0.0002343, -0.0002189, -0.0001606, -0.0001496, -0.00017930000000000002, -0.0002266, -0.0002123, -0.0001595, -0.0001507, -0.00019690000000000002, -0.0002398, -0.000209, -0.000154, -0.0001386, -0.00018920000000000002, -0.000231, -0.0002112, -0.0001573, -0.0001386, -0.00020240000000000001, -0.0002365, -0.0002057, -0.0001474, -0.0001485, -0.0002101, -0.0002409, -0.0002123, -0.0001606, -0.0001518, -0.00020130000000000001, -0.0002354, -0.0002101, -0.0001595, -0.0001441, -0.00020130000000000001, -0.0002409, -0.0002068, -0.0001529, -0.0001485, -0.00020240000000000001, -0.0002376, -0.0002123, -0.0001507, -0.0001408, -0.00019800000000000002, -0.0002288, -0.0002123, -0.000165, -0.0001463, -0.0002145, -0.0002387, -0.0002068, -0.0001661, -0.0001419, -0.0002046, -0.0002321, -0.0002178, -0.0001551, -0.0001408, -0.00019910000000000001, -0.000231, -0.0002079, -0.000154, -0.0001496, -0.00019470000000000002, -0.0002299, -0.0002035, -0.0001507, -0.0001474, -0.000209, -0.0002299, -0.00022, -0.0001694, -0.0001507, -0.00019470000000000002, -0.000231, -0.0002101, -0.0001485, -0.0001474, -0.00020240000000000001, -0.000231, -0.00019800000000000002, -0.0001617, -0.000154, -0.00020020000000000001, -0.0002376, -0.0002101, -0.0001584, -0.0001375, -0.0002046, -0.0002376, -0.0002079, -0.0001474, -0.0001485, -0.00019800000000000002, -0.0002288, -0.0002112, -0.000154, -0.0001562, -0.00019910000000000001, -0.0002409, -0.0002057, -0.0001584, -0.000143, -0.00019580000000000002, -0.0002376, -0.0002167, -0.0001672, -0.0001463, -0.00019470000000000002, -0.0002332, -0.00020020000000000001, -0.0001562, -0.000154, -0.00019140000000000002, -0.0002398, -0.00020240000000000001, -0.0001606, -0.0001441, -0.00019910000000000001, -0.0002343, -0.0002046, -0.0001518, -0.000154, -0.00020020000000000001, -0.0002255, -0.000209, -0.0001419, -0.0001507, -0.00019250000000000002, -0.0002442, -0.0002112, -0.0001573, -0.0001507, -0.0002068, -0.0002244, -0.0002035, -0.0001573, -0.0001408, -0.0002035, -0.0002475, -0.0002178, -0.0001529, -0.0001551, -0.0002079, -0.0002321, -0.0002156, -0.0001639, -0.0001375, -0.00019580000000000002, -0.0002321, -0.0002112, -0.0001463, -0.0001485, -0.0002123, -0.0002387, -0.0002145, -0.000154, -0.0001474, -0.00019910000000000001, -0.0002398, -0.0002068, -0.0001551, -0.0001408, -0.00019580000000000002, -0.0002354, -0.0002112, -0.0001529, -0.000143, -0.0002046, -0.000231, -0.00020240000000000001, -0.0001518, -0.0001496, -0.00019690000000000002, -0.0002332, -0.0002156, -0.0001694, -0.0001485, -0.0002057, -0.000231, -0.0002101, -0.0001485, -0.0001419, -0.00019360000000000002, -0.0002299, -0.0002134, -0.0001595, -0.0001529, -0.00019800000000000002, -0.0002354, -0.00020130000000000001, -0.000154, -0.0001496, -0.00019030000000000002, -0.0002332, -0.0002068, -0.0001617, -0.0001507, -0.00019360000000000002, -0.0002321, -0.0002046, -0.0001529, -0.000143, -0.00019580000000000002, -0.000242, -0.0002156, -0.0001551, -0.0001331, -0.00019580000000000002, -0.0002189, -0.00020240000000000001, -0.0001507, -0.000143, -0.00019580000000000002, -0.0002332, -0.0002134, -0.0001551, -0.0001562, -0.00019690000000000002, -0.0002343, -0.0002101, -0.0001507, -0.0001496, -0.00019360000000000002, -0.0002332, -0.0002079, -0.0001518, -0.0001474, -0.00020240000000000001, -0.000242, -0.0002035, -0.0001518, -0.0001507, -0.00020240000000000001, -0.0002376, -0.0002156, -0.0001595, -0.0001573, -0.00020130000000000001, -0.0002321, -0.0002167, -0.0001562, -0.0001463, -0.0002035, -0.000231, -0.00020130000000000001, -0.000154, -0.0001364, -0.00020020000000000001, -0.0002376, -0.0002123, -0.0001584, -0.0001584, -0.00019910000000000001, -0.000231, -0.0002123, -0.0001485, -0.0001496, -0.00019580000000000002, -0.000231, -0.0002079, -0.0001485, -0.0001408, -0.00019580000000000002, -0.0002321, -0.0002123, -0.0001485, -0.0001496, -0.00019360000000000002, -0.0002299, -0.0002068, -0.0001573, -0.0001364, -0.00018700000000000002, -0.0002387, -0.00020020000000000001, -0.0001551, -0.0001419, -0.00019030000000000002, -0.0002398, -0.0002134, -0.0001496, -0.0001507, -0.00019580000000000002, -0.0002332, -0.0002178, -0.0001628, -0.0001342, -0.00019690000000000002, -0.000231, -0.0002057, -0.000143, -0.0001562, -0.00018810000000000002, -0.0002409, -0.0002134, -0.0001507, -0.0001573, -0.00019580000000000002, -0.0002343, -0.0002134, -0.0001584, -0.0001507, -0.00020130000000000001, -0.0002398, -0.0002189, -0.0001518, -0.0001463, -0.00019800000000000002, -0.0002354, -0.0002244, -0.0001463, -0.0001452, -0.00020240000000000001, -0.0002255, -0.0002046, -0.0001529, -0.0001507, -0.00020130000000000001, -0.0002398, -0.000209, -0.0001485, -0.0001496, -0.00019140000000000002, -0.0002321, -0.0002211, -0.0001584, -0.0001452, -0.0002057, -0.000231, -0.0002134, -0.0001507, -0.0001507, -0.00020240000000000001, -0.0002431, -0.0002123, -0.0001507, -0.0001474, -0.00019690000000000002, -0.0002365, -0.0002156, -0.0001485, -0.0001441, -0.00020240000000000001, -0.0002299, -0.0002046, -0.0001518, -0.0001529, -0.0002046, -0.0002332, -0.000209, -0.0001562, -0.0001485, -0.00019470000000000002, -0.0002299, -0.0002079, -0.0001463, -0.0001485, -0.00020130000000000001, -0.000231, -0.0002057, -0.0001452, -0.0001562, -0.00020130000000000001, -0.000231, -0.0002178, -0.0001584, -0.000154, -0.00020020000000000001, -0.0002332, -0.0002112, -0.0001551, -0.0001507, -0.0002079, -0.0002376, -0.0002211, -0.0001474, -0.0001441, -0.00020020000000000001, -0.000231, -0.0002101, -0.0001562, -0.0001441, -0.00019250000000000002, -0.000231, -0.00020240000000000001, -0.0001485, -0.0001474, -0.00020130000000000001, -0.0002343, -0.0002079, -0.0001507, -0.0001463, -0.00018480000000000002, -0.0002288, -0.00020240000000000001, -0.0001496, -0.0001419, -0.00020020000000000001, -0.0002376, -0.0002068, -0.0001551, -0.0001507, -0.00020130000000000001, -0.0002321, -0.0002156, -0.0001507, -0.0001496, -0.0002057, -0.0002354, -0.000209, -0.0001507, -0.0001474, -0.00019360000000000002, -0.0002277, -0.0002112, -0.0001584, -0.0001452, -0.00019690000000000002, -0.0002288, -0.0002057, -0.0001518, -0.0001485, -0.00019580000000000002, -0.000231, -0.0002134, -0.0001551, -0.0001551, -0.0002112, -0.0002266, -0.000209, -0.0001606, -0.000154, -0.00018590000000000002, -0.0002398, -0.0002046, -0.0001628, -0.0001441, -0.0002057, -0.0002299, -0.0002134, -0.0001562, -0.0001452, -0.00020240000000000001, -0.0002266, -0.0002035, -0.0001518, -0.0001496, -0.00019800000000000002, -0.0002365, -0.0002057, -0.0001551, -0.000154, -0.0002046, -0.0002398, -0.0002035, -0.0001606, -0.0001441, -0.00019690000000000002, -0.0002321, -0.0002068, -0.0001584, -0.0001518, -0.00019690000000000002, -0.0002376, -0.0002068, -0.0001518, -0.0001474, -0.0002123, -0.0002365, -0.000209, -0.0001474, -0.0001452, -0.00019470000000000002, -0.000231, -0.0002079, -0.0001595]","[0.0004972, 0.0009405, 0.0011627, 0.0008855, 0.00045430000000000004, 0.0004873, 0.0009548, 0.0011594, 0.0008910000000000001, 0.00046090000000000004, 0.0004972, 0.0009504, 0.0011814, 0.0008954000000000001, 0.0004598, 0.000495, 0.0009526000000000001, 0.0011891, 0.0008899, 0.0004532, 0.0005005000000000001, 0.0009614000000000001, 0.0011792, 0.0008932, 0.00045650000000000004, 0.0004994, 0.0009603000000000001, 0.0011660000000000002, 0.0008987, 0.00044770000000000004, 0.0004994, 0.0009493, 0.0011836000000000001, 0.0008921000000000001, 0.00046530000000000003, 0.0004928, 0.0009581, 0.0011748000000000001, 0.000902, 0.0004598, 0.0004983, 0.0009537, 0.0011737, 0.0008899, 0.00046530000000000003, 0.0005016, 0.0009515000000000001, 0.0011759000000000001, 0.0008976, 0.0004554, 0.0005016, 0.0009515000000000001, 0.0011704, 0.0008921000000000001, 0.00044990000000000004, 0.0004994, 0.0009471000000000001, 0.0011726, 0.0008943, 0.000462, 0.0004983, 0.0009559000000000001, 0.001177, 0.0009053, 0.0004554, 0.0005005000000000001, 0.000946, 0.0011682, 0.0008932, 0.00045650000000000004, 0.0005082, 0.0009449, 0.0011726, 0.0008976, 0.0004576, 0.0005038, 0.0009537, 0.0011748000000000001, 0.0008921000000000001, 0.0004664, 0.0004961000000000001, 0.0009515000000000001, 0.0011814, 0.0008921000000000001, 0.00045430000000000004, 0.0004983, 0.0009592, 0.0011825, 0.000902, 0.00046310000000000004, 0.0004994, 0.0009570000000000001, 0.0011781, 0.0008921000000000001, 0.0004444, 0.0004972, 0.0009515000000000001, 0.0011792, 0.0008932, 0.0004488, 0.0005071, 0.0009614000000000001, 0.0011792, 0.0008833000000000001, 0.000462, 0.0005027, 0.0009504, 0.001177, 0.0008899, 0.0004554, 0.0004972, 0.0009504, 0.0011825, 0.0008976, 0.00044110000000000004, 0.0004994, 0.0009559000000000001, 0.0011792, 0.0008965, 0.00045210000000000004, 0.0005016, 0.0009592, 0.0011671000000000001, 0.0008910000000000001, 0.0004532, 0.0004917, 0.0009570000000000001, 0.0011748000000000001, 0.0008899, 0.000451, 0.0004939, 0.0009515000000000001, 0.0011781, 0.0008921000000000001, 0.0004576, 0.0005049000000000001, 0.0009526000000000001, 0.0011825, 0.0008888, 0.00046310000000000004, 0.000506, 0.0009548, 0.0011748000000000001, 0.0008899, 0.0004686, 0.0004983, 0.0009592, 0.0011748000000000001, 0.0008921000000000001, 0.000451, 0.0005016, 0.0009581, 0.0011704, 0.0008943, 0.0004532, 0.0005049000000000001, 0.0009592, 0.0011825, 0.0008888, 0.0004466, 0.0004983, 0.0009548, 0.0011682, 0.0008932, 0.00045210000000000004, 0.0004994, 0.000946, 0.0011704, 0.00088, 0.0004532, 0.0004906, 0.0009383000000000001, 0.0011726, 0.0008866000000000001, 0.0004488, 0.0004994, 0.0009548, 0.0011803, 0.00088, 0.0004488, 0.0005016, 0.0009504, 0.001177, 0.0008910000000000001, 0.0004686, 0.0005071, 0.0009515000000000001, 0.0011803, 0.0008987, 0.00045210000000000004, 0.0004928, 0.0009570000000000001, 0.001177, 0.0008921000000000001, 0.00046310000000000004, 0.0004994, 0.0009537, 0.0011704, 0.0008998000000000001, 0.00045430000000000004, 0.000495, 0.0009636, 0.0011638, 0.0008888, 0.00045650000000000004, 0.0004961000000000001, 0.0009570000000000001, 0.0011814, 0.0008954000000000001, 0.00044990000000000004, 0.0004994, 0.0009614000000000001, 0.0011693, 0.0008921000000000001, 0.000462, 0.0005005000000000001, 0.0009559000000000001, 0.0011781, 0.0008822000000000001, 0.00046090000000000004, 0.000495, 0.0009581, 0.0011781, 0.0008899, 0.0004554, 0.0005115, 0.0009603000000000001, 0.0011715, 0.0008976, 0.00045870000000000004, 0.0004983, 0.0009570000000000001, 0.0011737, 0.0008910000000000001, 0.00046090000000000004, 0.0005038, 0.0009625, 0.0011803, 0.0008877000000000001, 0.00046750000000000003, 0.000506, 0.0009592, 0.0011792, 0.0008932, 0.00046530000000000003, 0.0005016, 0.0009482000000000001, 0.0011704, 0.0008987, 0.00045870000000000004, 0.0004994, 0.0009559000000000001, 0.0011814, 0.0008899, 0.0004598, 0.0004994, 0.0009515000000000001, 0.0011693, 0.0008899, 0.00045650000000000004, 0.0004961000000000001, 0.0009603000000000001, 0.0011759000000000001, 0.0008888, 0.0004642, 0.0005016, 0.0009603000000000001, 0.0011803, 0.0008899, 0.00046090000000000004, 0.0005093000000000001, 0.0009603000000000001, 0.0011737, 0.0008855, 0.0004686, 0.0005038, 0.0009592, 0.0011781, 0.0008932, 0.00044990000000000004, 0.0004917, 0.000946, 0.0011682, 0.0008844, 0.00045870000000000004, 0.0005038, 0.0009570000000000001, 0.0011616, 0.0008899, 0.00045870000000000004, 0.0004961000000000001, 0.0009625, 0.0011682, 0.0008954000000000001, 0.00045650000000000004, 0.0005082, 0.0009636, 0.0011781, 0.0008965, 0.00046310000000000004, 0.0005016, 0.0009482000000000001, 0.001177, 0.0008888, 0.0004598, 0.0005126, 0.0009559000000000001, 0.0011726, 0.0008910000000000001, 0.0004532, 0.0005104, 0.000946, 0.0011748000000000001, 0.0008899, 0.0004422, 0.0005071, 0.0009581, 0.0011682, 0.0008888, 0.00045870000000000004, 0.0005049000000000001, 0.0009592, 0.0011737, 0.0008822000000000001, 0.00045210000000000004, 0.0004884, 0.0009647000000000001, 0.0011792, 0.0008844, 0.00045870000000000004, 0.0005181000000000001, 0.0009581, 0.0011737, 0.0008877000000000001, 0.00045650000000000004, 0.000506, 0.0009504, 0.0011858, 0.0008833000000000001, 0.00045430000000000004, 0.0004906, 0.000968, 0.0011803, 0.0008921000000000001, 0.00045210000000000004, 0.0005005000000000001, 0.0009581, 0.0011792, 0.0008965, 0.00044330000000000004, 0.0005038, 0.0009592, 0.001177, 0.0008866000000000001, 0.000462, 0.0005071, 0.0009592, 0.0011759000000000001, 0.0008833000000000001, 0.00044550000000000004, 0.0005071, 0.0009537, 0.0011704, 0.0008899, 0.0004488, 0.0004972, 0.0009526000000000001, 0.0011759000000000001, 0.0008756, 0.0004532, 0.0005049000000000001, 0.0009570000000000001, 0.0011649, 0.0008943, 0.00045650000000000004, 0.0005071, 0.0009603000000000001, 0.0011704, 0.0008943, 0.00045430000000000004, 0.0005016, 0.0009603000000000001, 0.0011748000000000001, 0.0008844, 0.0004488, 0.0005027, 0.0009592, 0.0011759000000000001, 0.0008844, 0.000451, 0.0005038, 0.0009658000000000001, 0.0011814, 0.0008910000000000001, 0.0004488, 0.0005005000000000001, 0.0009691000000000001, 0.0011836000000000001, 0.0008899, 0.00045430000000000004, 0.0005148, 0.0009581, 0.0011748000000000001, 0.0008976, 0.00044770000000000004, 0.0004983, 0.0009548, 0.0011737, 0.0008899, 0.000462, 0.0005005000000000001, 0.0009647000000000001, 0.0011715, 0.00088, 0.00046090000000000004, 0.0004939, 0.0009735000000000001, 0.0011781, 0.0008932, 0.000451, 0.000506, 0.0009636, 0.0011814, 0.0008866000000000001, 0.000451, 0.0004983, 0.0009724, 0.0011825, 0.0008921000000000001, 0.00044330000000000004, 0.0005104, 0.0009515000000000001, 0.0011803, 0.00088, 0.00045650000000000004, 0.0005093000000000001, 0.0009625, 0.0011825, 0.0008811, 0.00046090000000000004, 0.000517, 0.0009559000000000001, 0.0011726, 0.0008899, 0.00045870000000000004, 0.000506, 0.0009614000000000001, 0.0011847000000000001, 0.0008954000000000001, 0.00046090000000000004, 0.0005093000000000001, 0.0009603000000000001, 0.0011836000000000001, 0.0008789000000000001, 0.0004532, 0.000517, 0.0009592, 0.0011759000000000001, 0.0008965, 0.000451, 0.0004983, 0.0009647000000000001, 0.0011759000000000001, 0.0008833000000000001, 0.0004532, 0.000495, 0.0009768, 0.0011803, 0.0008921000000000001, 0.000451, 0.0005104, 0.0009603000000000001, 0.0011847000000000001, 0.0008965, 0.0004576, 0.0004983, 0.000968, 0.0011902, 0.0008844, 0.0004598, 0.0005082, 0.0009735000000000001, 0.0011825, 0.0008855, 0.0004598, 0.0005038, 0.0009768, 0.0011847000000000001, 0.0008954000000000001, 0.00045430000000000004, 0.0005093000000000001, 0.0009603000000000001, 0.0011825, 0.0008910000000000001, 0.00045650000000000004, 0.0004994, 0.0009691000000000001, 0.0011792, 0.0008855, 0.0004532]",22
58,"[-0.0003267, -0.0002596, -0.0001672, -0.00019030000000000002, -0.00028710000000000004, -0.0003311, -0.0002662, -0.0001716, -0.00018700000000000002, -0.0002992, -0.0003355, -0.0002596, -0.0001694, -0.00018480000000000002, -0.0002904, -0.00032450000000000003, -0.0002673, -0.0001727, -0.00020240000000000001, -0.0002926, -0.0003278, -0.0002673, -0.0001683, -0.00019360000000000002, -0.0002948, -0.00033, -0.000264, -0.000165, -0.00019140000000000002, -0.00029370000000000004, -0.00032450000000000003, -0.0002552, -0.0001672, -0.00019800000000000002, -0.0002948, -0.000341, -0.0002717, -0.00017710000000000002, -0.00019140000000000002, -0.00029810000000000004, -0.0003377, -0.0002629, -0.0001716, -0.00018810000000000002, -0.00028930000000000004, -0.0003388, -0.0002673, -0.0001705, -0.00019690000000000002, -0.000286, -0.0003344, -0.0002695, -0.0001661, -0.00018920000000000002, -0.0002882, -0.0003355, -0.0002618, -0.0001738, -0.00019140000000000002, -0.00029590000000000004, -0.0003399, -0.0002585, -0.00018150000000000002, -0.00018810000000000002, -0.00029810000000000004, -0.0003311, -0.0002651, -0.0001749, -0.00019690000000000002, -0.0002926, -0.0003311, -0.0002618, -0.0001749, -0.00019800000000000002, -0.00029150000000000004, -0.0003399, -0.000264, -0.0001683, -0.00019580000000000002, -0.0003014, -0.0003289, -0.0002651, -0.0001716, -0.00019910000000000001, -0.000297, -0.0003443, -0.0002772, -0.00017930000000000002, -0.00018920000000000002, -0.0002882, -0.0003344, -0.0002728, -0.0001727, -0.00019690000000000002, -0.00029810000000000004, -0.0003366, -0.0002596, -0.0001749, -0.00018810000000000002, -0.000297, -0.0003465, -0.0002574, -0.00018040000000000002, -0.00019470000000000002, -0.0003014, -0.0003355, -0.000264, -0.0001727, -0.00019030000000000002, -0.00029150000000000004, -0.000352, -0.0002629, -0.0001716, -0.00019580000000000002, -0.00029150000000000004, -0.0003377, -0.0002574, -0.0001694, -0.00019580000000000002, -0.00029590000000000004, -0.000341, -0.0002717, -0.0001694, -0.00019250000000000002, -0.00030030000000000004, -0.0003388, -0.0002618, -0.0001727, -0.00019470000000000002, -0.0003058, -0.0003377, -0.0002585, -0.0001749, -0.00018260000000000002, -0.0002948, -0.0003421, -0.0002717, -0.0001727, -0.00019580000000000002, -0.0002948, -0.0003377, -0.000264, -0.0001716, -0.00020130000000000001, -0.00030250000000000003, -0.0003388, -0.0002618, -0.0001694, -0.00018920000000000002, -0.00030250000000000003, -0.0003399, -0.0002618, -0.0001628, -0.00018370000000000002, -0.0002992, -0.0003366, -0.0002596, -0.0001606, -0.00019690000000000002, -0.00029150000000000004, -0.0003432, -0.0002706, -0.0001749, -0.00019250000000000002, -0.00028710000000000004, -0.0003388, -0.000264, -0.000176, -0.00019250000000000002, -0.0002992, -0.0003454, -0.0002618, -0.0001716, -0.00019030000000000002, -0.00030030000000000004, -0.0003498, -0.0002629, -0.0001672, -0.00019140000000000002, -0.0002904, -0.0003377, -0.0002618, -0.0001705, -0.00019140000000000002, -0.00030690000000000003, -0.0003443, -0.0002695, -0.0001672, -0.00019030000000000002, -0.00030030000000000004, -0.0003454, -0.0002717, -0.0001738, -0.00019030000000000002, -0.00030030000000000004, -0.0003388, -0.0002563, -0.000165, -0.00018920000000000002, -0.0002992, -0.0003487, -0.0002552, -0.0001716, -0.00018590000000000002, -0.0002948, -0.0003465, -0.0002618, -0.0001727, -0.00019030000000000002, -0.000297, -0.0003344, -0.0002739, -0.0001738, -0.00019690000000000002, -0.00030030000000000004, -0.0003377, -0.0002684, -0.0001749, -0.00019140000000000002, -0.00030690000000000003, -0.0003377, -0.0002607, -0.0001727, -0.00019470000000000002, -0.000297, -0.0003344, -0.0002629, -0.00017930000000000002, -0.00019690000000000002, -0.0003014, -0.0003311, -0.000264, -0.0001705, -0.00019140000000000002, -0.00029370000000000004, -0.0003421, -0.0002684, -0.00018040000000000002, -0.00019250000000000002, -0.00029370000000000004, -0.0003256, -0.0002695, -0.0001672, -0.00019800000000000002, -0.0002948, -0.0003388, -0.0002695, -0.0001727, -0.00019360000000000002, -0.0002926, -0.0003421, -0.0002651, -0.0001716, -0.00019360000000000002, -0.0002948, -0.000341, -0.0002651, -0.0001672, -0.00018810000000000002, -0.000297, -0.000341, -0.0002684, -0.0001727, -0.00019030000000000002, -0.00030030000000000004, -0.0003509, -0.0002552, -0.0001683, -0.00019360000000000002, -0.00030690000000000003, -0.0003344, -0.0002552, -0.000176, -0.0002046, -0.00029370000000000004, -0.0003333, -0.0002673, -0.0001705, -0.00019690000000000002, -0.00029590000000000004, -0.0003311, -0.0002717, -0.0001672, -0.00019360000000000002, -0.0003036, -0.0003421, -0.0002673, -0.0001661, -0.00019140000000000002, -0.00029370000000000004, -0.0003443, -0.0002684, -0.0001727, -0.00018480000000000002, -0.0002882, -0.0003399, -0.0002739, -0.0001727, -0.00019580000000000002, -0.00028930000000000004, -0.0003256, -0.0002596, -0.0001716, -0.00019030000000000002, -0.00030030000000000004, -0.0003355, -0.0002607, -0.0001716, -0.00019140000000000002, -0.0002948, -0.0003432, -0.0002563, -0.0001672, -0.00019030000000000002, -0.0002904, -0.0003476, -0.0002772, -0.0001716, -0.00019800000000000002, -0.00029150000000000004, -0.0003487, -0.0002596, -0.0001639, -0.00019250000000000002, -0.00029370000000000004, -0.0003333, -0.0002717, -0.0001617, -0.0002035, -0.00029590000000000004, -0.0003432, -0.0002618, -0.0001683, -0.00018700000000000002, -0.0002992, -0.0003388, -0.0002607, -0.0001727, -0.00019030000000000002, -0.0003014, -0.0003487, -0.0002563, -0.0001694, -0.00019030000000000002, -0.0003014, -0.0003355, -0.000264, -0.0001738, -0.00018810000000000002, -0.00030470000000000003, -0.000341, -0.000275, -0.0001672, -0.00019360000000000002, -0.0002926, -0.0003289, -0.000275, -0.0001661, -0.00018480000000000002, -0.00029150000000000004, -0.0003454, -0.0002629, -0.000165, -0.00019140000000000002, -0.000297, -0.0003388, -0.0002684, -0.0001661, -0.00020130000000000001, -0.00029370000000000004, -0.0003377, -0.0002629, -0.0001727, -0.00019690000000000002, -0.00029150000000000004, -0.0003311, -0.0002629, -0.0001661, -0.00019690000000000002, -0.00029370000000000004, -0.0003432, -0.0002629, -0.0001716, -0.00019690000000000002, -0.00029590000000000004, -0.0003333, -0.0002607, -0.0001683, -0.00019910000000000001, -0.00030470000000000003, -0.0003399, -0.0002695, -0.0001705, -0.00019800000000000002, -0.000297, -0.0003333, -0.000253, -0.0001705, -0.00019800000000000002, -0.0003014, -0.0003344, -0.0002574, -0.0001639, -0.00020130000000000001, -0.00030030000000000004, -0.000341, -0.0002662, -0.00017710000000000002, -0.00019360000000000002, -0.0002992, -0.0003476, -0.0002695, -0.0001716, -0.00019140000000000002, -0.00030250000000000003, -0.0003388, -0.0002618, -0.0001661, -0.00019580000000000002, -0.0002992, -0.0003377, -0.000264, -0.0001584, -0.00019580000000000002, -0.00030690000000000003, -0.000341, -0.0002618, -0.0001749, -0.00019360000000000002, -0.00029590000000000004, -0.0003465, -0.000264, -0.00017710000000000002, -0.00019360000000000002, -0.000297, -0.0003377, -0.0002728, -0.0001683, -0.00020020000000000001, -0.0002992, -0.000341, -0.0002684, -0.0001683, -0.00019580000000000002, -0.0002948, -0.0003432, -0.0002651, -0.0001672, -0.00019690000000000002, -0.00030030000000000004, -0.00033, -0.0002651, -0.0001672, -0.00018810000000000002, -0.0002992, -0.0003399, -0.0002618, -0.0001672, -0.00019360000000000002, -0.00029370000000000004, -0.0003377, -0.0002662, -0.0001738, -0.00019910000000000001, -0.00030910000000000003, -0.0003366, -0.0002684, -0.00018150000000000002, -0.00019250000000000002, -0.00030030000000000004, -0.0003311, -0.0002662, -0.0001694, -0.00019800000000000002, -0.00029590000000000004, -0.000341, -0.0002684, -0.0001727, -0.00019690000000000002, -0.00029150000000000004, -0.0003476, -0.0002596, -0.0001705, -0.00019580000000000002, -0.00029590000000000004, -0.0003344, -0.0002695, -0.00018040000000000002, -0.00019250000000000002, -0.00030470000000000003, -0.0003388, -0.0002651, -0.0001672, -0.00018920000000000002, -0.00029810000000000004, -0.0003388, -0.0002618, -0.00017710000000000002, -0.00018810000000000002, -0.0002992]","[-0.0002332, -0.0002211, -0.0001595, -0.0001507, -0.0002079, -0.0002321, -0.0002145, -0.0001584, -0.0001507, -0.0002112, -0.000231, -0.0002068, -0.000143, -0.0001496, -0.0002068, -0.0002431, -0.00020130000000000001, -0.000154, -0.0001496, -0.0002068, -0.0002387, -0.0002134, -0.0001474, -0.0001474, -0.0002035, -0.0002398, -0.000209, -0.0001474, -0.0001474, -0.00019470000000000002, -0.0002442, -0.000209, -0.0001452, -0.0001474, -0.00019250000000000002, -0.0002343, -0.0002079, -0.0001584, -0.0001452, -0.0002079, -0.0002387, -0.00020020000000000001, -0.0001518, -0.0001397, -0.00020020000000000001, -0.0002365, -0.0002123, -0.000154, -0.0001496, -0.00020130000000000001, -0.0002431, -0.0002156, -0.0001518, -0.000143, -0.00019470000000000002, -0.0002398, -0.0002101, -0.0001485, -0.0001573, -0.00020130000000000001, -0.0002299, -0.000209, -0.0001496, -0.0001551, -0.0002123, -0.0002332, -0.0002068, -0.0001397, -0.0001518, -0.0002101, -0.0002354, -0.0002134, -0.0001496, -0.0001419, -0.00019580000000000002, -0.0002365, -0.0002123, -0.0001584, -0.0001507, -0.00019690000000000002, -0.0002343, -0.0002035, -0.0001529, -0.0001496, -0.0002068, -0.000242, -0.0002101, -0.000165, -0.000154, -0.00020130000000000001, -0.0002354, -0.0002046, -0.0001529, -0.0001595, -0.0002057, -0.0002409, -0.0002123, -0.0001518, -0.0001606, -0.00019690000000000002, -0.0002288, -0.0002057, -0.0001551, -0.0001474, -0.0002035, -0.000242, -0.0002134, -0.0001452, -0.0001573, -0.00019470000000000002, -0.0002343, -0.0002167, -0.000154, -0.0001496, -0.00020130000000000001, -0.0002354, -0.00019800000000000002, -0.0001507, -0.0001496, -0.00019140000000000002, -0.0002299, -0.000209, -0.0001606, -0.0001485, -0.0002057, -0.0002365, -0.00022, -0.0001606, -0.0001452, -0.0002101, -0.0002354, -0.0002134, -0.0001452, -0.0001606, -0.00019360000000000002, -0.000242, -0.0002068, -0.0001518, -0.0001584, -0.0002035, -0.0002409, -0.0002145, -0.0001529, -0.0001353, -0.00019580000000000002, -0.0002387, -0.0002134, -0.0001573, -0.000143, -0.00019250000000000002, -0.0002387, -0.0002101, -0.0001507, -0.0001496, -0.00019580000000000002, -0.0002453, -0.0002068, -0.000165, -0.0001474, -0.00020130000000000001, -0.0002442, -0.00020130000000000001, -0.0001474, -0.0001562, -0.00019470000000000002, -0.0002365, -0.0002079, -0.0001474, -0.0001573, -0.00019910000000000001, -0.0002299, -0.0002046, -0.000154, -0.0001507, -0.00020020000000000001, -0.0002398, -0.000209, -0.0001529, -0.0001474, -0.0002079, -0.0002376, -0.0002123, -0.0001562, -0.0001529, -0.0002079, -0.0002299, -0.0002079, -0.0001496, -0.0001474, -0.00020130000000000001, -0.0002398, -0.00020130000000000001, -0.0001474, -0.0001463, -0.00020240000000000001, -0.0002332, -0.0002068, -0.0001639, -0.0001386, -0.0002035, -0.0002475, -0.000209, -0.0001529, -0.0001496, -0.00019360000000000002, -0.0002343, -0.0002068, -0.0001628, -0.0001529, -0.00020240000000000001, -0.0002343, -0.000209, -0.0001595, -0.0001463, -0.00019690000000000002, -0.0002332, -0.0002112, -0.0001595, -0.0001595, -0.00020020000000000001, -0.0002398, -0.0002068, -0.0001595, -0.0001507, -0.00020020000000000001, -0.0002398, -0.00020130000000000001, -0.0001496, -0.0001474, -0.00020130000000000001, -0.0002354, -0.0002112, -0.0001507, -0.000143, -0.0002079, -0.0002321, -0.0002134, -0.0001595, -0.0001518, -0.0002046, -0.0002453, -0.0002057, -0.0001529, -0.0001474, -0.0002046, -0.0002299, -0.0002068, -0.0001573, -0.0001606, -0.0002101, -0.0002409, -0.0002035, -0.0001485, -0.0001562, -0.00019690000000000002, -0.0002299, -0.0002068, -0.0001496, -0.0001551, -0.0002035, -0.0002266, -0.0002079, -0.0001529, -0.0001507, -0.00020240000000000001, -0.0002442, -0.00020130000000000001, -0.000154, -0.0001496, -0.0002035, -0.0002376, -0.00020240000000000001, -0.0001562, -0.0001474, -0.0002079, -0.0002343, -0.00020240000000000001, -0.0001562, -0.0001562, -0.00019690000000000002, -0.0002332, -0.0002046, -0.0001518, -0.0001485, -0.00019910000000000001, -0.0002343, -0.0002046, -0.0001507, -0.0001474, -0.00019580000000000002, -0.0002376, -0.0002156, -0.0001562, -0.0001397, -0.000209, -0.0002376, -0.0002112, -0.0001463, -0.0001463, -0.000209, -0.0002376, -0.0002145, -0.0001507, -0.0001496, -0.00019470000000000002, -0.0002266, -0.0002079, -0.0001507, -0.0001507, -0.0002057, -0.0002332, -0.00020020000000000001, -0.0001518, -0.0001551, -0.00020020000000000001, -0.0002376, -0.0002178, -0.0001606, -0.0001507, -0.0002046, -0.0002453, -0.000209, -0.000154, -0.0001441, -0.0002035, -0.0002409, -0.0002079, -0.0001639, -0.0001573, -0.0002046, -0.0002497, -0.0002068, -0.0001551, -0.0001518, -0.00019580000000000002, -0.0002453, -0.0002101, -0.0001507, -0.000143, -0.00019800000000000002, -0.0002409, -0.0002211, -0.0001507, -0.0001518, -0.00019910000000000001, -0.0002288, -0.00020130000000000001, -0.0001518, -0.0001595, -0.0002101, -0.0002431, -0.00019910000000000001, -0.0001661, -0.0001441, -0.00019470000000000002, -0.0002321, -0.000209, -0.0001595, -0.000154, -0.0002057, -0.0002398, -0.0002156, -0.0001485, -0.0001441, -0.0002035, -0.0002332, -0.0002046, -0.0001529, -0.0001408, -0.00019910000000000001, -0.0002431, -0.0002035, -0.0001518, -0.0001496, -0.00020130000000000001, -0.0002332, -0.0002068, -0.0001617, -0.0001496, -0.0002123, -0.0002343, -0.0002079, -0.0001463, -0.0001463, -0.0002112, -0.0002354, -0.0002057, -0.0001518, -0.0001474, -0.0002101, -0.0002266, -0.0002068, -0.0001496, -0.0001452, -0.0002068, -0.0002332, -0.0002145, -0.0001551, -0.0001474, -0.0002046, -0.0002299, -0.0002101, -0.000154, -0.0001595, -0.00019580000000000002, -0.0002332, -0.0002101, -0.0001529, -0.0001496, -0.000209, -0.0002321, -0.0002101, -0.0001441, -0.0001551, -0.0002068, -0.0002376, -0.0002145, -0.0001573, -0.0001474, -0.00020240000000000001, -0.0002288, -0.0002068, -0.0001562, -0.0001518, -0.00020020000000000001, -0.0002376, -0.0002079, -0.0001496, -0.0001573, -0.00019580000000000002, -0.0002442, -0.0002101, -0.0001485, -0.0001518, -0.0002068, -0.0002464, -0.000209, -0.0001573, -0.0001463, -0.00020130000000000001, -0.0002409, -0.00020130000000000001, -0.0001606, -0.0001364, -0.00020130000000000001, -0.0002288, -0.0002222, -0.0001606, -0.0001452, -0.0002068, -0.000242, -0.0002156, -0.0001584, -0.0001496, -0.00020130000000000001, -0.000231, -0.0002035, -0.0001507, -0.0001606, -0.0002123, -0.0002277, -0.0002046, -0.0001474, -0.0001496, -0.00019910000000000001, -0.0002332, -0.0002112, -0.0001507, -0.0001529, -0.0002068, -0.0002321, -0.0002046, -0.0001518, -0.0001474, -0.0002057, -0.0002354, -0.00020130000000000001, -0.0001705, -0.0001485, -0.0002057, -0.0002387, -0.0002222, -0.0001408, -0.0001474, -0.0002035, -0.000231, -0.0002134, -0.0001628, -0.0001408, -0.00019800000000000002, -0.0002365, -0.0002123, -0.0001529, -0.0001452, -0.00019140000000000002, -0.0002343, -0.0002156, -0.0001573, -0.0001463, -0.0002046]","[0.0011737, 0.0008888, 0.0004466, 0.000528, 0.0009845000000000001, 0.0011814, 0.0008855, 0.00045430000000000004, 0.0005148, 0.0009845000000000001, 0.0011957, 0.0008976, 0.00046530000000000003, 0.0005192, 0.0009856, 0.0011946, 0.0008778000000000001, 0.0004532, 0.000517, 0.0009867, 0.0011946, 0.0008811, 0.000462, 0.0005236, 0.0009922000000000002, 0.0011814, 0.0008954000000000001, 0.0004576, 0.000517, 0.0009834, 0.0011924000000000001, 0.0008844, 0.0004576, 0.0005192, 0.0009801, 0.0011957, 0.0008899, 0.00045210000000000004, 0.0005302, 0.0009933000000000001, 0.0011946, 0.0008899, 0.0004576, 0.0005258, 0.0009823, 0.0011957, 0.0008954000000000001, 0.00046090000000000004, 0.0005225000000000001, 0.0009834, 0.0012012000000000001, 0.0008932, 0.000451, 0.0005247, 0.0009867, 0.0011957, 0.0008943, 0.00045650000000000004, 0.0005236, 0.0009944, 0.0011935000000000001, 0.0008888, 0.0004554, 0.0005269000000000001, 0.0009856, 0.0011968, 0.0008921000000000001, 0.00046310000000000004, 0.0005313000000000001, 0.0009922000000000002, 0.0012034, 0.0008844, 0.00045650000000000004, 0.0005247, 0.00099, 0.0011968, 0.0008855, 0.00046310000000000004, 0.0005258, 0.0009922000000000002, 0.0012023000000000001, 0.0009009, 0.00045210000000000004, 0.000528, 0.0009889, 0.001199, 0.0008943, 0.0004554, 0.000517, 0.0009933000000000001, 0.0012045, 0.0008899, 0.0004488, 0.0005269000000000001, 0.0009878, 0.0012023000000000001, 0.0008866000000000001, 0.0004598, 0.000528, 0.0009966, 0.0011935000000000001, 0.0008888, 0.000462, 0.0005159, 0.0009867, 0.0011858, 0.0008877000000000001, 0.00045430000000000004, 0.0005236, 0.0009878, 0.0011924000000000001, 0.0008921000000000001, 0.0004532, 0.0005214, 0.0009922000000000002, 0.0011814, 0.0008822000000000001, 0.00045430000000000004, 0.0005346, 0.0009966, 0.0011924000000000001, 0.00088, 0.00045870000000000004, 0.0005269000000000001, 0.0009977, 0.0011957, 0.0008866000000000001, 0.0004576, 0.0005258, 0.0009922000000000002, 0.0011946, 0.0008976, 0.0004576, 0.0005291, 0.0009911, 0.0011968, 0.0008910000000000001, 0.00045430000000000004, 0.000528, 0.0009988, 0.0011946, 0.0008965, 0.00044990000000000004, 0.0005214, 0.0009856, 0.0011935000000000001, 0.0008954000000000001, 0.000451, 0.0005324, 0.0009889, 0.0011891, 0.0009009, 0.00046310000000000004, 0.0005291, 0.0009933000000000001, 0.0011891, 0.0008888, 0.00044990000000000004, 0.0005291, 0.0009867, 0.0012045, 0.0008822000000000001, 0.00046090000000000004, 0.0005203, 0.0009812, 0.0011902, 0.0008932, 0.00045650000000000004, 0.0005269000000000001, 0.0009878, 0.0011935000000000001, 0.0008943, 0.0004488, 0.0005258, 0.00099, 0.0011968, 0.0008822000000000001, 0.00046530000000000003, 0.0005269000000000001, 0.0009911, 0.0011946, 0.0008855, 0.00046310000000000004, 0.0005258, 0.00099, 0.0012001000000000002, 0.0008888, 0.00045430000000000004, 0.0005159, 0.00099, 0.001199, 0.0008855, 0.0004466, 0.0005181000000000001, 0.0009922000000000002, 0.0011836000000000001, 0.0008811, 0.0004576, 0.0005335, 0.0009922000000000002, 0.0011957, 0.00088, 0.00045870000000000004, 0.000528, 0.0009878, 0.0011968, 0.0008954000000000001, 0.00045430000000000004, 0.0005181000000000001, 0.0009867, 0.0011979, 0.0008976, 0.00044770000000000004, 0.0005269000000000001, 0.0010043, 0.0011858, 0.0008811, 0.0004598, 0.0005181000000000001, 0.0009911, 0.001199, 0.0008822000000000001, 0.0004532, 0.0005236, 0.0009955, 0.0011924000000000001, 0.0008822000000000001, 0.0004576, 0.0005269000000000001, 0.0009823, 0.0011957, 0.0008855, 0.0004532, 0.000528, 0.0009845000000000001, 0.0011946, 0.0008921000000000001, 0.00046310000000000004, 0.0005302, 0.0009845000000000001, 0.001188, 0.0008866000000000001, 0.0004642, 0.0005181000000000001, 0.0009922000000000002, 0.0011935000000000001, 0.0008943, 0.00045430000000000004, 0.0005324, 0.0009933000000000001, 0.0012012000000000001, 0.0008921000000000001, 0.0004554, 0.0005302, 0.0009988, 0.0012001000000000002, 0.0008899, 0.000451, 0.0005247, 0.0009889, 0.0011935000000000001, 0.0008899, 0.0004598, 0.0005225000000000001, 0.0009922000000000002, 0.0011847000000000001, 0.0008778000000000001, 0.00044990000000000004, 0.0005313000000000001, 0.0009933000000000001, 0.0011957, 0.0008778000000000001, 0.00045870000000000004, 0.0005357000000000001, 0.0009933000000000001, 0.0011825, 0.0008866000000000001, 0.00045430000000000004, 0.0005313000000000001, 0.0009966, 0.0011869, 0.0008877000000000001, 0.00045430000000000004, 0.000528, 0.0009922000000000002, 0.0011968, 0.0008888, 0.0004598, 0.0005357000000000001, 0.0009955, 0.001188, 0.0008778000000000001, 0.00045870000000000004, 0.0005302, 0.0009966, 0.0011968, 0.0008954000000000001, 0.00045870000000000004, 0.0005247, 0.0009933000000000001, 0.0011968, 0.0008844, 0.0004664, 0.0005203, 0.00099, 0.0012023000000000001, 0.0008811, 0.00046090000000000004, 0.0005291, 0.0009867, 0.0011836000000000001, 0.0008833000000000001, 0.00045870000000000004, 0.000528, 0.0009922000000000002, 0.0011891, 0.0008888, 0.00046090000000000004, 0.0005236, 0.0010021000000000001, 0.0012001000000000002, 0.0008767, 0.0004576, 0.000528, 0.0009911, 0.0011957, 0.0008734000000000001, 0.0004532, 0.0005269000000000001, 0.0009955, 0.0011891, 0.0008822000000000001, 0.000451, 0.000539, 0.0009988, 0.0011968, 0.0008899, 0.000451, 0.0005236, 0.0009999, 0.0011968, 0.00088, 0.00045430000000000004, 0.0005247, 0.0009801, 0.0011979, 0.0008910000000000001, 0.00044990000000000004, 0.000517, 0.0009867, 0.0012034, 0.00088, 0.00045650000000000004, 0.0005225000000000001, 0.0009867, 0.0012001000000000002, 0.0008701000000000001, 0.000462, 0.0005236, 0.0009911, 0.0011979, 0.0008833000000000001, 0.0004642, 0.0005291, 0.0009966, 0.001188, 0.0008833000000000001, 0.00046750000000000003, 0.0005346, 0.0009878, 0.0011968, 0.0008899, 0.0004598, 0.0005236, 0.0009944, 0.001188, 0.0008910000000000001, 0.00046970000000000003, 0.0005192, 0.0009922000000000002, 0.0011913, 0.0008833000000000001, 0.00044990000000000004, 0.0005269000000000001, 0.0010021000000000001, 0.0012100000000000001, 0.0008899, 0.00045430000000000004, 0.0005291, 0.0010076, 0.0011957, 0.0008767, 0.00045430000000000004, 0.0005258, 0.0009999, 0.0011924000000000001, 0.0008833000000000001, 0.00045210000000000004, 0.000528, 0.0009911, 0.0011946, 0.0008844, 0.0004598, 0.0005346, 0.0009911, 0.0011924000000000001, 0.0008866000000000001, 0.00045430000000000004, 0.0005258, 0.0009977, 0.0011902, 0.0008789000000000001, 0.00045650000000000004, 0.0005379, 0.00099, 0.0011957, 0.0008778000000000001, 0.00045430000000000004, 0.0005269000000000001, 0.0010021000000000001, 0.0011968, 0.00088, 0.00045430000000000004, 0.0005203, 0.0009878, 0.0011946, 0.0008877000000000001, 0.000451, 0.000539, 0.0010032, 0.0011891, 0.0008756, 0.0004576, 0.0005302, 0.0010076, 0.0011979, 0.00088, 0.0004532, 0.0005357000000000001, 0.0009911, 0.0011968, 0.0008899, 0.00045870000000000004, 0.0005225000000000001, 0.00099, 0.0012001000000000002, 0.0008866000000000001, 0.00046090000000000004, 0.0005379, 0.0009955, 0.0012078, 0.0008822000000000001, 0.0004576, 0.0005236, 0.0010021000000000001, 0.0012045, 0.0008954000000000001, 0.0004576, 0.0005247, 0.0009999, 0.0011913, 0.0008833000000000001, 0.000451, 0.0005324, 0.0010065, 0.0011968, 0.0008822000000000001, 0.00044990000000000004, 0.0005335, 0.0009999, 0.0011968, 0.0008822000000000001, 0.00045650000000000004, 0.0005368, 0.0009911, 0.0011946, 0.0008866000000000001, 0.00045650000000000004, 0.0005368, 0.00099, 0.0012045, 0.0008866000000000001, 0.0004466, 0.0005346, 0.0010010000000000002, 0.0012045, 0.0008778000000000001, 0.00045430000000000004, 0.0005313000000000001, 0.0009988, 0.0012001000000000002, 0.0008833000000000001, 0.0004554, 0.0005379, 0.0010054, 0.0012034, 0.0008844, 0.000451, 0.000528, 0.0009955]",23
59,"[-0.000319, -0.000341, -0.00028270000000000004, -0.0001727, -0.00019690000000000002, -0.00030690000000000003, -0.0003575, -0.0002794, -0.0001716, -0.00020240000000000001, -0.00032230000000000003, -0.0003487, -0.0002805, -0.0001727, -0.0002035, -0.00032230000000000003, -0.0003553, -0.0002739, -0.0001694, -0.00019470000000000002, -0.00031790000000000003, -0.00036960000000000004, -0.0002805, -0.00018150000000000002, -0.0002035, -0.000319, -0.0003619, -0.0002739, -0.00018260000000000002, -0.0002046, -0.00032010000000000003, -0.00035420000000000004, -0.0002706, -0.0001716, -0.0002035, -0.0003102, -0.00037400000000000004, -0.0002783, -0.00018590000000000002, -0.000209, -0.0003168, -0.00035860000000000004, -0.0002695, -0.000176, -0.0002057, -0.00031570000000000003, -0.00036080000000000004, -0.0002772, -0.00018040000000000002, -0.0002079, -0.0003234, -0.00035420000000000004, -0.000275, -0.00018700000000000002, -0.000209, -0.0003212, -0.00035860000000000004, -0.0002794, -0.00017930000000000002, -0.0002112, -0.00031350000000000003, -0.00036520000000000004, -0.0002739, -0.00018150000000000002, -0.0002057, -0.00030690000000000003, -0.0003663, -0.0002783, -0.00018370000000000002, -0.00020020000000000001, -0.0003234, -0.0003575, -0.0002706, -0.00018480000000000002, -0.00020020000000000001, -0.00032450000000000003, -0.00035640000000000004, -0.0002761, -0.00018370000000000002, -0.00020020000000000001, -0.00032450000000000003, -0.0003619, -0.00028270000000000004, -0.00017820000000000002, -0.0002068, -0.000319, -0.0003641, -0.0002805, -0.00018260000000000002, -0.00019580000000000002, -0.00032010000000000003, -0.0003553, -0.0002772, -0.00018040000000000002, -0.0002068, -0.0003168, -0.0003553, -0.0002772, -0.0001738, -0.0002145, -0.00031790000000000003, -0.0003597, -0.0002882, -0.0001705, -0.00020130000000000001, -0.00032010000000000003, -0.00036300000000000004, -0.000286, -0.0001683, -0.0002035, -0.0003102, -0.00035420000000000004, -0.0002772, -0.00017710000000000002, -0.0002156, -0.00032450000000000003, -0.0003641, -0.0002761, -0.0001716, -0.0002035, -0.0003124, -0.00035420000000000004, -0.0002794, -0.00017930000000000002, -0.0002101, -0.0003168, -0.0003575, -0.0002838, -0.00017820000000000002, -0.0002068, -0.00032010000000000003, -0.0003553, -0.0002706, -0.00018150000000000002, -0.00019910000000000001, -0.0003212, -0.0003619, -0.0002739, -0.000176, -0.00019250000000000002, -0.00031130000000000003, -0.0003707, -0.0002651, -0.00018150000000000002, -0.0002112, -0.00031570000000000003, -0.00036080000000000004, -0.00028490000000000004, -0.000176, -0.0002079, -0.0003256, -0.0003575, -0.0002805, -0.0001716, -0.0002222, -0.00031130000000000003, -0.0003575, -0.0002761, -0.00018150000000000002, -0.0002035, -0.00031790000000000003, -0.00036300000000000004, -0.0002805, -0.00019030000000000002, -0.000209, -0.00031350000000000003, -0.00035420000000000004, -0.0002728, -0.00018150000000000002, -0.0002035, -0.0003234, -0.0003619, -0.0002739, -0.0001749, -0.0002046, -0.00031570000000000003, -0.000352, -0.00028710000000000004, -0.0001727, -0.0002035, -0.00031790000000000003, -0.0003619, -0.0002772, -0.00018150000000000002, -0.000209, -0.0003146, -0.00036520000000000004, -0.0002717, -0.00018260000000000002, -0.0002046, -0.0003278, -0.00035640000000000004, -0.0002739, -0.00018480000000000002, -0.00019800000000000002, -0.00031350000000000003, -0.0003575, -0.0002794, -0.0001727, -0.00020130000000000001, -0.00031130000000000003, -0.00035860000000000004, -0.0002695, -0.00018150000000000002, -0.0002057, -0.0003168, -0.00036300000000000004, -0.0002662, -0.00018150000000000002, -0.0002079, -0.0003267, -0.00035640000000000004, -0.0002783, -0.00018370000000000002, -0.0002035, -0.0003168, -0.0003553, -0.0002816, -0.0001727, -0.0002101, -0.0003234, -0.00035640000000000004, -0.000286, -0.00018700000000000002, -0.0002156, -0.00031350000000000003, -0.00036300000000000004, -0.0002772, -0.0001738, -0.0002046, -0.00032230000000000003, -0.0003575, -0.000286, -0.0001694, -0.0002035, -0.00032010000000000003, -0.00035420000000000004, -0.000275, -0.0001716, -0.0002046, -0.00031570000000000003, -0.00036300000000000004, -0.0002662, -0.00018810000000000002, -0.00020130000000000001, -0.0003212, -0.00035640000000000004, -0.0002739, -0.00017930000000000002, -0.0002112, -0.0003146, -0.0003575, -0.0002805, -0.00018590000000000002, -0.0002134, -0.0003267, -0.00035640000000000004, -0.0002607, -0.0001705, -0.0002057, -0.00031350000000000003, -0.00036080000000000004, -0.0002728, -0.00018480000000000002, -0.0002035, -0.00031350000000000003, -0.00035640000000000004, -0.0002706, -0.0001727, -0.0002068, -0.00031790000000000003, -0.0003553, -0.00028710000000000004, -0.000176, -0.0002112, -0.00032010000000000003, -0.0003619, -0.0002739, -0.00018040000000000002, -0.0002123, -0.00031350000000000003, -0.00035640000000000004, -0.0002728, -0.0001738, -0.00020240000000000001, -0.00031570000000000003, -0.00036520000000000004, -0.000275, -0.0001694, -0.0002057, -0.00032010000000000003, -0.0003641, -0.0002761, -0.00018260000000000002, -0.0002079, -0.0003234, -0.0003597, -0.0002772, -0.00018040000000000002, -0.0002112, -0.0003278, -0.00036080000000000004, -0.0002651, -0.0001683, -0.00019800000000000002, -0.0003168, -0.0003663, -0.0002783, -0.0001749, -0.0002156, -0.0003234, -0.00036520000000000004, -0.0002717, -0.00018700000000000002, -0.0002134, -0.00031350000000000003, -0.00035420000000000004, -0.0002816, -0.00018150000000000002, -0.00019470000000000002, -0.0003212, -0.0003531, -0.0002816, -0.0001738, -0.00020240000000000001, -0.0003168, -0.00035420000000000004, -0.0002794, -0.000176, -0.0002057, -0.0003322, -0.00035860000000000004, -0.000275, -0.00017820000000000002, -0.0002134, -0.000319, -0.000352, -0.00028270000000000004, -0.00018370000000000002, -0.00019800000000000002, -0.00031570000000000003, -0.00035640000000000004, -0.0002772, -0.0001738, -0.00019910000000000001, -0.00031790000000000003, -0.0003641, -0.0002882, -0.00018040000000000002, -0.0002178, -0.000319, -0.0003454, -0.0002728, -0.000176, -0.00020130000000000001, -0.00031570000000000003, -0.0003575, -0.0002717, -0.00017710000000000002, -0.0002101, -0.00032230000000000003, -0.0003575, -0.0002739, -0.00017710000000000002, -0.0002156, -0.000319, -0.0003553, -0.0002816, -0.0001694, -0.0002156, -0.000319, -0.00036080000000000004, -0.0002761, -0.00018040000000000002, -0.00020240000000000001, -0.0003146, -0.0003597, -0.0002761, -0.00017710000000000002, -0.0002123, -0.0003289, -0.0003553, -0.000275, -0.0001749, -0.000209, -0.0003168, -0.0003498, -0.0002904, -0.0001683, -0.0002079, -0.0003102, -0.0003641, -0.000275, -0.0001727, -0.0002068, -0.00031790000000000003, -0.0003531, -0.0002794, -0.00018590000000000002, -0.0002046, -0.00032450000000000003, -0.00035420000000000004, -0.0002761, -0.0001738, -0.0002035, -0.0003168, -0.000352, -0.0002717, -0.00017820000000000002, -0.0002145, -0.0003124, -0.00036520000000000004, -0.0002838, -0.00018370000000000002, -0.0002068, -0.00032230000000000003, -0.0003531, -0.000275, -0.00017820000000000002, -0.0002112, -0.00032450000000000003, -0.0003597, -0.000275, -0.00018260000000000002, -0.0002101, -0.0003256, -0.00035860000000000004, -0.0002717, -0.00018370000000000002, -0.00020240000000000001, -0.000319, -0.00036300000000000004, -0.000275, -0.0001727, -0.00020130000000000001, -0.00031130000000000003, -0.0003498, -0.0002739, -0.000176, -0.0002156, -0.0003256, -0.00035640000000000004, -0.0002706, -0.00017820000000000002, -0.0002123, -0.0003234, -0.00035860000000000004, -0.0002706, -0.0001738, -0.0002101, -0.0003212, -0.00036740000000000004, -0.0002695, -0.00018480000000000002, -0.0002101, -0.00031570000000000003, -0.00035420000000000004, -0.0002838, -0.00018700000000000002, -0.0002079, -0.0003289, -0.00036080000000000004, -0.000275, -0.00017820000000000002, -0.0002035, -0.00032230000000000003, -0.00035860000000000004, -0.0002684, -0.00018480000000000002, -0.00020240000000000001, -0.00031790000000000003, -0.00036080000000000004, -0.0002706, -0.0001716, -0.00020240000000000001, -0.00032010000000000003, -0.00035860000000000004, -0.0002717, -0.000165, -0.00020240000000000001, -0.000319, -0.0003531, -0.000275, -0.00018260000000000002, -0.0002123, -0.000319, -0.0003553, -0.0002772, -0.0001727, -0.0002079, -0.00032230000000000003, -0.00035860000000000004, -0.0002816, -0.00017820000000000002, -0.0002101, -0.0003168, -0.0003597, -0.0002662, -0.0001749, -0.00019800000000000002]","[-0.00019800000000000002, -0.0002321, -0.0002068, -0.000154, -0.0001452, -0.0002057, -0.0002332, -0.0002101, -0.0001485, -0.0001573, -0.00020130000000000001, -0.0002387, -0.0002167, -0.0001518, -0.0001441, -0.0002101, -0.0002321, -0.0002112, -0.0001529, -0.0001485, -0.00019910000000000001, -0.0002288, -0.000209, -0.0001529, -0.0001551, -0.0002035, -0.0002332, -0.0002068, -0.0001584, -0.0001573, -0.0002035, -0.000242, -0.0002123, -0.000154, -0.0001518, -0.0002079, -0.0002354, -0.0002101, -0.0001507, -0.0001529, -0.00019690000000000002, -0.0002365, -0.0002079, -0.0001617, -0.0001441, -0.0002079, -0.0002398, -0.0002035, -0.0001485, -0.0001474, -0.00019690000000000002, -0.0002398, -0.0002167, -0.0001529, -0.0001529, -0.0002057, -0.0002409, -0.0002189, -0.0001485, -0.0001496, -0.000209, -0.0002288, -0.0002134, -0.0001518, -0.0001562, -0.00022, -0.0002354, -0.0002079, -0.0001573, -0.000154, -0.0002123, -0.0002299, -0.0002068, -0.0001496, -0.0001408, -0.00020130000000000001, -0.0002376, -0.0002123, -0.0001551, -0.0001518, -0.00019910000000000001, -0.0002376, -0.0002178, -0.0001606, -0.0001452, -0.0002145, -0.0002387, -0.0002211, -0.000154, -0.0001507, -0.0002057, -0.0002398, -0.0002101, -0.0001518, -0.0001485, -0.0002057, -0.0002398, -0.000209, -0.000154, -0.0001573, -0.0002035, -0.0002343, -0.0002134, -0.0001474, -0.0001518, -0.0002178, -0.0002442, -0.0002079, -0.0001463, -0.0001452, -0.0002112, -0.000231, -0.00019580000000000002, -0.0001584, -0.0001562, -0.0002145, -0.0002398, -0.00020020000000000001, -0.0001474, -0.0001441, -0.0002057, -0.0002365, -0.0002112, -0.0001595, -0.0001529, -0.0002112, -0.0002398, -0.0002079, -0.0001562, -0.0001496, -0.0002057, -0.0002365, -0.0002079, -0.0001529, -0.0001617, -0.0002222, -0.0002464, -0.0002035, -0.0001584, -0.0001518, -0.00020240000000000001, -0.0002365, -0.0002057, -0.0001639, -0.0001595, -0.0002101, -0.0002387, -0.0002035, -0.0001595, -0.0001496, -0.0002057, -0.0002387, -0.0002035, -0.0001474, -0.0001529, -0.0002079, -0.0002266, -0.0002079, -0.0001485, -0.0001551, -0.00020130000000000001, -0.0002431, -0.0002035, -0.0001496, -0.0001474, -0.000209, -0.0002431, -0.0002101, -0.0001573, -0.0001529, -0.00020130000000000001, -0.000242, -0.0002057, -0.000154, -0.0001485, -0.0002079, -0.0002409, -0.0002134, -0.000143, -0.0001551, -0.0002079, -0.0002464, -0.00020240000000000001, -0.0001551, -0.0001452, -0.0002167, -0.0002387, -0.0002222, -0.0001496, -0.0001463, -0.00020240000000000001, -0.0002332, -0.0002123, -0.0001496, -0.0001551, -0.000209, -0.0002409, -0.0002112, -0.0001397, -0.000154, -0.0002046, -0.0002486, -0.0002145, -0.0001551, -0.0001562, -0.000209, -0.0002299, -0.00020020000000000001, -0.0001419, -0.0001562, -0.00019690000000000002, -0.0002365, -0.0002035, -0.000154, -0.0001485, -0.0002057, -0.0002321, -0.0002134, -0.0001463, -0.0001518, -0.0002123, -0.0002288, -0.0002046, -0.0001529, -0.0001474, -0.0002057, -0.0002442, -0.000209, -0.000154, -0.0001584, -0.00022, -0.0002365, -0.0002112, -0.0001606, -0.0001562, -0.0002079, -0.0002387, -0.00022, -0.0001595, -0.0001485, -0.000209, -0.0002343, -0.0002134, -0.000143, -0.0001463, -0.0002189, -0.0002442, -0.0002079, -0.0001606, -0.0001518, -0.00020130000000000001, -0.000231, -0.0002145, -0.0001441, -0.000154, -0.0002156, -0.0002354, -0.000209, -0.0001584, -0.0001474, -0.0002178, -0.0002343, -0.0002035, -0.0001606, -0.0001562, -0.00020240000000000001, -0.0002321, -0.0002079, -0.0001595, -0.000154, -0.0002035, -0.0002365, -0.0002079, -0.0001507, -0.0001474, -0.00019250000000000002, -0.0002376, -0.0002112, -0.0001518, -0.0001496, -0.0002134, -0.0002321, -0.00020240000000000001, -0.0001419, -0.000154, -0.0002068, -0.0002365, -0.0002101, -0.0001507, -0.0001507, -0.0002079, -0.0002387, -0.0002145, -0.0001595, -0.0001496, -0.00020240000000000001, -0.000242, -0.0002112, -0.0001496, -0.0001485, -0.00020130000000000001, -0.0002343, -0.0002123, -0.000154, -0.0001573, -0.000209, -0.0002398, -0.00020020000000000001, -0.0001551, -0.0001507, -0.00020130000000000001, -0.0002409, -0.0002057, -0.0001551, -0.0001562, -0.0002035, -0.0002365, -0.0002101, -0.0001573, -0.0001507, -0.00020240000000000001, -0.0002398, -0.0002134, -0.0001507, -0.0001573, -0.0002145, -0.0002387, -0.00020240000000000001, -0.0001485, -0.0001463, -0.0002046, -0.0002332, -0.0002112, -0.0001606, -0.0001474, -0.0002057, -0.0002343, -0.0002145, -0.0001606, -0.000154, -0.0002145, -0.0002409, -0.0002145, -0.0001485, -0.0001584, -0.00020130000000000001, -0.0002486, -0.0002057, -0.0001507, -0.0001518, -0.00020240000000000001, -0.0002376, -0.0002046, -0.0001496, -0.0001518, -0.0002068, -0.0002354, -0.000209, -0.0001452, -0.000154, -0.00020020000000000001, -0.0002398, -0.0002112, -0.0001507, -0.0001595, -0.0002167, -0.0002464, -0.0002134, -0.0001551, -0.0001496, -0.0002112, -0.000231, -0.0002112, -0.0001551, -0.000143, -0.0002046, -0.0002464, -0.0002145, -0.0001529, -0.0001529, -0.0002046, -0.0002365, -0.0002035, -0.0001474, -0.0001485, -0.0002156, -0.0002431, -0.00019360000000000002, -0.0001518, -0.0001529, -0.0002112, -0.0002277, -0.00019800000000000002, -0.0001518, -0.0001562, -0.0002156, -0.0002442, -0.0002145, -0.0001496, -0.0001474, -0.00019910000000000001, -0.0002376, -0.0002112, -0.0001617, -0.0001452, -0.00019580000000000002, -0.0002431, -0.000209, -0.0001584, -0.0001551, -0.0002057, -0.000242, -0.0002035, -0.000154, -0.0001441, -0.0002079, -0.0002365, -0.0002112, -0.0001661, -0.000154, -0.00020240000000000001, -0.0002365, -0.0002068, -0.0001474, -0.0001573, -0.0002068, -0.0002387, -0.00019910000000000001, -0.000154, -0.0001551, -0.00018700000000000002, -0.0002442, -0.0002068, -0.0001562, -0.0001485, -0.0002134, -0.0002365, -0.0002057, -0.0001474, -0.0001441, -0.0002057, -0.0002299, -0.0002057, -0.0001595, -0.0001485, -0.0002101, -0.0002332, -0.0002057, -0.0001529, -0.0001419, -0.00019470000000000002, -0.0002453, -0.0002134, -0.0001617, -0.0001485, -0.0002145, -0.0002508, -0.0002134, -0.000154, -0.0001562, -0.00020020000000000001, -0.0002365, -0.0002134, -0.0001496, -0.0001529, -0.0002079, -0.0002354, -0.00020020000000000001, -0.0001529, -0.0001419, -0.00019800000000000002, -0.0002288, -0.00019250000000000002, -0.0001573, -0.0001496, -0.0002035, -0.0002321, -0.0002101, -0.0001529, -0.0001452, -0.0002035, -0.0002387, -0.0002123, -0.0001595, -0.000143, -0.0002101, -0.0002453, -0.0002156, -0.0001562, -0.0001452, -0.0002068, -0.0002332, -0.0002068, -0.0001518, -0.0001496, -0.0002057, -0.0002431, -0.0002145, -0.0001507, -0.0001628]","[0.0010219, 0.0012023000000000001, 0.0008734000000000001, 0.00046090000000000004, 0.0005478, 0.0010373000000000001, 0.0012034, 0.0008877000000000001, 0.00045430000000000004, 0.0005588, 0.0010241, 0.0012089000000000002, 0.0008921000000000001, 0.00046090000000000004, 0.0005478, 0.0010318, 0.0012034, 0.0008866000000000001, 0.0004642, 0.0005434, 0.0010219, 0.0012133, 0.0008844, 0.00045870000000000004, 0.0005478, 0.0010274000000000001, 0.0012188000000000001, 0.0008844, 0.0004532, 0.0005533000000000001, 0.001023, 0.0012155, 0.0008855, 0.00045430000000000004, 0.0005489000000000001, 0.0010296, 0.0012166, 0.0008899, 0.0004576, 0.0005533000000000001, 0.0010318, 0.0012188000000000001, 0.0008767, 0.0004576, 0.0005522, 0.0010329, 0.001221, 0.0008921000000000001, 0.00046090000000000004, 0.0005555, 0.0010362000000000001, 0.0012122, 0.0008822000000000001, 0.0004598, 0.0005489000000000001, 0.0010373000000000001, 0.0012166, 0.0008899, 0.00046090000000000004, 0.0005588, 0.0010285000000000001, 0.0012254, 0.0008932, 0.00046090000000000004, 0.0005401000000000001, 0.001023, 0.0012166, 0.0008855, 0.0004554, 0.0005478, 0.0010285000000000001, 0.0012221, 0.0008954000000000001, 0.000462, 0.0005599, 0.0010351, 0.0012166, 0.0008888, 0.00045210000000000004, 0.0005401000000000001, 0.001023, 0.0012166, 0.0008888, 0.00045650000000000004, 0.00055, 0.0010373000000000001, 0.0012078, 0.00088, 0.000462, 0.000561, 0.0010252, 0.001221, 0.0008943, 0.000462, 0.0005566, 0.0010329, 0.0012166, 0.0008822000000000001, 0.00045430000000000004, 0.0005533000000000001, 0.0010362000000000001, 0.0012188000000000001, 0.0008921000000000001, 0.00046090000000000004, 0.000561, 0.0010285000000000001, 0.0012221, 0.0008866000000000001, 0.0004598, 0.0005533000000000001, 0.0010252, 0.0012188000000000001, 0.0008844, 0.0004576, 0.0005599, 0.0010395, 0.0012166, 0.0008767, 0.000462, 0.0005566, 0.0010296, 0.0012144, 0.0008855, 0.0004642, 0.0005599, 0.0010296, 0.0012199, 0.0008844, 0.0004686, 0.0005511, 0.0010208, 0.0012166, 0.0008932, 0.0004598, 0.0005588, 0.0010406, 0.0012111000000000001, 0.0008833000000000001, 0.00046530000000000003, 0.0005511, 0.0010296, 0.0012243, 0.0008855, 0.00046530000000000003, 0.0005533000000000001, 0.0010296, 0.0012056, 0.0008866000000000001, 0.0004554, 0.0005522, 0.001034, 0.0012122, 0.0008811, 0.00045870000000000004, 0.0005566, 0.0010307, 0.0012155, 0.0008899, 0.0004576, 0.0005511, 0.0010395, 0.0012166, 0.0008888, 0.00045870000000000004, 0.0005632, 0.0010318, 0.0012221, 0.0008921000000000001, 0.0004576, 0.000561, 0.0010329, 0.0012166, 0.0008844, 0.0004576, 0.0005555, 0.0010285000000000001, 0.0012067, 0.0008745000000000001, 0.0004576, 0.0005599, 0.0010307, 0.0012188000000000001, 0.0008921000000000001, 0.000462, 0.0005599, 0.0010307, 0.0012166, 0.0008877000000000001, 0.00046090000000000004, 0.0005555, 0.0010285000000000001, 0.0012199, 0.0008701000000000001, 0.00045650000000000004, 0.0005555, 0.0010461000000000001, 0.0012155, 0.0008811, 0.000462, 0.0005566, 0.0010307, 0.0012276000000000001, 0.0008921000000000001, 0.0004686, 0.0005599, 0.0010373000000000001, 0.0012232, 0.0008745000000000001, 0.0004664, 0.0005588, 0.0010472, 0.0012232, 0.0008910000000000001, 0.00045430000000000004, 0.0005566, 0.0010417, 0.0012133, 0.0008910000000000001, 0.0004664, 0.0005632, 0.0010263, 0.001221, 0.0008822000000000001, 0.0004576, 0.0005599, 0.001034, 0.0012133, 0.0008899, 0.00045650000000000004, 0.0005566, 0.0010351, 0.0012144, 0.0008877000000000001, 0.0004576, 0.0005544, 0.0010296, 0.0012144, 0.0008811, 0.00045210000000000004, 0.0005632, 0.0010318, 0.0012221, 0.0008844, 0.0004554, 0.0005698000000000001, 0.0010285000000000001, 0.0012188000000000001, 0.0008866000000000001, 0.00045430000000000004, 0.0005588, 0.0010439, 0.0012254, 0.0008756, 0.00046530000000000003, 0.0005698000000000001, 0.0010406, 0.0012166, 0.0008954000000000001, 0.0004576, 0.0005599, 0.0010395, 0.0012144, 0.0008899, 0.0004598, 0.0005577000000000001, 0.0010373000000000001, 0.0012089000000000002, 0.0008778000000000001, 0.0004532, 0.0005478, 0.0010274000000000001, 0.0012100000000000001, 0.0008921000000000001, 0.0004576, 0.0005599, 0.0010274000000000001, 0.0012166, 0.0008888, 0.000462, 0.0005577000000000001, 0.0010351, 0.0012232, 0.0008932, 0.00045650000000000004, 0.000572, 0.001034, 0.0012177000000000002, 0.0008811, 0.00045210000000000004, 0.0005599, 0.0010384, 0.0012177000000000002, 0.0008822000000000001, 0.00045430000000000004, 0.00055, 0.0010351, 0.0012144, 0.0008833000000000001, 0.0004598, 0.0005511, 0.0010428, 0.0012254, 0.0008844, 0.0004554, 0.0005621000000000001, 0.0010329, 0.001221, 0.0008866000000000001, 0.000451, 0.0005489000000000001, 0.001034, 0.0012111000000000001, 0.0008745000000000001, 0.00046530000000000003, 0.0005665000000000001, 0.0010428, 0.0012133, 0.0008822000000000001, 0.0004686, 0.0005588, 0.0010417, 0.0012232, 0.0008954000000000001, 0.00045870000000000004, 0.0005577000000000001, 0.0010384, 0.0012188000000000001, 0.0008855, 0.0004488, 0.0005566, 0.0010362000000000001, 0.001221, 0.0008888, 0.00046090000000000004, 0.000561, 0.0010406, 0.0012133, 0.0008855, 0.0004488, 0.0005566, 0.0010439, 0.001221, 0.0008789000000000001, 0.0004642, 0.0005566, 0.0010307, 0.0012034, 0.0008712, 0.0004554, 0.000572, 0.0010373000000000001, 0.0012188000000000001, 0.00088, 0.00046970000000000003, 0.0005555, 0.0010362000000000001, 0.0012144, 0.0008789000000000001, 0.000462, 0.0005676, 0.0010417, 0.0012166, 0.0008976, 0.00045210000000000004, 0.00055, 0.0010373000000000001, 0.0012144, 0.0008712, 0.0004488, 0.0005555, 0.0010241, 0.0012100000000000001, 0.0008822000000000001, 0.0004576, 0.0005632, 0.0010439, 0.0012221, 0.0008866000000000001, 0.00045210000000000004, 0.0005621000000000001, 0.0010362000000000001, 0.0012089000000000002, 0.00088, 0.0004598, 0.0005566, 0.0010329, 0.0012155, 0.0008888, 0.0004554, 0.0005544, 0.0010373000000000001, 0.0012045, 0.0008778000000000001, 0.0004642, 0.0005555, 0.0010428, 0.0012122, 0.0008855, 0.0004576, 0.0005533000000000001, 0.0010395, 0.0012056, 0.0008987, 0.0004598, 0.0005742000000000001, 0.0010516, 0.0012155, 0.0008712, 0.00045430000000000004, 0.0005643, 0.0010428, 0.0012133, 0.0008833000000000001, 0.0004642, 0.0005522, 0.0010362000000000001, 0.0012122, 0.0008778000000000001, 0.00045650000000000004, 0.0005599, 0.0010461000000000001, 0.0012155, 0.0008745000000000001, 0.00044990000000000004, 0.0005555, 0.0010450000000000001, 0.0012166, 0.0008679, 0.0004664, 0.0005698000000000001, 0.0010483, 0.0012133, 0.0008844, 0.0004554, 0.0005621000000000001, 0.0010439, 0.0012122, 0.0008943, 0.0004532, 0.000561, 0.0010373000000000001, 0.0012067, 0.0008899, 0.0004576, 0.0005632, 0.0010450000000000001, 0.0012100000000000001, 0.0008778000000000001, 0.0004488, 0.0005566, 0.0010384, 0.0012133, 0.00088, 0.0004532, 0.0005544, 0.0010296, 0.0012122, 0.0008789000000000001, 0.0004598, 0.0005599, 0.0010428, 0.0012144, 0.0008789000000000001, 0.0004554, 0.0005643, 0.0010285000000000001, 0.0012122, 0.0008767, 0.00044770000000000004, 0.0005621000000000001, 0.0010439, 0.0012221, 0.0008866000000000001, 0.00045430000000000004, 0.0005764, 0.0010307, 0.0012177000000000002, 0.0008745000000000001, 0.0004554, 0.0005632, 0.0010483, 0.0012100000000000001, 0.0008822000000000001, 0.00046090000000000004, 0.0005676, 0.0010505, 0.0012166, 0.0008833000000000001, 0.00046530000000000003, 0.0005522, 0.0010417, 0.0012089000000000002, 0.0008789000000000001, 0.00046310000000000004, 0.0005555, 0.0010450000000000001, 0.0012232, 0.0008778000000000001, 0.00045870000000000004, 0.0005731]",24
60,"[-0.0003597, -0.0002805, -0.0001705, -0.0002145, -0.0003267, -0.0003795, -0.00028490000000000004, -0.00018040000000000002, -0.0002244, -0.0003333, -0.00037400000000000004, -0.00028490000000000004, -0.00018040000000000002, -0.0002189, -0.0003388, -0.00037840000000000004, -0.0002882, -0.00019250000000000002, -0.0002233, -0.0003476, -0.00036740000000000004, -0.0002926, -0.00019030000000000002, -0.0002145, -0.0003553, -0.0003817, -0.00029370000000000004, -0.00018370000000000002, -0.0002222, -0.000341, -0.0003773, -0.0002926, -0.00019580000000000002, -0.0002178, -0.0003388, -0.0003971, -0.00028490000000000004, -0.00018590000000000002, -0.0002321, -0.0003388, -0.00038280000000000003, -0.000297, -0.00019470000000000002, -0.0002266, -0.0003377, -0.0003729, -0.00028930000000000004, -0.00018590000000000002, -0.0002156, -0.0003443, -0.00038060000000000004, -0.0002882, -0.00017710000000000002, -0.0002266, -0.0003355, -0.0003795, -0.00028490000000000004, -0.00018700000000000002, -0.0002277, -0.0003333, -0.0003773, -0.00029150000000000004, -0.00019800000000000002, -0.0002222, -0.0003487, -0.0003883, -0.0002948, -0.00018810000000000002, -0.0002244, -0.0003344, -0.00038060000000000004, -0.0002904, -0.00018810000000000002, -0.0002068, -0.000341, -0.0003861, -0.00028930000000000004, -0.00018480000000000002, -0.0002255, -0.0003421, -0.0003795, -0.00028710000000000004, -0.00018920000000000002, -0.0002255, -0.0003311, -0.0003795, -0.00028710000000000004, -0.00018700000000000002, -0.0002211, -0.0003465, -0.0003861, -0.00028490000000000004, -0.00018370000000000002, -0.0002189, -0.0003487, -0.00037180000000000004, -0.000297, -0.00018150000000000002, -0.0002178, -0.0003498, -0.0003795, -0.00029810000000000004, -0.00019580000000000002, -0.0002189, -0.0003399, -0.00038280000000000003, -0.00029810000000000004, -0.00018810000000000002, -0.0002277, -0.0003498, -0.0003795, -0.00028490000000000004, -0.00018370000000000002, -0.0002233, -0.0003421, -0.0003729, -0.00028710000000000004, -0.00019580000000000002, -0.0002189, -0.0003355, -0.0003861, -0.00029150000000000004, -0.00018810000000000002, -0.00022, -0.0003465, -0.00038280000000000003, -0.0002926, -0.00019910000000000001, -0.0002211, -0.0003443, -0.00037620000000000004, -0.0002838, -0.00020240000000000001, -0.0002233, -0.0003531, -0.00038060000000000004, -0.0002772, -0.00019030000000000002, -0.00022, -0.0003553, -0.0003883, -0.00028710000000000004, -0.00018480000000000002, -0.0002332, -0.0003399, -0.00037840000000000004, -0.00028930000000000004, -0.00019250000000000002, -0.0002178, -0.0003388, -0.00038720000000000003, -0.000286, -0.00018370000000000002, -0.00022, -0.0003377, -0.00038060000000000004, -0.0002904, -0.00018590000000000002, -0.0002189, -0.0003377, -0.00038500000000000003, -0.0002926, -0.00018920000000000002, -0.0002288, -0.0003421, -0.0003839, -0.0002904, -0.00018700000000000002, -0.0002288, -0.0003388, -0.0003707, -0.00029370000000000004, -0.00019030000000000002, -0.0002288, -0.0003421, -0.00038280000000000003, -0.00028930000000000004, -0.00018590000000000002, -0.0002233, -0.0003498, -0.00038060000000000004, -0.00029150000000000004, -0.00018370000000000002, -0.0002233, -0.0003432, -0.0003817, -0.00029370000000000004, -0.00018810000000000002, -0.0002145, -0.00035640000000000004, -0.00037840000000000004, -0.0002794, -0.00019140000000000002, -0.0002354, -0.0003465, -0.0003817, -0.00029150000000000004, -0.00018810000000000002, -0.0002222, -0.0003454, -0.0003817, -0.00029370000000000004, -0.00018040000000000002, -0.0002222, -0.0003531, -0.00038280000000000003, -0.00029150000000000004, -0.00019140000000000002, -0.0002266, -0.0003443, -0.00038500000000000003, -0.0002904, -0.00017710000000000002, -0.0002288, -0.0003399, -0.0003839, -0.0002926, -0.00019030000000000002, -0.0002321, -0.000341, -0.00038500000000000003, -0.0002882, -0.00019250000000000002, -0.0002233, -0.0003443, -0.0003861, -0.0002838, -0.00018590000000000002, -0.0002288, -0.000341, -0.0003817, -0.00029370000000000004, -0.00018920000000000002, -0.0002189, -0.0003476, -0.0003817, -0.00028710000000000004, -0.00018700000000000002, -0.0002255, -0.0003443, -0.00037840000000000004, -0.00029810000000000004, -0.00019250000000000002, -0.0002255, -0.0003432, -0.00037620000000000004, -0.00029590000000000004, -0.00018700000000000002, -0.0002222, -0.0003498, -0.0003883, -0.0002882, -0.00018700000000000002, -0.0002222, -0.0003443, -0.0003795, -0.00028490000000000004, -0.00019250000000000002, -0.0002167, -0.0003399, -0.0003795, -0.00028490000000000004, -0.00018040000000000002, -0.000231, -0.0003476, -0.0003839, -0.00029150000000000004, -0.00018260000000000002, -0.0002178, -0.000352, -0.0003707, -0.0002805, -0.00018810000000000002, -0.0002189, -0.0003454, -0.0003795, -0.00028930000000000004, -0.0001749, -0.0002277, -0.0003443, -0.00038060000000000004, -0.00029150000000000004, -0.00018370000000000002, -0.0002233, -0.0003443, -0.0003773, -0.00028710000000000004, -0.00018920000000000002, -0.0002189, -0.0003421, -0.00037180000000000004, -0.00028930000000000004, -0.00018370000000000002, -0.0002255, -0.0003399, -0.0003751, -0.0002805, -0.00018480000000000002, -0.0002266, -0.0003399, -0.0003817, -0.00028270000000000004, -0.00019470000000000002, -0.0002211, -0.0003443, -0.0003817, -0.000297, -0.00019030000000000002, -0.0002299, -0.0003531, -0.0003905, -0.00028490000000000004, -0.00018810000000000002, -0.0002211, -0.0003465, -0.0003795, -0.0002948, -0.00019360000000000002, -0.0002222, -0.0003421, -0.0003795, -0.000286, -0.00018590000000000002, -0.0002189, -0.0003498, -0.0003817, -0.0002816, -0.00018810000000000002, -0.0002211, -0.000341, -0.0003751, -0.0002882, -0.00019140000000000002, -0.0002266, -0.0003487, -0.00038940000000000003, -0.00029370000000000004, -0.00018370000000000002, -0.0002189, -0.0003476, -0.0003817, -0.000286, -0.00018370000000000002, -0.0002343, -0.0003465, -0.0003839, -0.00028490000000000004, -0.00018920000000000002, -0.0002178, -0.0003487, -0.00038940000000000003, -0.0002805, -0.00018920000000000002, -0.0002244, -0.000341, -0.0003773, -0.00029150000000000004, -0.00019250000000000002, -0.0002178, -0.000352, -0.0003795, -0.000286, -0.00019140000000000002, -0.0002222, -0.0003487, -0.00038060000000000004, -0.0002926, -0.00017820000000000002, -0.0002178, -0.0003487, -0.0003773, -0.0002838, -0.00018480000000000002, -0.0002299, -0.0003344, -0.00038060000000000004, -0.00028270000000000004, -0.00019250000000000002, -0.0002222, -0.0003355, -0.0003707, -0.00028930000000000004, -0.00018260000000000002, -0.0002233, -0.0003454, -0.0003817, -0.00028930000000000004, -0.00019250000000000002, -0.0002189, -0.0003355, -0.00039160000000000003, -0.00029370000000000004, -0.00018920000000000002, -0.0002332, -0.0003487, -0.0003883, -0.0002838, -0.00018920000000000002, -0.0002244, -0.000352, -0.0003729, -0.000286, -0.00018480000000000002, -0.0002101, -0.000341, -0.00037400000000000004, -0.0002926, -0.00018370000000000002, -0.0002255, -0.0003432, -0.0003795, -0.0002904, -0.00019690000000000002, -0.000231, -0.0003465, -0.0003927, -0.0002783, -0.00018590000000000002, -0.0002277, -0.0003388, -0.0003707, -0.00028490000000000004, -0.00018810000000000002, -0.0002288, -0.00035640000000000004, -0.0003839, -0.000286, -0.00018370000000000002, -0.00022, -0.0003432, -0.00038500000000000003, -0.00028930000000000004, -0.00019360000000000002, -0.0002211, -0.00035420000000000004, -0.00038280000000000003, -0.0002882, -0.00018040000000000002, -0.0002277, -0.0003465, -0.00037180000000000004, -0.00029150000000000004, -0.00018480000000000002, -0.0002189, -0.0003388, -0.0003817, -0.0002904, -0.00018590000000000002, -0.0002244, -0.0003465, -0.00037840000000000004, -0.00028490000000000004, -0.0001749, -0.0002222, -0.0003476, -0.0003685, -0.00029370000000000004, -0.00018480000000000002, -0.0002288, -0.0003421, -0.00037840000000000004, -0.0002882, -0.00018590000000000002, -0.0002145, -0.0003498, -0.00037180000000000004, -0.00029810000000000004, -0.00019140000000000002, -0.0002211, -0.000341, -0.00038720000000000003, -0.00029590000000000004, -0.00018590000000000002, -0.0002244, -0.0003454, -0.0003883, -0.00029150000000000004, -0.00018260000000000002, -0.0002178, -0.0003421, -0.0003707, -0.0002882, -0.00019250000000000002, -0.0002145, -0.0003432, -0.00037840000000000004, -0.00029150000000000004, -0.00018810000000000002, -0.0002255, -0.0003476, -0.00038060000000000004, -0.0002948, -0.00018480000000000002, -0.0002244, -0.0003399, -0.00037400000000000004, -0.00029150000000000004, -0.00018810000000000002, -0.0002266, -0.0003476]","[-0.0002343, -0.00020130000000000001, -0.0001496, -0.0001397, -0.0002079, -0.0002442, -0.0002068, -0.0001584, -0.0001485, -0.0002123, -0.000242, -0.0002123, -0.0001551, -0.0001518, -0.0002123, -0.0002376, -0.0002079, -0.0001529, -0.0001518, -0.0002145, -0.0002398, -0.0002101, -0.0001551, -0.0001474, -0.000209, -0.0002321, -0.0002068, -0.0001529, -0.0001474, -0.0002189, -0.0002464, -0.0002035, -0.000154, -0.0001496, -0.0002178, -0.0002442, -0.0002068, -0.0001485, -0.0001617, -0.0002079, -0.0002376, -0.0002101, -0.0001474, -0.0001408, -0.0002079, -0.0002431, -0.0002046, -0.0001507, -0.0001628, -0.0002134, -0.0002299, -0.0002068, -0.0001573, -0.0001573, -0.0002079, -0.0002409, -0.000209, -0.0001595, -0.0001595, -0.0002057, -0.000242, -0.0002101, -0.0001573, -0.000143, -0.0002156, -0.0002343, -0.0002057, -0.0001562, -0.0001551, -0.00020240000000000001, -0.0002409, -0.0002178, -0.0001606, -0.000143, -0.0002134, -0.0002376, -0.0002046, -0.0001617, -0.000143, -0.0002068, -0.0002398, -0.0002046, -0.000154, -0.0001551, -0.0002079, -0.0002387, -0.0002046, -0.0001507, -0.0001452, -0.0002057, -0.0002321, -0.0002079, -0.000154, -0.0001562, -0.0002079, -0.000231, -0.0002134, -0.0001584, -0.0001573, -0.000209, -0.0002431, -0.000209, -0.0001617, -0.0001573, -0.0002079, -0.0002486, -0.000209, -0.0001397, -0.0001584, -0.0002035, -0.0002387, -0.0002057, -0.0001562, -0.0001485, -0.0002156, -0.0002409, -0.0002112, -0.000154, -0.0001617, -0.000209, -0.000242, -0.0002079, -0.0001485, -0.0001617, -0.0002112, -0.0002409, -0.0002035, -0.000154, -0.0001507, -0.00020020000000000001, -0.0002387, -0.0002068, -0.0001463, -0.0001496, -0.0002057, -0.0002464, -0.0002046, -0.0001562, -0.000154, -0.0002046, -0.0002475, -0.0002156, -0.0001507, -0.0001595, -0.0002123, -0.0002321, -0.0002068, -0.0001562, -0.0001584, -0.0002134, -0.0002398, -0.000209, -0.0001529, -0.0001628, -0.000209, -0.0002365, -0.000209, -0.0001529, -0.0001551, -0.0002046, -0.0002398, -0.0002057, -0.0001463, -0.0001584, -0.00019910000000000001, -0.0002453, -0.0002057, -0.0001331, -0.0001518, -0.0002167, -0.0002486, -0.0002079, -0.0001584, -0.0001496, -0.0002057, -0.0002464, -0.0002123, -0.0001595, -0.0001518, -0.0002167, -0.0002453, -0.00019910000000000001, -0.0001529, -0.0001518, -0.0002057, -0.0002442, -0.00020130000000000001, -0.0001595, -0.0001639, -0.0002145, -0.0002486, -0.0002046, -0.0001485, -0.0001573, -0.000209, -0.0002398, -0.0002057, -0.0001529, -0.0001595, -0.0002079, -0.000242, -0.0002057, -0.0001529, -0.0001518, -0.0002211, -0.0002387, -0.0002189, -0.0001507, -0.000143, -0.00022, -0.0002442, -0.0002101, -0.0001595, -0.0001485, -0.00019910000000000001, -0.0002442, -0.0002068, -0.000154, -0.000154, -0.0002134, -0.0002299, -0.0002057, -0.0001628, -0.0001507, -0.0002079, -0.0002321, -0.0002079, -0.0001408, -0.0001441, -0.0002134, -0.0002475, -0.0002057, -0.0001496, -0.0001551, -0.0002079, -0.0002464, -0.0002134, -0.0001518, -0.0001529, -0.0002079, -0.0002398, -0.00020130000000000001, -0.0001518, -0.0001573, -0.0002068, -0.0002486, -0.00019910000000000001, -0.0001562, -0.0001518, -0.00020130000000000001, -0.000242, -0.00020240000000000001, -0.0001485, -0.0001485, -0.0002156, -0.000242, -0.0002035, -0.0001518, -0.0001551, -0.0002189, -0.0002431, -0.00019690000000000002, -0.0001496, -0.000154, -0.0002068, -0.0002431, -0.0002068, -0.0001584, -0.0001551, -0.0002134, -0.000242, -0.0002134, -0.0001518, -0.0001507, -0.0002112, -0.0002332, -0.0002057, -0.0001529, -0.0001606, -0.0002123, -0.0002365, -0.0002134, -0.0001551, -0.0001485, -0.0002123, -0.0002365, -0.00019910000000000001, -0.0001617, -0.000154, -0.000209, -0.0002453, -0.0002068, -0.0001485, -0.0001485, -0.0002046, -0.0002398, -0.000209, -0.0001452, -0.0001562, -0.00020240000000000001, -0.0002508, -0.0002079, -0.0001496, -0.0001606, -0.0002068, -0.0002409, -0.0002057, -0.000154, -0.0001584, -0.0002189, -0.0002387, -0.0002068, -0.0001496, -0.0001562, -0.0002035, -0.000242, -0.00020130000000000001, -0.0001474, -0.0001617, -0.0002167, -0.0002431, -0.0002057, -0.0001474, -0.0001584, -0.0002134, -0.0002387, -0.0002068, -0.0001584, -0.0001551, -0.00022, -0.000242, -0.0002057, -0.0001595, -0.0001573, -0.0002079, -0.0002365, -0.0002123, -0.000154, -0.0001518, -0.0002134, -0.0002453, -0.0002112, -0.0001584, -0.0001639, -0.0002057, -0.0002442, -0.0002189, -0.0001573, -0.0001529, -0.00022, -0.0002431, -0.0002068, -0.0001595, -0.000154, -0.0002068, -0.000242, -0.0002112, -0.0001529, -0.0001529, -0.0002167, -0.0002475, -0.0002123, -0.0001463, -0.0001606, -0.00020020000000000001, -0.0002376, -0.0002112, -0.0001573, -0.000154, -0.0002178, -0.0002475, -0.0002068, -0.0001397, -0.0001628, -0.00022, -0.0002541, -0.00020240000000000001, -0.0001474, -0.000154, -0.0002112, -0.0002464, -0.0002068, -0.0001441, -0.0001529, -0.0002035, -0.000242, -0.0002145, -0.0001452, -0.0001595, -0.0002145, -0.0002354, -0.00020240000000000001, -0.0001452, -0.0001496, -0.0002101, -0.0002486, -0.0002156, -0.0001529, -0.0001595, -0.0002211, -0.0002398, -0.0002112, -0.0001507, -0.0001595, -0.0002189, -0.000231, -0.00019910000000000001, -0.0001518, -0.0001507, -0.00022, -0.0002354, -0.0002112, -0.000154, -0.0001595, -0.0002189, -0.000242, -0.0002112, -0.0001518, -0.0001529, -0.0002123, -0.0002409, -0.0002123, -0.0001551, -0.0001551, -0.000209, -0.000242, -0.0002134, -0.0001507, -0.0001606, -0.0002079, -0.0002475, -0.00019360000000000002, -0.0001408, -0.0001441, -0.0002101, -0.0002376, -0.0002112, -0.0001463, -0.0001573, -0.000209, -0.0002453, -0.0002145, -0.0001441, -0.0001617, -0.0002189, -0.0002475, -0.00020130000000000001, -0.0001507, -0.0001529, -0.0002068, -0.0002376, -0.0002057, -0.0001474, -0.0001562, -0.0002057, -0.000231, -0.000209, -0.0001518, -0.0001529, -0.0002046, -0.0002431, -0.00020130000000000001, -0.0001529, -0.0001507, -0.0002134, -0.0002376, -0.0002068, -0.0001529, -0.000165, -0.0002057, -0.0002343, -0.0002057, -0.0001551, -0.0001573, -0.000209, -0.0002343, -0.0002057, -0.000165, -0.0001518, -0.000209, -0.0002365, -0.0002112, -0.0001463, -0.000154, -0.0002156, -0.0002354, -0.0002123, -0.0001529, -0.0001562, -0.0002178, -0.0002442, -0.0002068, -0.0001595, -0.0001496, -0.0002189, -0.0002486, -0.0002145, -0.0001496, -0.0001408, -0.00022]","[0.0012232, 0.0008712, 0.0004598, 0.0005742000000000001, 0.0010637, 0.0012331, 0.0008767, 0.00045430000000000004, 0.0005830000000000001, 0.0010593, 0.0012298, 0.0008855, 0.0004598, 0.0005896, 0.0010824, 0.0012507, 0.0008932, 0.00046970000000000003, 0.0005830000000000001, 0.0010835, 0.0012485, 0.0008778000000000001, 0.00046090000000000004, 0.0005896, 0.0010747, 0.0012441000000000002, 0.0008910000000000001, 0.0004642, 0.0005973, 0.0010703000000000002, 0.0012551, 0.0008954000000000001, 0.0004642, 0.0005874000000000001, 0.0010802000000000001, 0.0012474, 0.0008976, 0.00046310000000000004, 0.0005786000000000001, 0.0010846, 0.0012419, 0.0008888, 0.0004686, 0.0005896, 0.0010681, 0.0012397, 0.0008954000000000001, 0.00046090000000000004, 0.0005852, 0.0010714000000000001, 0.0012496, 0.0008954000000000001, 0.00046750000000000003, 0.0005874000000000001, 0.0010769, 0.0012474, 0.0008844, 0.0004664, 0.0005896, 0.0010791000000000002, 0.0012518, 0.000902, 0.00046750000000000003, 0.0005852, 0.0010802000000000001, 0.0012518, 0.0008899, 0.00047410000000000003, 0.0005852, 0.0010758, 0.0012419, 0.0008943, 0.0004796, 0.0005885, 0.0010835, 0.0012386, 0.0008866000000000001, 0.00047410000000000003, 0.0005896, 0.0010681, 0.0012375, 0.0008822000000000001, 0.0004686, 0.0005819, 0.0010857, 0.0012452000000000001, 0.0008811, 0.00046310000000000004, 0.0005951, 0.001078, 0.0012331, 0.0008866000000000001, 0.00046090000000000004, 0.0005830000000000001, 0.0010846, 0.0012463, 0.0008866000000000001, 0.0004774, 0.0005808, 0.0010813, 0.0012485, 0.0008789000000000001, 0.00046310000000000004, 0.0005841, 0.0010901, 0.0012485, 0.000902, 0.0004708, 0.0005874000000000001, 0.0010747, 0.001243, 0.0008811, 0.0004686, 0.000594, 0.0010868, 0.0012397, 0.0008921000000000001, 0.00046090000000000004, 0.0006028, 0.0010725, 0.0012463, 0.0008855, 0.00047190000000000003, 0.000594, 0.0010824, 0.0012474, 0.0008921000000000001, 0.0004774, 0.0005962000000000001, 0.0010747, 0.0012408, 0.0008833000000000001, 0.00046750000000000003, 0.0005973, 0.0010846, 0.001243, 0.0008888, 0.000462, 0.0005874000000000001, 0.0010714000000000001, 0.0012397, 0.0008822000000000001, 0.00046750000000000003, 0.0005918000000000001, 0.0010769, 0.0012386, 0.00088, 0.00046750000000000003, 0.0005797, 0.001078, 0.0012485, 0.0008888, 0.000462, 0.0005852, 0.0010824, 0.0012441000000000002, 0.0008932, 0.00046750000000000003, 0.0005984, 0.0010824, 0.0012485, 0.0008866000000000001, 0.0004664, 0.0005896, 0.0010758, 0.0012474, 0.0008954000000000001, 0.0004686, 0.0005951, 0.0010714000000000001, 0.0012551, 0.0008778000000000001, 0.0004686, 0.0005918000000000001, 0.0010736, 0.0012452000000000001, 0.0008877000000000001, 0.0004774, 0.000594, 0.0010714000000000001, 0.0012485, 0.0008866000000000001, 0.00047190000000000003, 0.0005841, 0.0010857, 0.0012375, 0.0008822000000000001, 0.00045870000000000004, 0.0005918000000000001, 0.0010835, 0.0012397, 0.0008866000000000001, 0.00046970000000000003, 0.0005918000000000001, 0.0010857, 0.0012441000000000002, 0.0008789000000000001, 0.0004664, 0.0005929, 0.0010846, 0.0012386, 0.0008888, 0.00046310000000000004, 0.0005984, 0.0010747, 0.0012441000000000002, 0.0008921000000000001, 0.00046310000000000004, 0.0005907, 0.0010802000000000001, 0.0012529000000000002, 0.0008899, 0.0004686, 0.0005907, 0.0010758, 0.001243, 0.0008932, 0.000473, 0.0005852, 0.0010868, 0.0012364000000000001, 0.0008866000000000001, 0.0004576, 0.0005929, 0.0010846, 0.0012419, 0.0008910000000000001, 0.00046310000000000004, 0.0005951, 0.0010802000000000001, 0.0012562, 0.0008932, 0.0004686, 0.0005852, 0.0010758, 0.0012397, 0.0008921000000000001, 0.0004598, 0.0005885, 0.0010901, 0.0012485, 0.0008822000000000001, 0.00046310000000000004, 0.0005907, 0.0010824, 0.0012529000000000002, 0.0008954000000000001, 0.00046310000000000004, 0.0005896, 0.0010879000000000002, 0.0012419, 0.0008987, 0.0004598, 0.0005973, 0.0010769, 0.0012397, 0.0008855, 0.0004686, 0.0005907, 0.0010824, 0.0012408, 0.0008712, 0.00046090000000000004, 0.0005907, 0.0010802000000000001, 0.0012441000000000002, 0.0008976, 0.000462, 0.0005808, 0.0010791000000000002, 0.0012386, 0.0008822000000000001, 0.00047190000000000003, 0.0006006000000000001, 0.0010824, 0.0012540000000000001, 0.0008943, 0.00046750000000000003, 0.0006028, 0.0010857, 0.0012485, 0.0008877000000000001, 0.00046090000000000004, 0.0005896, 0.0010725, 0.0012452000000000001, 0.0008778000000000001, 0.00046310000000000004, 0.0005863, 0.0010769, 0.0012386, 0.0008789000000000001, 0.0004686, 0.0005885, 0.0010802000000000001, 0.0012441000000000002, 0.0008833000000000001, 0.0004642, 0.0005896, 0.0010835, 0.0012397, 0.0008822000000000001, 0.00046310000000000004, 0.0005907, 0.0010824, 0.0012518, 0.0008888, 0.0004708, 0.0006017, 0.0010747, 0.0012474, 0.0008833000000000001, 0.0004642, 0.0005951, 0.0010813, 0.0012474, 0.0008921000000000001, 0.00045870000000000004, 0.0005995, 0.0010758, 0.0012386, 0.0008943, 0.000462, 0.0006028, 0.0010813, 0.0012408, 0.00088, 0.00046530000000000003, 0.0005863, 0.0010703000000000002, 0.0012441000000000002, 0.0008899, 0.00046530000000000003, 0.0005929, 0.0010824, 0.0012419, 0.0008866000000000001, 0.00046970000000000003, 0.0005951, 0.0010714000000000001, 0.0012386, 0.0008833000000000001, 0.0004774, 0.0005962000000000001, 0.0010824, 0.0012452000000000001, 0.0008844, 0.00046970000000000003, 0.0005907, 0.0010791000000000002, 0.0012485, 0.0008899, 0.00045870000000000004, 0.0005874000000000001, 0.0010703000000000002, 0.0012452000000000001, 0.0008866000000000001, 0.00046090000000000004, 0.0005874000000000001, 0.0010769, 0.0012353000000000002, 0.00088, 0.0004642, 0.0005929, 0.0010868, 0.0012485, 0.00088, 0.00045870000000000004, 0.0005885, 0.0010769, 0.0012452000000000001, 0.0008811, 0.00047410000000000003, 0.0005962000000000001, 0.0010802000000000001, 0.0012441000000000002, 0.0008811, 0.0004708, 0.0005863, 0.0010703000000000002, 0.0012452000000000001, 0.0008811, 0.0004554, 0.0005929, 0.0010813, 0.0012452000000000001, 0.0008734000000000001, 0.0004532, 0.0005830000000000001, 0.0010868, 0.001243, 0.0008888, 0.0004686, 0.0006039, 0.0010901, 0.001243, 0.0008910000000000001, 0.0004576, 0.0005929, 0.0010824, 0.0012375, 0.0008844, 0.0004532, 0.0006006000000000001, 0.0010769, 0.0012485, 0.0008789000000000001, 0.00046090000000000004, 0.000594, 0.0010791000000000002, 0.0012375, 0.0008822000000000001, 0.00046970000000000003, 0.0005885, 0.0010901, 0.0012419, 0.0008921000000000001, 0.00045870000000000004, 0.000594, 0.0010846, 0.0012496, 0.0008789000000000001, 0.00046090000000000004, 0.0005962000000000001, 0.0010912, 0.0012463, 0.0008778000000000001, 0.0004664, 0.0005929, 0.0010791000000000002, 0.0012441000000000002, 0.0008811, 0.00045870000000000004, 0.000594, 0.0010868, 0.001243, 0.0008866000000000001, 0.0004686, 0.0005929, 0.0010813, 0.0012452000000000001, 0.0008833000000000001, 0.00046310000000000004, 0.0005973, 0.0010846, 0.001243, 0.0008811, 0.000462, 0.0005962000000000001, 0.0010879000000000002, 0.0012441000000000002, 0.0008712, 0.00046750000000000003, 0.0005951, 0.001078, 0.0012364000000000001, 0.0008756, 0.00046090000000000004, 0.000594, 0.0010890000000000001, 0.001232, 0.0008789000000000001, 0.00044770000000000004, 0.0005852, 0.0010813, 0.0012474, 0.0008811, 0.0004576, 0.0005819, 0.0010813, 0.0012485, 0.0008811, 0.00046310000000000004, 0.000594, 0.001078, 0.0012441000000000002, 0.0008833000000000001, 0.0004664, 0.0005973, 0.0010846, 0.001243, 0.0008921000000000001, 0.00046090000000000004, 0.0005962000000000001, 0.0010802000000000001, 0.001243, 0.0008767, 0.00044990000000000004, 0.0005995, 0.0010813, 0.0012463, 0.0008734000000000001, 0.0004664, 0.0005995, 0.0010824, 0.001243, 0.0008778000000000001, 0.0004598, 0.0005995, 0.0010923]",25
61,"[-0.0003465, -0.0003751, -0.000286, -0.00019140000000000002, -0.0002266, -0.00035420000000000004, -0.0003817, -0.0002992, -0.00018920000000000002, -0.0002277, -0.00036300000000000004, -0.00039160000000000003, -0.0002948, -0.00018920000000000002, -0.0002387, -0.00036080000000000004, -0.00039820000000000003, -0.00029150000000000004, -0.00019470000000000002, -0.0002376, -0.0003707, -0.0003927, -0.00029590000000000004, -0.00019910000000000001, -0.0002299, -0.00036300000000000004, -0.0003971, -0.00029370000000000004, -0.00019910000000000001, -0.0002398, -0.00036080000000000004, -0.00039600000000000003, -0.0002992, -0.00018260000000000002, -0.0002409, -0.00036080000000000004, -0.0003883, -0.00030470000000000003, -0.00018480000000000002, -0.0002365, -0.0003619, -0.00039160000000000003, -0.00030250000000000003, -0.00019360000000000002, -0.0002332, -0.00036520000000000004, -0.0004015, -0.000297, -0.00018700000000000002, -0.0002541, -0.0003685, -0.0004015, -0.0002948, -0.00020240000000000001, -0.0002354, -0.0003619, -0.0003949, -0.0002948, -0.00019470000000000002, -0.0002409, -0.00036520000000000004, -0.0003839, -0.00029810000000000004, -0.00019360000000000002, -0.000231, -0.00036080000000000004, -0.00039160000000000003, -0.0003036, -0.00018920000000000002, -0.0002343, -0.0003619, -0.00039820000000000003, -0.00030030000000000004, -0.000209, -0.0002376, -0.00036960000000000004, -0.0003927, -0.0002992, -0.00019250000000000002, -0.0002343, -0.0003685, -0.0003905, -0.0003036, -0.00018920000000000002, -0.0002332, -0.00036960000000000004, -0.0003971, -0.00030250000000000003, -0.00018700000000000002, -0.0002321, -0.0003619, -0.0003927, -0.0002904, -0.00019470000000000002, -0.0002321, -0.00036080000000000004, -0.00039600000000000003, -0.00029590000000000004, -0.00020020000000000001, -0.0002332, -0.00036740000000000004, -0.0003905, -0.00029810000000000004, -0.0002046, -0.0002398, -0.00036520000000000004, -0.0003949, -0.00029590000000000004, -0.00019360000000000002, -0.0002321, -0.00036740000000000004, -0.0003949, -0.00029370000000000004, -0.00019690000000000002, -0.0002409, -0.000352, -0.0003927, -0.0002992, -0.00019690000000000002, -0.0002442, -0.00036740000000000004, -0.00040480000000000003, -0.0002948, -0.00018700000000000002, -0.0002321, -0.0003619, -0.00039820000000000003, -0.00029810000000000004, -0.00019470000000000002, -0.0002354, -0.00036080000000000004, -0.00040040000000000003, -0.0003036, -0.00019140000000000002, -0.0002365, -0.0003575, -0.0004059, -0.00029810000000000004, -0.00019030000000000002, -0.0002398, -0.0003531, -0.00039820000000000003, -0.000297, -0.00018810000000000002, -0.0002354, -0.0003619, -0.0004092, -0.0002992, -0.00020020000000000001, -0.0002354, -0.0003663, -0.0004081, -0.0002904, -0.00019360000000000002, -0.0002321, -0.0003619, -0.00039600000000000003, -0.0003036, -0.00019140000000000002, -0.000231, -0.0003663, -0.0003993, -0.00029810000000000004, -0.00019360000000000002, -0.0002332, -0.00037400000000000004, -0.00040260000000000003, -0.0002948, -0.00019250000000000002, -0.0002409, -0.0003707, -0.0004037, -0.00028490000000000004, -0.00018810000000000002, -0.0002387, -0.0003597, -0.00039160000000000003, -0.0002926, -0.00019140000000000002, -0.0002376, -0.00036300000000000004, -0.0004015, -0.00029810000000000004, -0.00018810000000000002, -0.0002376, -0.0003619, -0.0003993, -0.00029370000000000004, -0.00019470000000000002, -0.0002453, -0.0003619, -0.0003883, -0.0003014, -0.00019690000000000002, -0.0002442, -0.00036520000000000004, -0.00040480000000000003, -0.0002904, -0.00019140000000000002, -0.0002376, -0.0003597, -0.0003993, -0.0002926, -0.00019140000000000002, -0.000231, -0.00036080000000000004, -0.00039820000000000003, -0.00029810000000000004, -0.00019690000000000002, -0.0002431, -0.00036740000000000004, -0.00039160000000000003, -0.00029370000000000004, -0.00019250000000000002, -0.0002299, -0.00036520000000000004, -0.00039600000000000003, -0.00029590000000000004, -0.00019690000000000002, -0.0002398, -0.0003663, -0.0003927, -0.0002882, -0.00019800000000000002, -0.0002398, -0.00036520000000000004, -0.0003993, -0.0002948, -0.00018590000000000002, -0.0002321, -0.0003641, -0.00038280000000000003, -0.00029370000000000004, -0.00019580000000000002, -0.0002376, -0.00036520000000000004, -0.0004015, -0.000308, -0.00019470000000000002, -0.0002409, -0.00035640000000000004, -0.00040040000000000003, -0.000297, -0.00020130000000000001, -0.0002519, -0.00036520000000000004, -0.0003927, -0.0002904, -0.00019360000000000002, -0.0002387, -0.00035860000000000004, -0.00040260000000000003, -0.000297, -0.00019580000000000002, -0.0002365, -0.00035860000000000004, -0.00038720000000000003, -0.00030470000000000003, -0.00019030000000000002, -0.0002354, -0.00036300000000000004, -0.00040260000000000003, -0.00030470000000000003, -0.00019580000000000002, -0.0002321, -0.00035860000000000004, -0.0003993, -0.0002926, -0.00019580000000000002, -0.000242, -0.00037620000000000004, -0.00039160000000000003, -0.00030030000000000004, -0.00018920000000000002, -0.0002376, -0.0003685, -0.0003949, -0.0002992, -0.00018920000000000002, -0.0002343, -0.0003575, -0.00040260000000000003, -0.0002992, -0.00019580000000000002, -0.0002299, -0.0003729, -0.00039820000000000003, -0.0002948, -0.00019800000000000002, -0.0002387, -0.00036960000000000004, -0.00039820000000000003, -0.0003014, -0.0002046, -0.0002376, -0.0003751, -0.0004015, -0.0002948, -0.00018480000000000002, -0.0002398, -0.0003685, -0.0003949, -0.0003036, -0.00018480000000000002, -0.0002464, -0.00036960000000000004, -0.00039380000000000003, -0.00029590000000000004, -0.00019250000000000002, -0.0002255, -0.0003641, -0.0003993, -0.00030690000000000003, -0.00019030000000000002, -0.0002409, -0.0003619, -0.0003817, -0.00029150000000000004, -0.00019360000000000002, -0.0002365, -0.00036740000000000004, -0.00039160000000000003, -0.00028710000000000004, -0.0001749, -0.0002332, -0.00036520000000000004, -0.0003971, -0.00029590000000000004, -0.00019910000000000001, -0.0002354, -0.00036520000000000004, -0.0003993, -0.00029590000000000004, -0.00018370000000000002, -0.000231, -0.0003663, -0.00039160000000000003, -0.0003014, -0.00018370000000000002, -0.0002321, -0.0003619, -0.00039600000000000003, -0.00029810000000000004, -0.00019800000000000002, -0.0002277, -0.0003619, -0.00039160000000000003, -0.0002904, -0.00018370000000000002, -0.0002288, -0.00035860000000000004, -0.00039160000000000003, -0.0002882, -0.00019690000000000002, -0.0002343, -0.0003663, -0.00039160000000000003, -0.00029810000000000004, -0.00019580000000000002, -0.0002376, -0.0003685, -0.00039600000000000003, -0.0002882, -0.00019250000000000002, -0.0002321, -0.0003619, -0.00040040000000000003, -0.0002926, -0.00019470000000000002, -0.0002365, -0.0003619, -0.0003927, -0.0002992, -0.00019360000000000002, -0.0002343, -0.0003619, -0.0003949, -0.000297, -0.00019470000000000002, -0.0002332, -0.0003685, -0.0003905, -0.00030030000000000004, -0.00019250000000000002, -0.0002431, -0.0003685, -0.00038720000000000003, -0.0003036, -0.00018700000000000002, -0.0002365, -0.0003641, -0.0003971, -0.00029590000000000004, -0.00019140000000000002, -0.0002376, -0.0003641, -0.0004015, -0.00029150000000000004, -0.00019140000000000002, -0.0002354, -0.00036740000000000004, -0.00039820000000000003, -0.0003102, -0.00019360000000000002, -0.0002508, -0.00035860000000000004, -0.0003971, -0.00029590000000000004, -0.00019030000000000002, -0.0002354, -0.0003685, -0.00040260000000000003, -0.00028710000000000004, -0.00018700000000000002, -0.0002332, -0.00036740000000000004, -0.0003949, -0.0002926, -0.00020130000000000001, -0.000231, -0.0003663, -0.00039820000000000003, -0.00029370000000000004, -0.00018370000000000002, -0.0002442, -0.0003575, -0.0004015, -0.00030030000000000004, -0.00020020000000000001, -0.0002398, -0.00035420000000000004, -0.00039600000000000003, -0.00030250000000000003, -0.00019580000000000002, -0.0002354, -0.00036300000000000004, -0.0003993, -0.00029370000000000004, -0.00019580000000000002, -0.0002431, -0.00035640000000000004, -0.0003927, -0.00030470000000000003, -0.00019030000000000002, -0.0002376, -0.0003663, -0.0004015, -0.0003014, -0.00019690000000000002, -0.0002442, -0.00036300000000000004, -0.00039380000000000003, -0.00030030000000000004, -0.00019030000000000002, -0.0002464, -0.00036080000000000004, -0.00039380000000000003, -0.00028930000000000004, -0.00018920000000000002, -0.0002332, -0.0003685, -0.00039820000000000003, -0.0002926, -0.00019140000000000002, -0.0002398, -0.0003663, -0.0003905, -0.00029370000000000004, -0.00019800000000000002, -0.0002409, -0.00037180000000000004, -0.00039380000000000003, -0.0002904, -0.00018920000000000002, -0.0002277, -0.00036960000000000004, -0.0003993, -0.00029370000000000004, -0.00019360000000000002, -0.000231, -0.0003707, -0.00039600000000000003, -0.0002948, -0.00018150000000000002, -0.0002376, -0.00036080000000000004, -0.00039160000000000003, -0.00029590000000000004, -0.00018370000000000002, -0.0002409, -0.0003641, -0.00039600000000000003, -0.0002904, -0.00019140000000000002, -0.0002354, -0.00037620000000000004, -0.00039820000000000003, -0.0002904, -0.00019470000000000002, -0.0002365]","[-0.0002079, -0.0002475, -0.0002079, -0.0001606, -0.0001562, -0.0002145, -0.0002387, -0.0002134, -0.0001441, -0.0001606, -0.0002079, -0.0002442, -0.00020130000000000001, -0.0001529, -0.0001551, -0.0002101, -0.0002387, -0.0002123, -0.0001507, -0.0001584, -0.0002156, -0.0002409, -0.00022, -0.0001584, -0.0001573, -0.0002277, -0.0002508, -0.0002046, -0.0001419, -0.0001518, -0.0002123, -0.0002354, -0.0002178, -0.0001485, -0.0001573, -0.0002145, -0.0002464, -0.000209, -0.000154, -0.0001529, -0.0002112, -0.0002398, -0.0002046, -0.0001485, -0.0001606, -0.0002145, -0.0002442, -0.0002035, -0.0001463, -0.0001573, -0.0002178, -0.0002453, -0.0002035, -0.0001551, -0.0001639, -0.0002123, -0.0002387, -0.00020240000000000001, -0.0001485, -0.0001562, -0.0002156, -0.000242, -0.00020020000000000001, -0.0001485, -0.0001584, -0.0002222, -0.0002475, -0.0002134, -0.0001551, -0.0001562, -0.000209, -0.0002453, -0.0002035, -0.0001496, -0.0001595, -0.0002255, -0.0002431, -0.000209, -0.000154, -0.0001595, -0.0002112, -0.0002475, -0.0002101, -0.0001518, -0.0001485, -0.0002167, -0.0002475, -0.000209, -0.0001518, -0.0001672, -0.0002123, -0.0002453, -0.0002134, -0.0001518, -0.0001628, -0.0002079, -0.0002453, -0.0002134, -0.0001606, -0.0001573, -0.0002222, -0.0002387, -0.0002112, -0.0001584, -0.000154, -0.0002112, -0.0002508, -0.0002112, -0.0001496, -0.0001672, -0.0002156, -0.0002387, -0.0002123, -0.0001518, -0.0001562, -0.0002156, -0.0002541, -0.00019580000000000002, -0.0001584, -0.0001562, -0.0002222, -0.0002464, -0.0002101, -0.0001518, -0.0001529, -0.0002189, -0.0002343, -0.00019690000000000002, -0.0001441, -0.0001595, -0.0002112, -0.0002497, -0.0002057, -0.0001397, -0.0001573, -0.0002178, -0.000242, -0.0002145, -0.0001529, -0.0001661, -0.0002189, -0.0002376, -0.00019580000000000002, -0.0001529, -0.0001551, -0.0002189, -0.0002431, -0.0002057, -0.0001474, -0.0001518, -0.0002134, -0.0002431, -0.0002101, -0.0001551, -0.0001672, -0.0002079, -0.0002398, -0.00020020000000000001, -0.0001529, -0.0001595, -0.0002156, -0.0002387, -0.000209, -0.0001518, -0.0001661, -0.0002101, -0.0002387, -0.00020240000000000001, -0.0001551, -0.0001551, -0.0002101, -0.000242, -0.0002079, -0.0001496, -0.000154, -0.0002156, -0.0002453, -0.00019470000000000002, -0.0001507, -0.0001595, -0.0002167, -0.0002442, -0.0002123, -0.0001496, -0.0001617, -0.0002112, -0.0002453, -0.00020020000000000001, -0.0001452, -0.0001617, -0.0002156, -0.0002486, -0.0002178, -0.0001518, -0.000154, -0.0002156, -0.0002519, -0.000209, -0.0001507, -0.0001584, -0.0002145, -0.0002486, -0.0002101, -0.0001452, -0.000165, -0.0002156, -0.0002497, -0.00020130000000000001, -0.0001518, -0.0001606, -0.0002123, -0.0002508, -0.0002057, -0.0001507, -0.0001518, -0.0002178, -0.0002453, -0.0002057, -0.0001518, -0.0001529, -0.0002112, -0.000242, -0.0002156, -0.0001474, -0.0001628, -0.0002222, -0.000242, -0.0002123, -0.0001595, -0.0001617, -0.0002299, -0.0002464, -0.0002046, -0.0001529, -0.0001584, -0.0002156, -0.0002431, -0.00020130000000000001, -0.0001529, -0.0001628, -0.0002167, -0.0002453, -0.000209, -0.0001507, -0.0001595, -0.0002101, -0.0002519, -0.0002123, -0.0001507, -0.0001639, -0.0002101, -0.0002464, -0.0002145, -0.0001485, -0.0001507, -0.0002068, -0.0002376, -0.00019470000000000002, -0.0001573, -0.000154, -0.0002068, -0.0002398, -0.0002079, -0.000143, -0.000154, -0.0002167, -0.0002409, -0.0002189, -0.0001408, -0.0001573, -0.0002134, -0.0002431, -0.0002145, -0.0001595, -0.0001474, -0.0002101, -0.0002453, -0.000209, -0.0001551, -0.0001518, -0.0002057, -0.0002365, -0.00020130000000000001, -0.0001562, -0.0001529, -0.00022, -0.0002486, -0.0002123, -0.000154, -0.0001518, -0.0002134, -0.0002354, -0.000209, -0.0001496, -0.0001562, -0.0002134, -0.0002431, -0.0002112, -0.0001529, -0.0001595, -0.0002244, -0.0002332, -0.0002101, -0.0001507, -0.0001474, -0.0002123, -0.0002464, -0.00019360000000000002, -0.0001496, -0.000154, -0.0002134, -0.0002398, -0.0002233, -0.0001463, -0.0001573, -0.0002156, -0.0002453, -0.0002167, -0.0001595, -0.0001496, -0.0002178, -0.000242, -0.0002035, -0.0001639, -0.0001551, -0.0002123, -0.0002453, -0.00019360000000000002, -0.0001551, -0.0001617, -0.0002156, -0.0002398, -0.0002057, -0.0001529, -0.0001694, -0.0002156, -0.0002453, -0.0002057, -0.0001518, -0.0001573, -0.0002189, -0.000242, -0.000209, -0.0001496, -0.0001595, -0.0002101, -0.0002475, -0.0002145, -0.0001474, -0.0001584, -0.0002244, -0.0002464, -0.0002046, -0.0001496, -0.0001551, -0.0002222, -0.0002354, -0.00020130000000000001, -0.0001573, -0.0001573, -0.0002211, -0.0002475, -0.0002057, -0.0001463, -0.000165, -0.0002222, -0.0002563, -0.00019580000000000002, -0.0001419, -0.0001518, -0.0002134, -0.0002343, -0.00020020000000000001, -0.0001485, -0.000165, -0.0002244, -0.0002409, -0.0002112, -0.0001408, -0.000165, -0.0002167, -0.0002475, -0.0002046, -0.0001441, -0.0001617, -0.0002233, -0.0002409, -0.0002222, -0.0001452, -0.0001573, -0.00022, -0.0002486, -0.00019800000000000002, -0.0001507, -0.0001584, -0.00022, -0.0002365, -0.0002134, -0.0001551, -0.0001606, -0.0002145, -0.0002387, -0.0002046, -0.0001529, -0.0001606, -0.0002222, -0.0002453, -0.00020240000000000001, -0.0001562, -0.0001562, -0.0002123, -0.0002409, -0.0002112, -0.0001584, -0.0001573, -0.0002134, -0.0002365, -0.0002046, -0.0001507, -0.0001573, -0.0002079, -0.0002376, -0.000209, -0.0001485, -0.0001595, -0.0002189, -0.0002442, -0.0002167, -0.0001606, -0.0001485, -0.0002112, -0.0002497, -0.0002156, -0.0001507, -0.0001562, -0.0002145, -0.000242, -0.0002079, -0.0001397, -0.0001595, -0.0002277, -0.0002365, -0.0002057, -0.0001562, -0.000154, -0.0002167, -0.0002442, -0.00020130000000000001, -0.0001551, -0.0001529, -0.0002123, -0.0002442, -0.0002035, -0.0001518, -0.0001683, -0.0002167, -0.0002409, -0.00019690000000000002, -0.0001496, -0.0001573, -0.00020130000000000001, -0.0002409, -0.0002101, -0.0001573, -0.0001639, -0.0002244, -0.0002431, -0.0002079, -0.0001551, -0.0001683, -0.0002145, -0.0002409, -0.0002156, -0.0001529, -0.0001617, -0.0002112, -0.0002442, -0.0002068, -0.0001474, -0.000154, -0.0002156, -0.0002552, -0.0002046, -0.000154, -0.0001661, -0.0002189, -0.0002475, -0.0002079, -0.0001496, -0.0001628, -0.0002145, -0.0002486, -0.0002046, -0.0001628, -0.0001507, -0.0002255, -0.0002453, -0.0002068, -0.0001562, -0.000154]","[0.0010901, 0.0012474, 0.0008734000000000001, 0.0004598, 0.0006061, 0.0011044, 0.0012452000000000001, 0.0008756, 0.0004664, 0.0006193, 0.0011198, 0.0012551, 0.00088, 0.0004752, 0.0006149, 0.0011066000000000001, 0.0012639, 0.0008888, 0.0004708, 0.0006127, 0.0011066000000000001, 0.0012606, 0.0008877000000000001, 0.00047190000000000003, 0.0006182000000000001, 0.0011077, 0.001265, 0.0008855, 0.00046310000000000004, 0.0006193, 0.0011121, 0.0012628000000000001, 0.0009042000000000001, 0.0004752, 0.0006138000000000001, 0.0011132, 0.001265, 0.0008767, 0.0004686, 0.0006226000000000001, 0.0011165, 0.0012496, 0.0008844, 0.00047190000000000003, 0.0006182000000000001, 0.0011143000000000001, 0.001265, 0.0008745000000000001, 0.00046310000000000004, 0.0006248, 0.0011176, 0.0012562, 0.0008844, 0.0004796, 0.000616, 0.001111, 0.0012584, 0.0008833000000000001, 0.00046970000000000003, 0.0006138000000000001, 0.0011242000000000001, 0.0012694000000000002, 0.0008745000000000001, 0.00046090000000000004, 0.0006182000000000001, 0.0011077, 0.0012815, 0.0008877000000000001, 0.00047410000000000003, 0.0006182000000000001, 0.001122, 0.0012639, 0.0008844, 0.00046530000000000003, 0.0006204, 0.0011187, 0.0012639, 0.0008833000000000001, 0.00048070000000000003, 0.0006204, 0.0011176, 0.0012540000000000001, 0.0008767, 0.00047410000000000003, 0.0006303, 0.0011176, 0.0012606, 0.0008822000000000001, 0.000462, 0.0006204, 0.0011121, 0.0012573, 0.0008855, 0.00047190000000000003, 0.0006226000000000001, 0.0011231000000000001, 0.0012595, 0.0008767, 0.0004686, 0.0006303, 0.001122, 0.0012639, 0.0008756, 0.00046090000000000004, 0.000616, 0.001122, 0.0012540000000000001, 0.0008877000000000001, 0.0004708, 0.000616, 0.0011187, 0.0012716000000000001, 0.0008888, 0.00046530000000000003, 0.0006270000000000001, 0.0011132, 0.0012683, 0.0008822000000000001, 0.0004708, 0.0006248, 0.0011198, 0.0012617000000000001, 0.0008822000000000001, 0.00047850000000000003, 0.0006259, 0.0011198, 0.0012716000000000001, 0.0008943, 0.00047190000000000003, 0.0006248, 0.001111, 0.0012606, 0.0008844, 0.0004576, 0.0006248, 0.0011099, 0.0012639, 0.0008833000000000001, 0.0004598, 0.0006226000000000001, 0.0011231000000000001, 0.0012617000000000001, 0.0008888, 0.0004664, 0.0006369, 0.0011308000000000002, 0.0012595, 0.0008855, 0.00044990000000000004, 0.0006171, 0.0011121, 0.0012628000000000001, 0.0008866000000000001, 0.00045870000000000004, 0.0006270000000000001, 0.0011209, 0.0012463, 0.0008789000000000001, 0.00046750000000000003, 0.0006215, 0.0011154000000000001, 0.0012617000000000001, 0.0008778000000000001, 0.00046530000000000003, 0.0006248, 0.0011275, 0.0012716000000000001, 0.0008855, 0.00047190000000000003, 0.0006303, 0.0011198, 0.0012683, 0.0008745000000000001, 0.00046530000000000003, 0.0006182000000000001, 0.0011143000000000001, 0.0012606, 0.0008811, 0.00046970000000000003, 0.0006226000000000001, 0.0011132, 0.0012672, 0.0008866000000000001, 0.00046970000000000003, 0.0006226000000000001, 0.001122, 0.0012705000000000001, 0.0008789000000000001, 0.0004686, 0.0006215, 0.0011121, 0.0012749, 0.0008921000000000001, 0.00047630000000000003, 0.000616, 0.0011176, 0.0012551, 0.0008734000000000001, 0.0004708, 0.0006325, 0.0011231000000000001, 0.0012672, 0.0008767, 0.0004752, 0.0006248, 0.0011209, 0.0012584, 0.0008811, 0.0004598, 0.000616, 0.0011275, 0.0012628000000000001, 0.0008822000000000001, 0.0004708, 0.0006303, 0.0011165, 0.0012595, 0.0008855, 0.0004708, 0.0006182000000000001, 0.0011187, 0.0012617000000000001, 0.0008833000000000001, 0.00046530000000000003, 0.0006237, 0.0011143000000000001, 0.0012573, 0.0008778000000000001, 0.0004686, 0.0006138000000000001, 0.0011143000000000001, 0.0012573, 0.00088, 0.00047190000000000003, 0.0006281, 0.0011132, 0.0012606, 0.0008877000000000001, 0.00046530000000000003, 0.0006204, 0.0011286, 0.0012716000000000001, 0.0008778000000000001, 0.00046970000000000003, 0.0006259, 0.0011209, 0.0012496, 0.0008756, 0.0004708, 0.0006204, 0.0011319000000000001, 0.0012507, 0.0008789000000000001, 0.00045430000000000004, 0.0006127, 0.0011275, 0.0012617000000000001, 0.0008811, 0.000462, 0.0006182000000000001, 0.0011121, 0.0012573, 0.0008877000000000001, 0.00046750000000000003, 0.0006248, 0.0011176, 0.0012672, 0.0008844, 0.000462, 0.0006281, 0.0011253, 0.0012606, 0.0008789000000000001, 0.00046090000000000004, 0.0006237, 0.0011099, 0.0012628000000000001, 0.0008811, 0.000462, 0.0006248, 0.0011165, 0.0012595, 0.0008822000000000001, 0.00047410000000000003, 0.0006358000000000001, 0.0011143000000000001, 0.0012595, 0.00088, 0.00047190000000000003, 0.0006215, 0.0011209, 0.0012628000000000001, 0.00088, 0.00045870000000000004, 0.0006270000000000001, 0.0011187, 0.0012628000000000001, 0.0008833000000000001, 0.0004642, 0.0006248, 0.0011176, 0.0012672, 0.00088, 0.000462, 0.0006193, 0.0011242000000000001, 0.0012617000000000001, 0.0008712, 0.00046750000000000003, 0.0006292, 0.0011165, 0.0012639, 0.0008866000000000001, 0.000462, 0.0006193, 0.0011154000000000001, 0.001265, 0.00088, 0.00046530000000000003, 0.0006248, 0.0011077, 0.0012595, 0.0008767, 0.00046310000000000004, 0.0006248, 0.0011297, 0.0012694000000000002, 0.0008789000000000001, 0.0004664, 0.0006193, 0.0011286, 0.0012628000000000001, 0.0008734000000000001, 0.00046090000000000004, 0.0006204, 0.0011319000000000001, 0.0012584, 0.0008811, 0.0004664, 0.0006259, 0.0011209, 0.0012705000000000001, 0.0008756, 0.0004686, 0.0006391000000000001, 0.0011209, 0.0012606, 0.0008855, 0.00047190000000000003, 0.0006259, 0.0011209, 0.0012573, 0.0008789000000000001, 0.0004576, 0.0006215, 0.0011264, 0.0012485, 0.0008701000000000001, 0.0004598, 0.0006127, 0.001111, 0.0012639, 0.0008822000000000001, 0.00046310000000000004, 0.0006259, 0.0011275, 0.0012551, 0.0008811, 0.0004708, 0.0006325, 0.0011143000000000001, 0.0012573, 0.0008822000000000001, 0.00046750000000000003, 0.0006237, 0.001111, 0.001265, 0.0008734000000000001, 0.00047190000000000003, 0.0006281, 0.0011253, 0.0012617000000000001, 0.0008811, 0.00046530000000000003, 0.0006303, 0.0011154000000000001, 0.0012474, 0.0008767, 0.00046970000000000003, 0.0006303, 0.0011242000000000001, 0.0012584, 0.0008712, 0.0004664, 0.0006237, 0.001122, 0.0012617000000000001, 0.0008811, 0.00046530000000000003, 0.0006303, 0.0011286, 0.0012606, 0.0008690000000000001, 0.00046310000000000004, 0.0006281, 0.001122, 0.0012628000000000001, 0.0008701000000000001, 0.00045210000000000004, 0.0006270000000000001, 0.0011209, 0.0012595, 0.0008756, 0.0004598, 0.0006314000000000001, 0.0011209, 0.0012595, 0.0008811, 0.00046310000000000004, 0.0006347000000000001, 0.0011319000000000001, 0.0012661, 0.0008822000000000001, 0.000462, 0.000616, 0.0011264, 0.0012672, 0.0008833000000000001, 0.00046750000000000003, 0.0006215, 0.001122, 0.001265, 0.0008811, 0.0004774, 0.0006259, 0.0011297, 0.0012518, 0.0008778000000000001, 0.00047410000000000003, 0.0006237, 0.0011275, 0.0012584, 0.0008701000000000001, 0.00046090000000000004, 0.0006215, 0.0011198, 0.0012672, 0.0008877000000000001, 0.0004664, 0.0006325, 0.0011341, 0.0012705000000000001, 0.0008690000000000001, 0.000462, 0.0006270000000000001, 0.0011286, 0.0012672, 0.0008778000000000001, 0.000473, 0.0006281, 0.0011275, 0.0012584, 0.00088, 0.00046750000000000003, 0.0006292, 0.0011253, 0.0012705000000000001, 0.0008778000000000001, 0.0004642, 0.0006281, 0.0011198, 0.0012628000000000001, 0.0008745000000000001, 0.00046530000000000003, 0.0006314000000000001, 0.0011264, 0.0012716000000000001, 0.0008745000000000001, 0.00046090000000000004, 0.0006325, 0.0011275, 0.0012595, 0.00088, 0.0004642, 0.0006325, 0.0011253, 0.0012672, 0.0008690000000000001, 0.0004708, 0.0006314000000000001, 0.0011253, 0.0012529000000000002, 0.0008701000000000001, 0.0004708, 0.0006204, 0.0011231000000000001, 0.001265, 0.0008811, 0.00046530000000000003, 0.0006237]",26
62,"[-0.0002365, -0.00036520000000000004, -0.0003949, -0.0003014, -0.00019580000000000002, -0.0002574, -0.0003773, -0.0004103, -0.00030250000000000003, -0.00020020000000000001, -0.0002541, -0.00037840000000000004, -0.0004081, -0.00029150000000000004, -0.00019580000000000002, -0.000253, -0.0003861, -0.0004103, -0.000319, -0.0002046, -0.0002497, -0.00038500000000000003, -0.0004114, -0.0002992, -0.0002068, -0.0002453, -0.00038720000000000003, -0.0004224, -0.000308, -0.00020130000000000001, -0.000253, -0.0003861, -0.0004147, -0.0003124, -0.0002101, -0.0002607, -0.0003883, -0.0004169, -0.0003102, -0.00019690000000000002, -0.0002508, -0.0003905, -0.0004246, -0.0003058, -0.00019580000000000002, -0.0002552, -0.00038060000000000004, -0.0004092, -0.00030470000000000003, -0.00020240000000000001, -0.0002607, -0.0003729, -0.0004169, -0.000308, -0.00019910000000000001, -0.0002552, -0.00037620000000000004, -0.0004191, -0.0002992, -0.0002046, -0.0002464, -0.0003861, -0.0004136, -0.0003124, -0.00019360000000000002, -0.0002541, -0.0003817, -0.0004081, -0.00030690000000000003, -0.00019910000000000001, -0.0002519, -0.00038500000000000003, -0.0004169, -0.0003168, -0.0002068, -0.0002453, -0.00038940000000000003, -0.0004147, -0.000308, -0.0002101, -0.0002475, -0.0003883, -0.0004114, -0.00030910000000000003, -0.00019360000000000002, -0.0002486, -0.00039160000000000003, -0.000429, -0.000308, -0.00020240000000000001, -0.000264, -0.0003817, -0.00042350000000000005, -0.00030690000000000003, -0.00020240000000000001, -0.0002552, -0.0003883, -0.00043010000000000005, -0.0003036, -0.00020020000000000001, -0.000253, -0.0003795, -0.0004169, -0.0003102, -0.00020020000000000001, -0.000242, -0.00038500000000000003, -0.0004081, -0.00030690000000000003, -0.00019910000000000001, -0.0002475, -0.00038500000000000003, -0.0004169, -0.00030690000000000003, -0.00019690000000000002, -0.0002376, -0.00039160000000000003, -0.0004169, -0.00030910000000000003, -0.00020240000000000001, -0.0002497, -0.0003883, -0.0004191, -0.0003146, -0.00019470000000000002, -0.0002519, -0.00038060000000000004, -0.0004147, -0.0003124, -0.0002035, -0.0002552, -0.0003839, -0.0004125, -0.000308, -0.0002035, -0.000253, -0.00038500000000000003, -0.0004125, -0.000308, -0.00019690000000000002, -0.000253, -0.0003883, -0.0004213, -0.000308, -0.0002035, -0.0002541, -0.0003861, -0.0004081, -0.00031790000000000003, -0.0002035, -0.0002464, -0.0003883, -0.0004158, -0.00030470000000000003, -0.00019470000000000002, -0.000242, -0.00038940000000000003, -0.000407, -0.0003058, -0.00019800000000000002, -0.000253, -0.00038720000000000003, -0.0004169, -0.0003014, -0.00019580000000000002, -0.0002541, -0.0003883, -0.0004081, -0.00030690000000000003, -0.00020020000000000001, -0.0002453, -0.00039160000000000003, -0.0004202, -0.00030910000000000003, -0.0002035, -0.0002541, -0.0003883, -0.0004136, -0.00031130000000000003, -0.00019690000000000002, -0.0002552, -0.0003839, -0.0004224, -0.0003102, -0.00019140000000000002, -0.000253, -0.00038500000000000003, -0.0004268, -0.0003058, -0.00019580000000000002, -0.0002541, -0.00038500000000000003, -0.00043010000000000005, -0.00030910000000000003, -0.0002079, -0.0002387, -0.0003861, -0.0004213, -0.00028490000000000004, -0.00019910000000000001, -0.0002519, -0.0003817, -0.000418, -0.00030030000000000004, -0.00020130000000000001, -0.0002453, -0.0003883, -0.0004103, -0.00030910000000000003, -0.00020020000000000001, -0.000253, -0.0003795, -0.000407, -0.00031130000000000003, -0.00019800000000000002, -0.0002574, -0.00038940000000000003, -0.0004213, -0.00030690000000000003, -0.0002068, -0.0002574, -0.0003883, -0.0004202, -0.00030690000000000003, -0.0002068, -0.0002519, -0.0003773, -0.0004224, -0.0003058, -0.00020020000000000001, -0.0002574, -0.00038500000000000003, -0.00042350000000000005, -0.00031350000000000003, -0.00019470000000000002, -0.0002607, -0.00039380000000000003, -0.0004136, -0.00031350000000000003, -0.00020240000000000001, -0.0002486, -0.0003883, -0.0004136, -0.00030470000000000003, -0.0002057, -0.0002563, -0.0003883, -0.0004114, -0.0003058, -0.00019690000000000002, -0.0002629, -0.00038280000000000003, -0.00040260000000000003, -0.00029590000000000004, -0.00019910000000000001, -0.0002497, -0.0003971, -0.0004092, -0.00031130000000000003, -0.00019140000000000002, -0.0002552, -0.00038940000000000003, -0.0004136, -0.00030470000000000003, -0.00019360000000000002, -0.0002607, -0.00038720000000000003, -0.00042350000000000005, -0.00030250000000000003, -0.0002046, -0.0002541, -0.0003905, -0.0004114, -0.00030690000000000003, -0.00020240000000000001, -0.0002541, -0.00037840000000000004, -0.0004103, -0.00030030000000000004, -0.00019580000000000002, -0.0002563, -0.00038060000000000004, -0.0004125, -0.0003014, -0.00019910000000000001, -0.0002585, -0.00037840000000000004, -0.0004158, -0.0003124, -0.00019800000000000002, -0.0002409, -0.00038940000000000003, -0.0004147, -0.0003058, -0.0002101, -0.0002409, -0.00039380000000000003, -0.0004103, -0.00030250000000000003, -0.0002068, -0.0002563, -0.00038500000000000003, -0.0004224, -0.0003036, -0.00020020000000000001, -0.0002519, -0.00038060000000000004, -0.0004268, -0.00031350000000000003, -0.00020020000000000001, -0.0002508, -0.00038060000000000004, -0.0004202, -0.00031790000000000003, -0.00019800000000000002, -0.0002453, -0.00038280000000000003, -0.0004081, -0.0003058, -0.00020240000000000001, -0.0002574, -0.00038940000000000003, -0.0004092, -0.00030690000000000003, -0.00019800000000000002, -0.0002508, -0.0003927, -0.0004136, -0.00031350000000000003, -0.00019910000000000001, -0.0002453, -0.00039380000000000003, -0.0004202, -0.00030470000000000003, -0.00019910000000000001, -0.0002585, -0.0003905, -0.0004158, -0.00030910000000000003, -0.00019800000000000002, -0.0002508, -0.0003949, -0.0004125, -0.0003058, -0.00020240000000000001, -0.000253, -0.0003883, -0.0004158, -0.0002992, -0.0002046, -0.0002607, -0.0003949, -0.000418, -0.0003014, -0.0002079, -0.0002585, -0.0003817, -0.0004125, -0.0003102, -0.00019690000000000002, -0.0002607, -0.0003927, -0.0004191, -0.0003058, -0.00019910000000000001, -0.0002497, -0.00038280000000000003, -0.0004169, -0.000297, -0.00020020000000000001, -0.0002541, -0.00038940000000000003, -0.0004158, -0.0003014, -0.00019470000000000002, -0.0002475, -0.0003839, -0.0004246, -0.00030690000000000003, -0.00020020000000000001, -0.0002497, -0.00038720000000000003, -0.0004202, -0.00031130000000000003, -0.00020130000000000001, -0.0002508, -0.00039600000000000003, -0.00040040000000000003, -0.00030030000000000004, -0.0002068, -0.0002519, -0.00039160000000000003, -0.000418, -0.00029810000000000004, -0.0002035, -0.0002563, -0.00038280000000000003, -0.0004092, -0.00030690000000000003, -0.0002046, -0.0002519, -0.00038280000000000003, -0.0004191, -0.000308, -0.00020130000000000001, -0.0002497, -0.0003927, -0.0004136, -0.000319, -0.00019800000000000002, -0.0002497, -0.0003971, -0.0004169, -0.00030470000000000003, -0.00019580000000000002, -0.0002563, -0.00038940000000000003, -0.0004125, -0.0003102, -0.00019580000000000002, -0.0002541, -0.0003883, -0.0004103, -0.00031130000000000003, -0.00020020000000000001, -0.0002508, -0.00038060000000000004, -0.0004158, -0.00030690000000000003, -0.0002057, -0.0002552, -0.0003883, -0.000418, -0.00030690000000000003, -0.00020020000000000001, -0.0002486, -0.0003817, -0.0004202, -0.00029810000000000004, -0.00019470000000000002, -0.0002607, -0.0003773, -0.0004103, -0.00030910000000000003, -0.00020020000000000001, -0.0002574, -0.00038500000000000003, -0.0004136, -0.00029590000000000004, -0.0002068, -0.0002607, -0.0003883, -0.0004169, -0.000308, -0.00019140000000000002, -0.0002508, -0.00038720000000000003, -0.0004158, -0.00029810000000000004, -0.00020020000000000001, -0.0002508, -0.00039160000000000003, -0.0004114, -0.00030690000000000003, -0.00019470000000000002, -0.0002508, -0.00038500000000000003, -0.0004169, -0.00030250000000000003, -0.00019910000000000001, -0.0002442, -0.00039160000000000003, -0.0004158, -0.000308, -0.0002035, -0.000253, -0.0003839, -0.00042570000000000005, -0.00030690000000000003, -0.00019580000000000002, -0.0002475, -0.00038060000000000004, -0.0004191, -0.0003036, -0.00019360000000000002, -0.0002607, -0.0003861, -0.000407, -0.00030910000000000003, -0.00020130000000000001, -0.0002508, -0.0003927, -0.0004125, -0.0003058, -0.00019250000000000002, -0.0002563, -0.0003883, -0.0004092, -0.00029810000000000004, -0.00020240000000000001]","[-0.0001573, -0.0002277, -0.0002398, -0.00020240000000000001, -0.0001496, -0.0001573, -0.0002266, -0.0002365, -0.0002079, -0.0001496, -0.0001595, -0.0002178, -0.0002398, -0.0002145, -0.0001496, -0.0001562, -0.0002112, -0.0002497, -0.0002079, -0.000154, -0.0001617, -0.0002211, -0.0002563, -0.0002046, -0.000154, -0.0001529, -0.00020240000000000001, -0.000242, -0.0002068, -0.0001606, -0.0001562, -0.0002123, -0.000242, -0.000209, -0.0001573, -0.0001584, -0.0002233, -0.0002486, -0.00019360000000000002, -0.0001496, -0.0001672, -0.0002233, -0.0002464, -0.000209, -0.0001507, -0.0001617, -0.0002189, -0.0002453, -0.0002123, -0.0001617, -0.000154, -0.0002189, -0.0002497, -0.0002178, -0.000154, -0.0001595, -0.0002189, -0.0002453, -0.0002079, -0.0001397, -0.0001617, -0.0002288, -0.0002464, -0.00020240000000000001, -0.0001419, -0.0001562, -0.000209, -0.0002486, -0.0002101, -0.000143, -0.0001628, -0.0002123, -0.0002365, -0.0002145, -0.0001485, -0.0001518, -0.000209, -0.0002475, -0.0002046, -0.0001529, -0.0001562, -0.0002288, -0.0002431, -0.00020130000000000001, -0.0001518, -0.0001595, -0.0002189, -0.0002464, -0.0002068, -0.0001496, -0.0001595, -0.0002178, -0.0002431, -0.0002123, -0.0001595, -0.0001672, -0.0002145, -0.0002431, -0.0002035, -0.0001496, -0.0001606, -0.0002277, -0.000231, -0.0002178, -0.0001452, -0.0001661, -0.0002222, -0.0002354, -0.00019800000000000002, -0.0001562, -0.0001639, -0.0002167, -0.000253, -0.0002112, -0.0001562, -0.0001573, -0.0002112, -0.000242, -0.0002101, -0.0001529, -0.0001584, -0.0002123, -0.0002398, -0.0002101, -0.0001518, -0.000165, -0.0002244, -0.0002398, -0.00020020000000000001, -0.0001452, -0.0001584, -0.0002123, -0.0002453, -0.0002123, -0.0001452, -0.0001529, -0.0002189, -0.0002354, -0.0002134, -0.0001496, -0.0001606, -0.000209, -0.0002464, -0.0002046, -0.0001474, -0.0001573, -0.00022, -0.0002519, -0.00020130000000000001, -0.000143, -0.0001595, -0.0002112, -0.0002508, -0.000209, -0.0001496, -0.0001639, -0.0002211, -0.0002365, -0.0002145, -0.0001584, -0.0001617, -0.0002211, -0.0002508, -0.00020240000000000001, -0.0001441, -0.0001584, -0.0002134, -0.0002464, -0.0002079, -0.0001551, -0.0001661, -0.0002277, -0.0002409, -0.0002057, -0.0001518, -0.0001529, -0.0002167, -0.0002387, -0.0002068, -0.0001518, -0.0001573, -0.0002244, -0.0002409, -0.0002079, -0.0001331, -0.0001606, -0.0002255, -0.0002475, -0.0002112, -0.0001518, -0.0001606, -0.00022, -0.0002343, -0.0002112, -0.0001474, -0.0001617, -0.0002255, -0.0002365, -0.0002057, -0.0001584, -0.0001639, -0.0002211, -0.0002508, -0.0002057, -0.0001441, -0.0001606, -0.0002211, -0.0002464, -0.00020130000000000001, -0.0001485, -0.0001683, -0.0002189, -0.0002475, -0.0002046, -0.0001474, -0.0001606, -0.0002156, -0.0002376, -0.00019690000000000002, -0.0001518, -0.0001562, -0.0002123, -0.0002464, -0.0002035, -0.0001419, -0.0001529, -0.0002145, -0.0002398, -0.00020130000000000001, -0.0001595, -0.0001617, -0.0002134, -0.0002398, -0.00019140000000000002, -0.0001496, -0.0001562, -0.0002134, -0.0002519, -0.0002046, -0.0001529, -0.0001661, -0.0002299, -0.000253, -0.000209, -0.0001529, -0.0001606, -0.0002156, -0.0002464, -0.0002046, -0.0001397, -0.0001661, -0.0002167, -0.0002486, -0.0002057, -0.0001507, -0.0001562, -0.0002167, -0.0002442, -0.000209, -0.0001617, -0.0001617, -0.0002145, -0.0002409, -0.0002079, -0.0001529, -0.0001529, -0.00022, -0.0002453, -0.000209, -0.0001452, -0.0001683, -0.0002244, -0.0002486, -0.0002134, -0.0001474, -0.0001595, -0.000209, -0.0002453, -0.00019910000000000001, -0.0001507, -0.0001617, -0.0002233, -0.0002486, -0.0002079, -0.0001518, -0.0001661, -0.0002222, -0.0002475, -0.00020240000000000001, -0.0001551, -0.0001628, -0.0002255, -0.0002332, -0.00020240000000000001, -0.0001507, -0.0001617, -0.0002101, -0.0002398, -0.0002057, -0.0001518, -0.0001639, -0.0002156, -0.0002387, -0.00020240000000000001, -0.0001441, -0.0001683, -0.0002145, -0.0002464, -0.0002035, -0.0001606, -0.0001529, -0.0002134, -0.0002475, -0.0002134, -0.0001595, -0.0001485, -0.00022, -0.000242, -0.0002134, -0.0001474, -0.0001606, -0.0002178, -0.0002365, -0.0002057, -0.0001408, -0.0001628, -0.0002211, -0.0002464, -0.0002079, -0.0001573, -0.0001474, -0.0002222, -0.0002508, -0.0002101, -0.0001496, -0.0001595, -0.0002222, -0.0002442, -0.000209, -0.0001518, -0.0001617, -0.0002178, -0.0002442, -0.0002068, -0.0001463, -0.0001573, -0.0002189, -0.0002387, -0.0002101, -0.0001507, -0.0001529, -0.0002145, -0.0002453, -0.0002068, -0.0001529, -0.0001529, -0.0002211, -0.0002442, -0.0002046, -0.0001507, -0.0001661, -0.0002178, -0.0002409, -0.0002057, -0.0001452, -0.0001496, -0.0002112, -0.0002343, -0.0002112, -0.0001474, -0.0001595, -0.0002233, -0.0002387, -0.0002178, -0.0001507, -0.0001661, -0.0002178, -0.000242, -0.0002057, -0.0001485, -0.0001595, -0.0002211, -0.0002519, -0.0002101, -0.0001463, -0.0001683, -0.00022, -0.0002442, -0.0002057, -0.0001562, -0.0001617, -0.0002112, -0.0002508, -0.000209, -0.0001628, -0.0001551, -0.0002178, -0.0002497, -0.0002046, -0.0001529, -0.0001617, -0.0002211, -0.0002464, -0.0002068, -0.0001485, -0.0001573, -0.000231, -0.0002354, -0.0002057, -0.0001518, -0.0001617, -0.0002134, -0.0002464, -0.0002134, -0.0001529, -0.0001628, -0.0002222, -0.0002453, -0.00019580000000000002, -0.0001551, -0.000165, -0.0002156, -0.0002387, -0.00020020000000000001, -0.0001518, -0.0001639, -0.0002189, -0.0002618, -0.0002123, -0.0001562, -0.0001617, -0.0002244, -0.000253, -0.00020240000000000001, -0.000143, -0.0001716, -0.00022, -0.0002387, -0.00020130000000000001, -0.0001551, -0.0001683, -0.0002178, -0.0002519, -0.0002167, -0.0001386, -0.0001562, -0.0002211, -0.0002497, -0.0002079, -0.0001518, -0.0001595, -0.00022, -0.0002486, -0.0002079, -0.0001562, -0.0001595, -0.0002134, -0.0002365, -0.000209, -0.000154, -0.0001705, -0.0002211, -0.0002431, -0.00019690000000000002, -0.0001529, -0.000165, -0.0002167, -0.0002486, -0.0002046, -0.000154, -0.0001628, -0.0002321, -0.0002398, -0.0002101, -0.000154, -0.0001529, -0.00022, -0.000242, -0.0002112, -0.0001573, -0.0001584, -0.0002222, -0.0002497, -0.0002134, -0.0001562, -0.0001595, -0.0002222, -0.0002453, -0.00019690000000000002, -0.0001485, -0.0001628, -0.0002288, -0.0002519, -0.0002057, -0.0001485, -0.0001562, -0.0002277, -0.0002464, -0.0002123, -0.0001518]","[0.0006402000000000001, 0.0011341, 0.0012617000000000001, 0.0008712, 0.000473, 0.000638, 0.0011451, 0.0012661, 0.0008591, 0.0004664, 0.0006479000000000001, 0.0011583000000000001, 0.0012749, 0.00088, 0.00046530000000000003, 0.0006512, 0.0011572000000000002, 0.0012881000000000001, 0.0008855, 0.0004664, 0.0006545, 0.0011627, 0.0012826, 0.0008811, 0.00047190000000000003, 0.0006644, 0.0011561, 0.0012826, 0.0008899, 0.00047630000000000003, 0.0006435000000000001, 0.0011671000000000001, 0.0012903, 0.0008888, 0.00047410000000000003, 0.0006523000000000001, 0.0011561, 0.0012925, 0.0008888, 0.00047410000000000003, 0.0006490000000000001, 0.0011539, 0.0012859, 0.0008844, 0.0004774, 0.0006501, 0.0011594, 0.0012958000000000002, 0.00088, 0.00047630000000000003, 0.0006666, 0.001155, 0.0013013, 0.0008899, 0.00047410000000000003, 0.0006490000000000001, 0.0011660000000000002, 0.0012870000000000002, 0.0008877000000000001, 0.00047850000000000003, 0.0006578, 0.001155, 0.0012870000000000002, 0.0008954000000000001, 0.0004796, 0.0006589, 0.0011528, 0.0012859, 0.0008866000000000001, 0.0004708, 0.0006622, 0.0011539, 0.0012826, 0.0008734000000000001, 0.00047850000000000003, 0.0006622, 0.0011682, 0.0012903, 0.0008789000000000001, 0.000473, 0.0006523000000000001, 0.0011671000000000001, 0.0012914, 0.00088, 0.000473, 0.0006556, 0.0011572000000000002, 0.0012914, 0.0008888, 0.00047410000000000003, 0.0006589, 0.0011594, 0.0012991, 0.0008822000000000001, 0.00048290000000000003, 0.00066, 0.0011528, 0.0012914, 0.0008723, 0.0004642, 0.0006534, 0.0011605, 0.0012870000000000002, 0.0008910000000000001, 0.00048290000000000003, 0.0006556, 0.001155, 0.0012837, 0.0008822000000000001, 0.00046530000000000003, 0.0006589, 0.0011649, 0.0012771, 0.0008767, 0.0004796, 0.0006523000000000001, 0.0011660000000000002, 0.0012936, 0.0008899, 0.00047630000000000003, 0.0006545, 0.0011561, 0.0012892000000000001, 0.0008833000000000001, 0.000473, 0.0006556, 0.001155, 0.0012771, 0.0008877000000000001, 0.00046970000000000003, 0.0006622, 0.0011649, 0.0012815, 0.0008756, 0.00047410000000000003, 0.0006468, 0.0011605, 0.0012936, 0.00088, 0.00048070000000000003, 0.0006523000000000001, 0.0011660000000000002, 0.0012947, 0.0008833000000000001, 0.00047630000000000003, 0.0006578, 0.0011583000000000001, 0.0012738, 0.0008899, 0.0004796, 0.0006589, 0.0011616, 0.0012859, 0.00088, 0.00046970000000000003, 0.0006611000000000001, 0.0011616, 0.0012881000000000001, 0.00088, 0.00047630000000000003, 0.0006578, 0.0011649, 0.0012881000000000001, 0.0008723, 0.0004774, 0.0006622, 0.0011638, 0.0012848, 0.0008866000000000001, 0.00047190000000000003, 0.0006633, 0.0011748000000000001, 0.0012848, 0.0008767, 0.00048290000000000003, 0.0006699000000000001, 0.0011616, 0.0012958000000000002, 0.0008822000000000001, 0.0004686, 0.0006622, 0.0011682, 0.0012903, 0.0008690000000000001, 0.000473, 0.0006644, 0.001155, 0.0012793000000000001, 0.0008833000000000001, 0.00047630000000000003, 0.0006666, 0.001155, 0.0012925, 0.0008778000000000001, 0.000473, 0.0006578, 0.0011737, 0.0012793000000000001, 0.0008778000000000001, 0.00047410000000000003, 0.0006677, 0.0011605, 0.0012870000000000002, 0.0008866000000000001, 0.00047410000000000003, 0.0006567000000000001, 0.0011627, 0.0012848, 0.0008855, 0.0004774, 0.0006534, 0.0011693, 0.0012826, 0.00088, 0.00046530000000000003, 0.0006567000000000001, 0.0011704, 0.0012881000000000001, 0.00088, 0.0004708, 0.0006633, 0.0011539, 0.0012870000000000002, 0.0008778000000000001, 0.00047410000000000003, 0.0006644, 0.0011594, 0.0012925, 0.0008778000000000001, 0.00047410000000000003, 0.0006589, 0.0011715, 0.0012870000000000002, 0.0008745000000000001, 0.00047190000000000003, 0.0006578, 0.0011704, 0.0012749, 0.0008855, 0.0004818, 0.0006589, 0.0011759000000000001, 0.001276, 0.00088, 0.0004774, 0.0006633, 0.0011572000000000002, 0.0012837, 0.0008811, 0.00046750000000000003, 0.0006622, 0.0011737, 0.0012870000000000002, 0.0008855, 0.00046970000000000003, 0.0006611000000000001, 0.0011660000000000002, 0.0012749, 0.0008855, 0.0004708, 0.0006655000000000001, 0.0011649, 0.0012914, 0.0008811, 0.00048510000000000003, 0.0006578, 0.0011572000000000002, 0.0012881000000000001, 0.00088, 0.00046970000000000003, 0.0006578, 0.0011627, 0.0012859, 0.0008811, 0.0004774, 0.0006589, 0.0011572000000000002, 0.0012881000000000001, 0.0008756, 0.00047850000000000003, 0.0006611000000000001, 0.0011649, 0.0012881000000000001, 0.0008734000000000001, 0.00047850000000000003, 0.0006655000000000001, 0.0011671000000000001, 0.0012859, 0.0008712, 0.00047630000000000003, 0.0006688, 0.0011682, 0.0012947, 0.0008778000000000001, 0.0004686, 0.0006479000000000001, 0.0011671000000000001, 0.0012837, 0.00088, 0.00047410000000000003, 0.00066, 0.0011638, 0.0012914, 0.0008844, 0.00047630000000000003, 0.0006688, 0.0011693, 0.0012826, 0.0008624, 0.0004686, 0.00066, 0.0011594, 0.0012881000000000001, 0.0008701000000000001, 0.0004708, 0.0006699000000000001, 0.0011627, 0.0012958000000000002, 0.0008690000000000001, 0.0004686, 0.0006523000000000001, 0.0011649, 0.0012771, 0.0008811, 0.00046970000000000003, 0.0006611000000000001, 0.0011616, 0.0012958000000000002, 0.0008767, 0.0004664, 0.0006490000000000001, 0.0011682, 0.0012892000000000001, 0.0008723, 0.00046970000000000003, 0.0006578, 0.0011528, 0.0012892000000000001, 0.0008877000000000001, 0.000473, 0.0006545, 0.0011660000000000002, 0.0012859, 0.0008756, 0.00047410000000000003, 0.0006611000000000001, 0.0011693, 0.0012837, 0.0008789000000000001, 0.00048290000000000003, 0.0006666, 0.0011693, 0.0012815, 0.0008734000000000001, 0.00047630000000000003, 0.0006633, 0.0011649, 0.0012881000000000001, 0.00088, 0.00046970000000000003, 0.0006644, 0.0011660000000000002, 0.0012980000000000001, 0.0008690000000000001, 0.0004642, 0.0006644, 0.0011660000000000002, 0.0012870000000000002, 0.0008789000000000001, 0.0004686, 0.0006732, 0.0011660000000000002, 0.0012947, 0.0008712, 0.0004752, 0.0006578, 0.0011671000000000001, 0.0012892000000000001, 0.0008855, 0.00047410000000000003, 0.0006567000000000001, 0.0011583000000000001, 0.0012793000000000001, 0.0008822000000000001, 0.0004796, 0.0006545, 0.0011528, 0.0012892000000000001, 0.0008745000000000001, 0.0004752, 0.0006622, 0.0011616, 0.0012947, 0.0008833000000000001, 0.00047410000000000003, 0.0006644, 0.0011627, 0.0012793000000000001, 0.0008734000000000001, 0.00047630000000000003, 0.0006556, 0.0011693, 0.0012859, 0.0008811, 0.00046750000000000003, 0.0006677, 0.0011737, 0.001276, 0.0008756, 0.0004664, 0.0006567000000000001, 0.0011704, 0.0012782000000000002, 0.0008734000000000001, 0.00046970000000000003, 0.0006666, 0.0011627, 0.0012837, 0.0008690000000000001, 0.0004752, 0.0006622, 0.0011638, 0.0012771, 0.0008789000000000001, 0.00046970000000000003, 0.00066, 0.0011583000000000001, 0.0012826, 0.0008767, 0.0004708, 0.0006655000000000001, 0.0011649, 0.0012793000000000001, 0.0008635, 0.00046970000000000003, 0.0006556, 0.0011803, 0.0012837, 0.0008811, 0.00047410000000000003, 0.000671, 0.0011726, 0.0012848, 0.0008745000000000001, 0.00047630000000000003, 0.0006677, 0.0011726, 0.0012848, 0.0008767, 0.00047410000000000003, 0.0006721, 0.0011737, 0.0012837, 0.0008811, 0.0004686, 0.0006611000000000001, 0.0011638, 0.0012848, 0.0008723, 0.000484, 0.0006578, 0.0011627, 0.0012859, 0.0008789000000000001, 0.0004818, 0.0006490000000000001, 0.0011726, 0.0012925, 0.0008613000000000001, 0.00047410000000000003, 0.0006765, 0.0011715, 0.0012771, 0.0008811, 0.00046750000000000003, 0.00066, 0.0011660000000000002, 0.0012782000000000002, 0.0008712, 0.00046970000000000003, 0.00066, 0.0011638, 0.0012903, 0.0008789000000000001, 0.00047850000000000003, 0.0006622, 0.0011693, 0.0012947, 0.0008778000000000001, 0.00047850000000000003, 0.0006622, 0.0011748000000000001, 0.0012881000000000001, 0.00088, 0.0004752, 0.0006556, 0.0011715, 0.0012848, 0.0008679, 0.00046530000000000003]",27
63,"[-0.0002618, -0.00039820000000000003, -0.0004202, -0.0003036, -0.0002057, -0.000264, -0.0004015, -0.0004202, -0.0003146, -0.00019800000000000002, -0.0002761, -0.0004169, -0.00042790000000000005, -0.0003146, -0.0002112, -0.0002772, -0.00039820000000000003, -0.0004356, -0.0003146, -0.0002233, -0.0002728, -0.00042790000000000005, -0.0004356, -0.0003256, -0.0002057, -0.0002717, -0.0004246, -0.0004356, -0.00031570000000000003, -0.0002145, -0.000264, -0.0004114, -0.00044330000000000004, -0.0003278, -0.0002068, -0.0002651, -0.0004158, -0.00044550000000000004, -0.00031570000000000003, -0.0002079, -0.0002772, -0.0004202, -0.0004532, -0.0003212, -0.0002134, -0.000275, -0.0004114, -0.00044550000000000004, -0.000319, -0.000209, -0.000253, -0.0004169, -0.00043670000000000004, -0.0003212, -0.0002178, -0.0002662, -0.0004125, -0.0004356, -0.0003256, -0.0002046, -0.0002772, -0.0004136, -0.00042790000000000005, -0.0003168, -0.0002189, -0.0002695, -0.0004103, -0.0004444, -0.00032450000000000003, -0.0002101, -0.0002695, -0.0004202, -0.0004378, -0.00032230000000000003, -0.0002123, -0.0002805, -0.0004114, -0.00044, -0.00032010000000000003, -0.0002101, -0.0002761, -0.0004191, -0.00043670000000000004, -0.0003278, -0.0002068, -0.0002739, -0.0004092, -0.00043670000000000004, -0.00032010000000000003, -0.0002068, -0.0002728, -0.0004158, -0.0004466, -0.0003256, -0.0002167, -0.0002717, -0.0004147, -0.00044110000000000004, -0.00032010000000000003, -0.0002145, -0.0002772, -0.0004191, -0.0004378, -0.00032010000000000003, -0.0002035, -0.0002585, -0.0004202, -0.0004378, -0.0003146, -0.0002101, -0.0002618, -0.0004158, -0.00044, -0.00032010000000000003, -0.0002178, -0.0002695, -0.0004224, -0.00044330000000000004, -0.0003278, -0.0002123, -0.0002761, -0.00042350000000000005, -0.00044330000000000004, -0.00032010000000000003, -0.0002101, -0.0002618, -0.0004147, -0.0004422, -0.00031350000000000003, -0.000209, -0.000275, -0.0004169, -0.00044550000000000004, -0.0003168, -0.000209, -0.0002772, -0.0004158, -0.00044550000000000004, -0.00032230000000000003, -0.0002035, -0.000275, -0.000418, -0.0004378, -0.0003168, -0.000209, -0.0002607, -0.0004147, -0.00044330000000000004, -0.00032450000000000003, -0.0002046, -0.0002673, -0.0004158, -0.00044, -0.0003289, -0.0002068, -0.0002684, -0.0004136, -0.00044550000000000004, -0.0003256, -0.00019910000000000001, -0.0002673, -0.0004136, -0.00044110000000000004, -0.00032230000000000003, -0.0002046, -0.0002728, -0.0004114, -0.00044110000000000004, -0.0003212, -0.000209, -0.0002717, -0.0004191, -0.0004444, -0.00033, -0.0002079, -0.0002706, -0.0004125, -0.00044, -0.00032010000000000003, -0.0002068, -0.0002728, -0.000418, -0.0004312, -0.000319, -0.0002079, -0.0002728, -0.0004191, -0.00044550000000000004, -0.0003256, -0.0002156, -0.000275, -0.0004114, -0.0004422, -0.0003278, -0.0002134, -0.0002706, -0.0004136, -0.0004356, -0.00032010000000000003, -0.0002035, -0.0002673, -0.0004092, -0.00043450000000000004, -0.000319, -0.0002189, -0.0002706, -0.0004092, -0.00044, -0.00031790000000000003, -0.0002156, -0.0002739, -0.0004224, -0.00043890000000000004, -0.0003146, -0.0002101, -0.0002684, -0.0004081, -0.0004422, -0.0003124, -0.0002189, -0.0002706, -0.0004125, -0.00044550000000000004, -0.0003124, -0.0002057, -0.0002805, -0.0004158, -0.00043670000000000004, -0.00031350000000000003, -0.0002112, -0.0002618, -0.0004125, -0.00043010000000000005, -0.00032010000000000003, -0.00020130000000000001, -0.0002706, -0.0004092, -0.00044330000000000004, -0.00031350000000000003, -0.0002145, -0.000264, -0.0004114, -0.0004378, -0.00031350000000000003, -0.0002145, -0.0002739, -0.0004158, -0.00043670000000000004, -0.0003234, -0.0002079, -0.0002728, -0.000418, -0.0004334, -0.00031790000000000003, -0.0002068, -0.000275, -0.0004169, -0.0004422, -0.00031790000000000003, -0.0002101, -0.0002772, -0.0004125, -0.00044, -0.00030910000000000003, -0.0002134, -0.0002618, -0.0004125, -0.0004356, -0.0003256, -0.0002189, -0.0002772, -0.000407, -0.0004444, -0.00030470000000000003, -0.0002068, -0.000275, -0.0004092, -0.00043670000000000004, -0.000319, -0.0002123, -0.000275, -0.0004158, -0.00044550000000000004, -0.0003234, -0.000209, -0.0002728, -0.0004103, -0.00043890000000000004, -0.00031790000000000003, -0.0002112, -0.0002794, -0.0004147, -0.0004378, -0.0003168, -0.0002156, -0.0002794, -0.0004103, -0.0004356, -0.0003256, -0.0002123, -0.000275, -0.0004191, -0.00044110000000000004, -0.0003333, -0.0002057, -0.0002684, -0.0004136, -0.00044110000000000004, -0.0003234, -0.0002112, -0.0002706, -0.000407, -0.0004422, -0.0003267, -0.0002057, -0.0002695, -0.0004147, -0.00044110000000000004, -0.00031790000000000003, -0.0002101, -0.0002739, -0.0004081, -0.0004378, -0.0003234, -0.0002156, -0.0002706, -0.000418, -0.0004378, -0.00030910000000000003, -0.0002101, -0.000275, -0.000418, -0.00044550000000000004, -0.00031350000000000003, -0.0002167, -0.0002739, -0.000418, -0.00044330000000000004, -0.00032230000000000003, -0.0002101, -0.0002717, -0.0004125, -0.0004422, -0.00032450000000000003, -0.0002189, -0.0002739, -0.000407, -0.0004356, -0.000319, -0.0002211, -0.0002838, -0.00042350000000000005, -0.000451, -0.0003146, -0.0002167, -0.0002728, -0.0004125, -0.00043230000000000005, -0.0003168, -0.0002057, -0.0002739, -0.0004125, -0.00043450000000000004, -0.0003168, -0.0002178, -0.0002783, -0.0004136, -0.00043230000000000005, -0.00031790000000000003, -0.0002123, -0.0002684, -0.0004147, -0.0004488, -0.00032010000000000003, -0.000209, -0.00028710000000000004, -0.0004059, -0.00044, -0.00031350000000000003, -0.0002112, -0.0002816, -0.0004125, -0.0004444, -0.0003058, -0.0002145, -0.0002739, -0.0004224, -0.00044110000000000004, -0.00031570000000000003, -0.0002068, -0.0002695, -0.0004246, -0.0004378, -0.00031790000000000003, -0.00020130000000000001, -0.0002838, -0.0004191, -0.0004378, -0.00031130000000000003, -0.0002145, -0.0002706, -0.0004169, -0.0004378, -0.000319, -0.0002167, -0.0002783, -0.000418, -0.00044, -0.000319, -0.0002145, -0.0002728, -0.0004224, -0.00043890000000000004, -0.000319, -0.0002079, -0.0002794, -0.0004081, -0.00043890000000000004, -0.000319, -0.0002112, -0.0002761, -0.0004213, -0.00043890000000000004, -0.0003212, -0.000209, -0.0002717, -0.0004059, -0.00043670000000000004, -0.00031570000000000003, -0.0002178, -0.0002739, -0.0004202, -0.00043450000000000004, -0.00031570000000000003, -0.0002057, -0.0002728, -0.0004191, -0.0004334, -0.00031570000000000003, -0.0002068, -0.0002805, -0.0004158, -0.00043890000000000004, -0.0003212, -0.0002189, -0.000275, -0.000418, -0.00044550000000000004, -0.00032010000000000003, -0.0002211, -0.0002816, -0.0004191, -0.00044330000000000004, -0.00031790000000000003, -0.0002057, -0.0002728, -0.0004213, -0.00043890000000000004, -0.0003278, -0.0002134, -0.0002618, -0.0004114, -0.0004356, -0.00031130000000000003, -0.000209, -0.0002717, -0.0004169, -0.0004356, -0.00032230000000000003, -0.0002123, -0.0002783, -0.0004147, -0.00043670000000000004, -0.00031350000000000003, -0.0002101, -0.000275, -0.0004224, -0.00043890000000000004, -0.0003146, -0.0002079, -0.0002761, -0.0004268, -0.0004444, -0.0003234, -0.0002057, -0.0002673, -0.0004169, -0.00044550000000000004, -0.00032230000000000003, -0.0002101, -0.0002695, -0.0004213, -0.00044110000000000004, -0.0003234, -0.0002079, -0.0002728, -0.0004213, -0.00043010000000000005, -0.00032230000000000003, -0.0002057]","[-0.0001584, -0.0002222, -0.0002552, -0.0002046, -0.0001474, -0.0001617, -0.0002266, -0.000231, -0.0002035, -0.0001529, -0.0001683, -0.0002211, -0.000242, -0.0002079, -0.000154, -0.0001529, -0.0002233, -0.0002508, -0.00019800000000000002, -0.0001584, -0.0001617, -0.0002277, -0.0002475, -0.00020240000000000001, -0.0001518, -0.0001551, -0.0002365, -0.0002431, -0.00020020000000000001, -0.000154, -0.0001628, -0.0002222, -0.000242, -0.000209, -0.0001573, -0.0001639, -0.0002354, -0.000242, -0.00020130000000000001, -0.0001518, -0.0001628, -0.0002222, -0.0002497, -0.0002068, -0.0001485, -0.0001595, -0.0002233, -0.0002475, -0.0002057, -0.0001496, -0.0001661, -0.0002211, -0.0002541, -0.000209, -0.0001529, -0.0001573, -0.0002321, -0.0002519, -0.0002057, -0.0001529, -0.0001628, -0.0002288, -0.0002552, -0.00020130000000000001, -0.000165, -0.0001518, -0.0002222, -0.0002475, -0.0002101, -0.0001518, -0.0001617, -0.0002222, -0.0002486, -0.00020020000000000001, -0.0001485, -0.0001694, -0.0002288, -0.0002475, -0.0002112, -0.000154, -0.0001672, -0.000231, -0.0002431, -0.000209, -0.0001518, -0.0001683, -0.0002255, -0.0002486, -0.0002112, -0.0001496, -0.0001573, -0.0002277, -0.0002508, -0.0002068, -0.0001518, -0.000165, -0.0002321, -0.0002508, -0.00020240000000000001, -0.0001584, -0.0001617, -0.000231, -0.0002508, -0.00020240000000000001, -0.000143, -0.0001672, -0.0002112, -0.0002508, -0.00020240000000000001, -0.0001463, -0.0001738, -0.0002288, -0.0002486, -0.00020240000000000001, -0.0001452, -0.0001727, -0.0002222, -0.0002519, -0.0002079, -0.0001496, -0.0001606, -0.0002277, -0.0002563, -0.00020130000000000001, -0.0001441, -0.0001606, -0.0002255, -0.0002464, -0.0002156, -0.0001507, -0.0001617, -0.0002277, -0.000253, -0.0002112, -0.000154, -0.0001661, -0.0002189, -0.0002464, -0.0002035, -0.0001518, -0.000154, -0.0002233, -0.0002497, -0.0002046, -0.0001518, -0.0001573, -0.0002112, -0.000242, -0.0002134, -0.0001474, -0.0001639, -0.0002277, -0.0002508, -0.0002079, -0.0001573, -0.0001595, -0.0002145, -0.0002497, -0.0002046, -0.0001551, -0.0001606, -0.0002288, -0.0002464, -0.0002046, -0.0001518, -0.0001672, -0.0002145, -0.0002475, -0.00020240000000000001, -0.0001573, -0.0001628, -0.0002233, -0.000242, -0.0002145, -0.0001463, -0.0001595, -0.0002189, -0.0002409, -0.0002057, -0.0001573, -0.0001628, -0.000231, -0.0002508, -0.0002057, -0.0001485, -0.0001606, -0.0002233, -0.000253, -0.00019800000000000002, -0.0001507, -0.0001716, -0.0002255, -0.0002497, -0.0002046, -0.0001507, -0.0001639, -0.0002288, -0.0002486, -0.0002035, -0.0001463, -0.000165, -0.0002266, -0.0002486, -0.0002079, -0.000154, -0.0001606, -0.0002222, -0.0002475, -0.000209, -0.000154, -0.0001628, -0.0002211, -0.0002497, -0.0002079, -0.0001529, -0.0001573, -0.0002277, -0.0002475, -0.0002156, -0.0001573, -0.0001661, -0.0002244, -0.0002442, -0.0002101, -0.000154, -0.0001705, -0.0002222, -0.0002387, -0.0002079, -0.0001573, -0.0001595, -0.0002156, -0.0002541, -0.0002035, -0.0001529, -0.0001617, -0.0002255, -0.0002486, -0.00019580000000000002, -0.0001496, -0.0001694, -0.0002211, -0.0002431, -0.0002035, -0.0001551, -0.000165, -0.0002277, -0.0002398, -0.0002112, -0.0001606, -0.0001683, -0.0002277, -0.0002453, -0.0002079, -0.0001639, -0.0001584, -0.0002332, -0.0002464, -0.0002057, -0.0001573, -0.0001683, -0.0002255, -0.0002486, -0.0002035, -0.000154, -0.0001617, -0.0002222, -0.0002475, -0.0002178, -0.0001485, -0.0001617, -0.0002222, -0.0002497, -0.0002112, -0.0001496, -0.0001694, -0.0002288, -0.000242, -0.00019690000000000002, -0.0001529, -0.0001485, -0.0002266, -0.0002453, -0.000209, -0.000154, -0.0001694, -0.0002145, -0.0002486, -0.0002101, -0.0001474, -0.0001628, -0.0002354, -0.0002486, -0.0002112, -0.0001551, -0.000165, -0.0002189, -0.0002431, -0.0002057, -0.000143, -0.0001672, -0.0002233, -0.0002475, -0.0002134, -0.0001507, -0.0001595, -0.0002299, -0.0002519, -0.00019800000000000002, -0.000154, -0.0001694, -0.0002277, -0.0002541, -0.0002046, -0.0001507, -0.0001562, -0.0002277, -0.0002585, -0.0002057, -0.0001518, -0.000165, -0.0002266, -0.0002541, -0.0002189, -0.0001529, -0.0001573, -0.0002244, -0.0002508, -0.00020130000000000001, -0.0001518, -0.0001617, -0.0002244, -0.0002563, -0.0002101, -0.0001584, -0.0001606, -0.000231, -0.000242, -0.0002035, -0.0001452, -0.0001485, -0.0002189, -0.0002563, -0.0002123, -0.0001452, -0.0001683, -0.0002178, -0.0002486, -0.00020240000000000001, -0.0001485, -0.0001595, -0.0002299, -0.000253, -0.0002101, -0.0001628, -0.0001628, -0.0002233, -0.0002376, -0.0002046, -0.0001595, -0.0001639, -0.0002266, -0.0002552, -0.0002068, -0.0001463, -0.0001595, -0.0002244, -0.0002409, -0.0002123, -0.0001628, -0.0001595, -0.0002277, -0.0002409, -0.0002057, -0.0001485, -0.000165, -0.0002321, -0.0002486, -0.0002046, -0.0001529, -0.0001584, -0.0002255, -0.0002508, -0.0002057, -0.0001463, -0.000165, -0.0002288, -0.0002475, -0.0002134, -0.0001496, -0.0001562, -0.0002189, -0.0002475, -0.000209, -0.0001507, -0.0001562, -0.0002277, -0.0002376, -0.0002068, -0.0001496, -0.0001705, -0.0002321, -0.0002552, -0.00020240000000000001, -0.000143, -0.0001661, -0.0002222, -0.0002519, -0.0002035, -0.0001485, -0.0001672, -0.0002266, -0.0002409, -0.0002101, -0.0001463, -0.0001727, -0.0002211, -0.0002365, -0.0002123, -0.000143, -0.0001562, -0.0002255, -0.0002607, -0.000209, -0.0001507, -0.00017710000000000002, -0.0002299, -0.0002431, -0.0002046, -0.0001584, -0.0001617, -0.0002211, -0.000231, -0.0002035, -0.0001573, -0.0001595, -0.0002332, -0.0002486, -0.00019580000000000002, -0.0001496, -0.0001628, -0.0002178, -0.0002552, -0.00020130000000000001, -0.000154, -0.0001628, -0.0002211, -0.0002442, -0.00020020000000000001, -0.0001441, -0.0001749, -0.0002255, -0.0002563, -0.0002035, -0.0001485, -0.0001628, -0.0002167, -0.000242, -0.00019910000000000001, -0.0001518, -0.000165, -0.0002255, -0.000242, -0.00019910000000000001, -0.0001496, -0.0001617, -0.0002211, -0.0002453, -0.0002079, -0.0001584, -0.000165, -0.0002288, -0.0002464, -0.0002101, -0.0001496, -0.0001551, -0.0002299, -0.0002508, -0.0002068, -0.0001474, -0.0001606, -0.000231, -0.0002508, -0.0002134, -0.0001573, -0.0001639, -0.0002277, -0.0002486, -0.00020240000000000001, -0.0001507, -0.0001639, -0.0002244, -0.000242, -0.0002035, -0.0001595, -0.0001606, -0.0002343, -0.0002497, -0.00020240000000000001, -0.0001573]","[0.0006908, 0.0011847000000000001, 0.0012848, 0.0008756, 0.00047410000000000003, 0.0006798, 0.0011924000000000001, 0.0012947, 0.0008745000000000001, 0.0004862, 0.0006985, 0.0011924000000000001, 0.0013145000000000001, 0.0008877000000000001, 0.0004873, 0.0006908, 0.0012045, 0.0013156, 0.0008789000000000001, 0.0004895, 0.0007018, 0.0012045, 0.0013222000000000002, 0.0008910000000000001, 0.00048290000000000003, 0.0006985, 0.0012199, 0.0013255, 0.0008954000000000001, 0.0004928, 0.0006952, 0.001221, 0.0013288, 0.0008965, 0.0004939, 0.0007007000000000001, 0.0012265000000000002, 0.0013178, 0.0008855, 0.0004895, 0.0006974, 0.001221, 0.0013167, 0.0008998000000000001, 0.0004895, 0.0007062, 0.0012188000000000001, 0.0013178, 0.0008921000000000001, 0.0004873, 0.0007018, 0.0012144, 0.0013123, 0.0008833000000000001, 0.0004906, 0.0006974, 0.0012177000000000002, 0.0013189, 0.0008866000000000001, 0.0004873, 0.0007106, 0.0012199, 0.0013266, 0.0008855, 0.0004983, 0.0007073, 0.0012221, 0.0013178, 0.0008910000000000001, 0.00048290000000000003, 0.0007106, 0.0012166, 0.0013255, 0.0008833000000000001, 0.0004774, 0.0007062, 0.0012221, 0.001309, 0.0008888, 0.0004818, 0.0006985, 0.0012265000000000002, 0.0013244, 0.0008910000000000001, 0.0004884, 0.0006963000000000001, 0.0012144, 0.0013178, 0.0008921000000000001, 0.0004906, 0.0007051000000000001, 0.0012111000000000001, 0.0013277, 0.0008822000000000001, 0.0004928, 0.0007051000000000001, 0.0012111000000000001, 0.0013222000000000002, 0.0008855, 0.0004928, 0.0007073, 0.0012199, 0.0013222000000000002, 0.0008910000000000001, 0.0004873, 0.0006941, 0.0012056, 0.0013233000000000001, 0.0008844, 0.0004862, 0.0006941, 0.0012188000000000001, 0.0013244, 0.0008877000000000001, 0.0004884, 0.0006963000000000001, 0.0012232, 0.0013189, 0.0008822000000000001, 0.0005005000000000001, 0.0007029, 0.0012166, 0.0013189, 0.0008822000000000001, 0.00048070000000000003, 0.0006996, 0.0012155, 0.0013244, 0.0008844, 0.00048510000000000003, 0.0007007000000000001, 0.0012188000000000001, 0.0013255, 0.0008954000000000001, 0.0004862, 0.0007095000000000001, 0.0012122, 0.0013233000000000001, 0.0008866000000000001, 0.0004906, 0.0007062, 0.0012199, 0.0013233000000000001, 0.0008877000000000001, 0.0004818, 0.0007073, 0.0012188000000000001, 0.0013244, 0.0008855, 0.0004884, 0.0007062, 0.0012111000000000001, 0.0013112, 0.0008778000000000001, 0.00047850000000000003, 0.0006996, 0.0012166, 0.0013255, 0.0008888, 0.0004873, 0.000704, 0.0012166, 0.0013156, 0.0008833000000000001, 0.00048290000000000003, 0.0007029, 0.0012133, 0.0013266, 0.0008888, 0.0004862, 0.0007095000000000001, 0.001221, 0.0013178, 0.0008943, 0.0004895, 0.0007007000000000001, 0.0012276000000000001, 0.0013233000000000001, 0.0008899, 0.0004884, 0.0006996, 0.0012144, 0.00132, 0.0008899, 0.0004895, 0.0007018, 0.0012221, 0.0013156, 0.0008943, 0.0004917, 0.0007172000000000001, 0.0012188000000000001, 0.0013123, 0.0008888, 0.000495, 0.0006985, 0.0012166, 0.0013156, 0.0008822000000000001, 0.0004928, 0.0007062, 0.0012221, 0.0013189, 0.0008778000000000001, 0.0004818, 0.0007062, 0.0012122, 0.0013178, 0.0008899, 0.00048070000000000003, 0.0006996, 0.0012144, 0.0013288, 0.0008899, 0.0004895, 0.0007084000000000001, 0.0012155, 0.0013178, 0.0008767, 0.000484, 0.0006974, 0.0012188000000000001, 0.0013211, 0.0008899, 0.0004939, 0.0007128000000000001, 0.0012188000000000001, 0.0013233000000000001, 0.0008866000000000001, 0.0004862, 0.0007172000000000001, 0.0012100000000000001, 0.0013189, 0.00088, 0.00048510000000000003, 0.0006941, 0.0012199, 0.0013189, 0.0008855, 0.0004895, 0.0007062, 0.0012133, 0.0013222000000000002, 0.0008811, 0.00048070000000000003, 0.0006963000000000001, 0.0012133, 0.0013101, 0.0008844, 0.00048510000000000003, 0.0006963000000000001, 0.0012177000000000002, 0.001309, 0.0008888, 0.0004928, 0.0007117, 0.0012177000000000002, 0.0013233000000000001, 0.0008855, 0.0004884, 0.0007172000000000001, 0.0012298, 0.0013211, 0.0008822000000000001, 0.0004884, 0.0007095000000000001, 0.0012177000000000002, 0.0013178, 0.0008811, 0.00047850000000000003, 0.000704, 0.0012177000000000002, 0.0013255, 0.00088, 0.0004862, 0.0007062, 0.0012265000000000002, 0.0013244, 0.0008888, 0.0004906, 0.0007106, 0.0012276000000000001, 0.0013101, 0.0008734000000000001, 0.0004895, 0.0007073, 0.0012177000000000002, 0.0013145000000000001, 0.0008943, 0.000495, 0.0007117, 0.0012122, 0.0013233000000000001, 0.0008888, 0.0004983, 0.0007018, 0.0012155, 0.00132, 0.0008844, 0.00047850000000000003, 0.0007117, 0.0012177000000000002, 0.0013134000000000002, 0.0008767, 0.0005005000000000001, 0.0007117, 0.0012243, 0.0013145000000000001, 0.0008844, 0.0004873, 0.0007216000000000001, 0.0012133, 0.0013101, 0.00088, 0.000484, 0.0007106, 0.0012144, 0.0013244, 0.0008866000000000001, 0.0004961000000000001, 0.0007139000000000001, 0.0012298, 0.0013222000000000002, 0.0008844, 0.0004906, 0.0007084000000000001, 0.0012199, 0.0013189, 0.0008844, 0.00047630000000000003, 0.0007106, 0.0012221, 0.0013233000000000001, 0.0008789000000000001, 0.0004895, 0.0007128000000000001, 0.0012188000000000001, 0.0013299, 0.0008888, 0.0004906, 0.0007117, 0.0012199, 0.0013178, 0.0008877000000000001, 0.00047850000000000003, 0.0007051000000000001, 0.0012265000000000002, 0.0013189, 0.0008899, 0.0004906, 0.000715, 0.0012144, 0.0013145000000000001, 0.0008789000000000001, 0.0004917, 0.0007029, 0.0012232, 0.0013288, 0.0008943, 0.0004873, 0.0007139000000000001, 0.0012331, 0.0013156, 0.0008910000000000001, 0.0004895, 0.0007095000000000001, 0.0012144, 0.0013145000000000001, 0.0008822000000000001, 0.0004928, 0.0007139000000000001, 0.0012254, 0.0013189, 0.0008844, 0.00048510000000000003, 0.0007117, 0.0012144, 0.0013244, 0.00088, 0.000484, 0.0007007000000000001, 0.0012056, 0.0013189, 0.0008778000000000001, 0.0004818, 0.0007117, 0.0012122, 0.0013310000000000002, 0.0008833000000000001, 0.0004928, 0.0007062, 0.0012188000000000001, 0.0013145000000000001, 0.0008932, 0.0004895, 0.0007073, 0.0012309, 0.0013178, 0.0008888, 0.0004961000000000001, 0.0007051000000000001, 0.001232, 0.0013255, 0.0008789000000000001, 0.00048510000000000003, 0.0007051000000000001, 0.0012287, 0.0013189, 0.0008855, 0.0004884, 0.0007139000000000001, 0.0012254, 0.0013277, 0.0008899, 0.00048070000000000003, 0.0007051000000000001, 0.0012232, 0.0013123, 0.0008921000000000001, 0.00048510000000000003, 0.0007084000000000001, 0.0012199, 0.0013189, 0.0008778000000000001, 0.00047630000000000003, 0.0007194, 0.0012221, 0.0013189, 0.0008855, 0.0004961000000000001, 0.0007084000000000001, 0.0012254, 0.0013167, 0.0008921000000000001, 0.0004939, 0.0007095000000000001, 0.0012089000000000002, 0.0013101, 0.00088, 0.00048070000000000003, 0.0007095000000000001, 0.0012177000000000002, 0.0013211, 0.0008910000000000001, 0.0004895, 0.0007161, 0.0012243, 0.0013079, 0.0008734000000000001, 0.0004928, 0.0007095000000000001, 0.001221, 0.0013310000000000002, 0.0008778000000000001, 0.0004862, 0.0007029, 0.0012254, 0.0013156, 0.0008866000000000001, 0.000484, 0.0007062, 0.0012276000000000001, 0.00132, 0.0008833000000000001, 0.00047850000000000003, 0.0007106, 0.0012199, 0.0013244, 0.00088, 0.0004895, 0.0007172000000000001, 0.0012199, 0.0013178, 0.0008855, 0.0004873, 0.0007029, 0.0012221, 0.0013178, 0.0008712, 0.0004939, 0.0007128000000000001, 0.0012254, 0.0013211, 0.0008822000000000001, 0.0004895, 0.0007194, 0.0012199, 0.0013189, 0.0008888, 0.00048290000000000003, 0.0007051000000000001, 0.001221, 0.0013167, 0.0008756, 0.0004884, 0.0007117, 0.001221, 0.0013167, 0.0008833000000000001, 0.0004873]",28
64,"[-0.0002079, -0.0002695, -0.0004114, -0.00044, -0.0003212, -0.0002101, -0.00028270000000000004, -0.0004268, -0.00045430000000000004, -0.00032010000000000003, -0.0002123, -0.00028710000000000004, -0.0004356, -0.0004466, -0.0003168, -0.0002145, -0.00028930000000000004, -0.0004378, -0.000451, -0.0003355, -0.0002233, -0.0002838, -0.000429, -0.0004576, -0.000319, -0.0002233, -0.00028270000000000004, -0.0004312, -0.00045650000000000004, -0.0003278, -0.0002156, -0.00028930000000000004, -0.0004334, -0.0004532, -0.0003289, -0.0002156, -0.0002882, -0.00044, -0.0004576, -0.0003234, -0.0002134, -0.00028710000000000004, -0.0004378, -0.00045650000000000004, -0.0003267, -0.0002123, -0.000286, -0.0004422, -0.00046310000000000004, -0.00032230000000000003, -0.0002112, -0.00029810000000000004, -0.00042790000000000005, -0.0004488, -0.0003267, -0.0002222, -0.000297, -0.0004378, -0.000462, -0.0003267, -0.0002167, -0.0002882, -0.00043450000000000004, -0.00046090000000000004, -0.00032010000000000003, -0.0002211, -0.00028710000000000004, -0.0004334, -0.0004598, -0.0003322, -0.000209, -0.00029370000000000004, -0.0004422, -0.0004554, -0.0003234, -0.0002134, -0.00028930000000000004, -0.00044, -0.0004664, -0.00032010000000000003, -0.0002134, -0.0002805, -0.0004312, -0.00046090000000000004, -0.00032230000000000003, -0.0002178, -0.00028270000000000004, -0.00043670000000000004, -0.0004576, -0.0003377, -0.0002145, -0.0002838, -0.0004356, -0.00044770000000000004, -0.0003267, -0.0002222, -0.0002926, -0.00044110000000000004, -0.00044990000000000004, -0.0003256, -0.0002288, -0.0002904, -0.000429, -0.00044550000000000004, -0.0003234, -0.0002255, -0.000286, -0.000429, -0.00044990000000000004, -0.00032230000000000003, -0.0002123, -0.000297, -0.00043450000000000004, -0.00046090000000000004, -0.0003278, -0.000231, -0.0002882, -0.000429, -0.00044990000000000004, -0.000319, -0.0002211, -0.00028710000000000004, -0.0004334, -0.0004554, -0.00032230000000000003, -0.0002145, -0.00028270000000000004, -0.00042790000000000005, -0.0004642, -0.0003256, -0.0002156, -0.00028490000000000004, -0.0004312, -0.00045210000000000004, -0.00032230000000000003, -0.0002123, -0.0002838, -0.0004378, -0.00046310000000000004, -0.000319, -0.0002123, -0.00028710000000000004, -0.00043890000000000004, -0.0004488, -0.0003234, -0.0002145, -0.0002882, -0.00043670000000000004, -0.00045430000000000004, -0.0003355, -0.0002112, -0.00029370000000000004, -0.00042570000000000005, -0.000462, -0.0003278, -0.00022, -0.00029150000000000004, -0.00043230000000000005, -0.00045430000000000004, -0.0003256, -0.00022, -0.00028490000000000004, -0.00043010000000000005, -0.0004488, -0.00032450000000000003, -0.0002167, -0.00029150000000000004, -0.00042790000000000005, -0.0004642, -0.0003278, -0.0002222, -0.0002948, -0.0004334, -0.00045430000000000004, -0.00033, -0.0002079, -0.0002794, -0.0004378, -0.00045870000000000004, -0.0003289, -0.0002156, -0.0002904, -0.00043230000000000005, -0.000462, -0.00033, -0.0002255, -0.0002926, -0.00043450000000000004, -0.00045210000000000004, -0.0003267, -0.0002167, -0.0002882, -0.00044110000000000004, -0.00045430000000000004, -0.00033, -0.0002233, -0.00028490000000000004, -0.00043230000000000005, -0.00044990000000000004, -0.00032450000000000003, -0.0002079, -0.00028490000000000004, -0.00043670000000000004, -0.00044330000000000004, -0.000319, -0.0002189, -0.000286, -0.00042570000000000005, -0.00045430000000000004, -0.0003322, -0.000209, -0.00028710000000000004, -0.0004356, -0.0004532, -0.0003333, -0.0002167, -0.00028930000000000004, -0.00044330000000000004, -0.0004554, -0.0003267, -0.0002244, -0.0002926, -0.0004466, -0.0004488, -0.00031570000000000003, -0.0002178, -0.000286, -0.0004312, -0.0004576, -0.0003278, -0.0002123, -0.0002838, -0.00043890000000000004, -0.00045870000000000004, -0.00032450000000000003, -0.0002211, -0.0002805, -0.0004334, -0.0004422, -0.00032010000000000003, -0.0002244, -0.00029370000000000004, -0.00043010000000000005, -0.0004488, -0.0003168, -0.0002222, -0.000286, -0.000429, -0.0004642, -0.0003256, -0.0002167, -0.00028270000000000004, -0.0004334, -0.00045650000000000004, -0.00032450000000000003, -0.00022, -0.00029150000000000004, -0.00043450000000000004, -0.0004554, -0.00032450000000000003, -0.0002178, -0.0002904, -0.0004422, -0.0004642, -0.0003256, -0.0002211, -0.00028930000000000004, -0.0004378, -0.00044550000000000004, -0.00031130000000000003, -0.0002079, -0.0002805, -0.00044, -0.00044770000000000004, -0.0003234, -0.00022, -0.00028710000000000004, -0.00044770000000000004, -0.0004488, -0.00033, -0.0002134, -0.0002838, -0.0004378, -0.00045870000000000004, -0.0003256, -0.0002167, -0.00028710000000000004, -0.0004334, -0.0004576, -0.00032450000000000003, -0.0002167, -0.000286, -0.0004334, -0.0004598, -0.0003212, -0.0002101, -0.0002904, -0.00043010000000000005, -0.00044990000000000004, -0.0003256, -0.0002233, -0.00028710000000000004, -0.00043230000000000005, -0.00045650000000000004, -0.0003234, -0.0002167, -0.0002882, -0.0004356, -0.00045430000000000004, -0.00031790000000000003, -0.0002211, -0.0002992, -0.00043670000000000004, -0.0004598, -0.00031570000000000003, -0.0002112, -0.00029150000000000004, -0.00043230000000000005, -0.00044550000000000004, -0.0003256, -0.0002112, -0.00028930000000000004, -0.0004224, -0.0004532, -0.0003256, -0.0002145, -0.0003014, -0.00043450000000000004, -0.00045650000000000004, -0.00032010000000000003, -0.0002134, -0.00028270000000000004, -0.00043890000000000004, -0.0004532, -0.0003256, -0.0002233, -0.0002838, -0.0004378, -0.0004532, -0.00032010000000000003, -0.0002134, -0.00029150000000000004, -0.0004268, -0.0004642, -0.0003212, -0.0002244, -0.000286, -0.0004312, -0.00045650000000000004, -0.0003256, -0.0002178, -0.00028490000000000004, -0.0004356, -0.0004488, -0.0003344, -0.0002167, -0.0002882, -0.0004378, -0.000451, -0.0003289, -0.0002189, -0.0002794, -0.00043450000000000004, -0.00045870000000000004, -0.0003289, -0.0002145, -0.00028930000000000004, -0.00043670000000000004, -0.00046530000000000003, -0.00031570000000000003, -0.0002145, -0.0002948, -0.0004444, -0.00045210000000000004, -0.0003234, -0.0002211, -0.0002904, -0.00044110000000000004, -0.0004488, -0.0003311, -0.000209, -0.00029150000000000004, -0.000429, -0.000451, -0.0003278, -0.0002167, -0.0002816, -0.00043890000000000004, -0.00044990000000000004, -0.0003366, -0.0002178, -0.00029150000000000004, -0.00044550000000000004, -0.00044990000000000004, -0.0003289, -0.0002244, -0.00029150000000000004, -0.00043670000000000004, -0.0004466, -0.0003234, -0.0002123, -0.000297, -0.0004378, -0.0004554, -0.00031570000000000003, -0.0002233, -0.00029150000000000004, -0.0004334, -0.00045430000000000004, -0.00032010000000000003, -0.00022, -0.0002838, -0.00043230000000000005, -0.0004598, -0.0003344, -0.0002101, -0.00029590000000000004, -0.0004312, -0.00045210000000000004, -0.0003289, -0.0002244, -0.0002882, -0.0004356, -0.0004576, -0.00031790000000000003, -0.00022, -0.0002838, -0.00043890000000000004, -0.00045210000000000004, -0.000319, -0.0002145, -0.0002882, -0.00043450000000000004, -0.0004576, -0.0003333, -0.0002123, -0.00029590000000000004, -0.0004444, -0.0004532, -0.0003267, -0.0002101, -0.00029150000000000004, -0.00043890000000000004, -0.00046310000000000004, -0.0003278, -0.0002134, -0.0002882, -0.00043890000000000004, -0.00045650000000000004, -0.00032230000000000003, -0.0002189, -0.00029810000000000004, -0.0004444, -0.00045870000000000004, -0.0003366, -0.00022, -0.0002904, -0.00043670000000000004, -0.0004466, -0.000319, -0.00022, -0.00029150000000000004, -0.00043890000000000004, -0.00045870000000000004, -0.00032450000000000003, -0.0002145, -0.00029150000000000004, -0.00044550000000000004, -0.00045210000000000004, -0.0003267, -0.0002134, -0.0002772, -0.0004356, -0.00046090000000000004, -0.0003146, -0.00022, -0.000286, -0.00042350000000000005, -0.0004554, -0.0003212, -0.0002167, -0.0002926, -0.00043010000000000005, -0.00045650000000000004, -0.0003267, -0.0002112, -0.00030250000000000003, -0.00043010000000000005, -0.00044990000000000004, -0.0003256, -0.0002112, -0.00029150000000000004, -0.00044, -0.00045430000000000004, -0.0003333, -0.0002211, -0.0002882, -0.00042790000000000005, -0.00045210000000000004, -0.00031790000000000003]","[-0.000154, -0.0001672, -0.0002255, -0.0002354, -0.0002035, -0.0001551, -0.0001661, -0.0002365, -0.0002497, -0.0002134, -0.0001496, -0.0001705, -0.0002343, -0.0002376, -0.0002112, -0.0001463, -0.00017930000000000002, -0.0002255, -0.0002431, -0.0002079, -0.0001386, -0.0001683, -0.0002321, -0.0002464, -0.0002068, -0.0001562, -0.0001639, -0.000231, -0.0002497, -0.0002068, -0.0001529, -0.0001606, -0.0002255, -0.0002409, -0.00019800000000000002, -0.0001408, -0.0001639, -0.0002321, -0.0002464, -0.0002079, -0.0001595, -0.0001727, -0.0002343, -0.0002486, -0.0002068, -0.0001485, -0.0001727, -0.0002222, -0.0002453, -0.0002057, -0.000154, -0.0001639, -0.0002167, -0.0002497, -0.00020240000000000001, -0.000143, -0.0001661, -0.0002255, -0.0002596, -0.00019910000000000001, -0.0001485, -0.0001551, -0.000231, -0.000253, -0.00020130000000000001, -0.0001529, -0.0001738, -0.000231, -0.0002563, -0.0002035, -0.0001441, -0.0001617, -0.0002343, -0.0002541, -0.00020240000000000001, -0.0001441, -0.000165, -0.0002277, -0.0002464, -0.000209, -0.0001452, -0.0001628, -0.0002255, -0.0002431, -0.0002035, -0.0001485, -0.0001694, -0.00022, -0.0002563, -0.00020130000000000001, -0.0001474, -0.0001573, -0.0002189, -0.0002585, -0.000209, -0.0001518, -0.0001595, -0.0002299, -0.0002497, -0.00020130000000000001, -0.000154, -0.0001628, -0.0002343, -0.0002409, -0.00020130000000000001, -0.0001441, -0.0001694, -0.0002244, -0.0002497, -0.0002134, -0.0001551, -0.0001716, -0.0002288, -0.0002398, -0.0002046, -0.0001485, -0.0001584, -0.0002277, -0.000242, -0.0002046, -0.0001496, -0.0001716, -0.0002266, -0.0002486, -0.0002035, -0.0001551, -0.0001672, -0.0002354, -0.0002618, -0.0002079, -0.0001573, -0.0001661, -0.0002222, -0.0002541, -0.0002046, -0.0001474, -0.0001727, -0.0002189, -0.000253, -0.0002068, -0.0001529, -0.0001617, -0.0002244, -0.0002464, -0.00019800000000000002, -0.0001551, -0.0001595, -0.0002332, -0.0002453, -0.000209, -0.0001529, -0.0001716, -0.0002299, -0.0002486, -0.0002046, -0.0001419, -0.0001683, -0.0002255, -0.0002453, -0.00020020000000000001, -0.0001474, -0.0001628, -0.0002266, -0.0002596, -0.0002035, -0.0001529, -0.0001694, -0.0002277, -0.0002563, -0.00020240000000000001, -0.0001419, -0.0001661, -0.0002266, -0.0002442, -0.00020240000000000001, -0.0001584, -0.0001672, -0.0002244, -0.0002409, -0.0002057, -0.0001485, -0.0001738, -0.0002354, -0.0002376, -0.0002134, -0.0001551, -0.0001683, -0.0002299, -0.0002585, -0.00020020000000000001, -0.000154, -0.0001738, -0.0002332, -0.0002519, -0.0002046, -0.0001463, -0.0001573, -0.0002266, -0.0002563, -0.0002178, -0.0001419, -0.0001661, -0.0002266, -0.0002497, -0.0002035, -0.0001496, -0.0001672, -0.0002255, -0.0002475, -0.0002046, -0.0001485, -0.0001705, -0.0002321, -0.0002486, -0.0002112, -0.0001551, -0.0001661, -0.0002354, -0.0002519, -0.0002035, -0.0001573, -0.0001705, -0.000231, -0.0002486, -0.0002123, -0.0001408, -0.0001595, -0.000231, -0.0002508, -0.0002112, -0.0001463, -0.0001716, -0.0002288, -0.0002563, -0.00020020000000000001, -0.0001518, -0.0001738, -0.0002266, -0.0002508, -0.0002068, -0.0001463, -0.0001617, -0.0002222, -0.0002486, -0.0002035, -0.000154, -0.0001705, -0.0002244, -0.0002442, -0.00020130000000000001, -0.0001617, -0.00017820000000000002, -0.0002255, -0.0002464, -0.00019910000000000001, -0.0001463, -0.000165, -0.0002365, -0.0002519, -0.0002057, -0.0001573, -0.0001661, -0.0002365, -0.0002563, -0.00019250000000000002, -0.0001562, -0.0001639, -0.0002244, -0.0002464, -0.0002079, -0.0001485, -0.0001661, -0.0002266, -0.0002453, -0.0002079, -0.0001452, -0.0001672, -0.0002299, -0.0002574, -0.00020130000000000001, -0.0001441, -0.0001617, -0.0002222, -0.0002541, -0.0002035, -0.0001463, -0.0001705, -0.0002321, -0.0002409, -0.0002068, -0.0001463, -0.0001628, -0.0002222, -0.0002508, -0.00020020000000000001, -0.0001595, -0.0001672, -0.0002376, -0.0002453, -0.00020020000000000001, -0.0001485, -0.0001683, -0.0002244, -0.0002475, -0.0002101, -0.0001518, -0.0001573, -0.0002255, -0.0002541, -0.0002079, -0.0001485, -0.0001705, -0.0002299, -0.0002475, -0.0002057, -0.0001441, -0.0001749, -0.0002233, -0.0002519, -0.0002156, -0.0001562, -0.0001628, -0.0002288, -0.0002475, -0.00020240000000000001, -0.0001507, -0.0001661, -0.0002222, -0.0002497, -0.0002057, -0.000154, -0.000165, -0.0002387, -0.0002431, -0.00020240000000000001, -0.0001529, -0.0001661, -0.0002244, -0.0002574, -0.0002145, -0.0001507, -0.0001628, -0.0002244, -0.0002431, -0.0002068, -0.0001551, -0.0001683, -0.0002387, -0.0002497, -0.0002112, -0.0001617, -0.000154, -0.0002299, -0.0002497, -0.00020240000000000001, -0.0001485, -0.00017820000000000002, -0.0002332, -0.0002618, -0.00019800000000000002, -0.0001551, -0.0001661, -0.0002244, -0.0002453, -0.0002046, -0.0001507, -0.0001694, -0.000231, -0.0002464, -0.0002079, -0.000154, -0.0001683, -0.0002321, -0.0002541, -0.00020020000000000001, -0.0001496, -0.0001639, -0.0002343, -0.0002585, -0.0002057, -0.0001518, -0.0001639, -0.0002255, -0.0002486, -0.0002112, -0.0001507, -0.000165, -0.0002255, -0.0002442, -0.00019800000000000002, -0.0001375, -0.0001617, -0.0002288, -0.0002475, -0.0002079, -0.000143, -0.0001716, -0.0002321, -0.0002475, -0.0002101, -0.0001463, -0.0001661, -0.0002178, -0.0002409, -0.0002035, -0.0001474, -0.000165, -0.0002255, -0.0002552, -0.000209, -0.0001474, -0.000165, -0.0002288, -0.000253, -0.00019910000000000001, -0.000143, -0.000176, -0.0002255, -0.0002585, -0.0002057, -0.0001441, -0.0001628, -0.0002233, -0.0002442, -0.0002046, -0.0001562, -0.0001738, -0.0002277, -0.0002464, -0.0002189, -0.0001485, -0.000165, -0.0002233, -0.000242, -0.00020240000000000001, -0.0001496, -0.0001705, -0.0002255, -0.0002607, -0.0002068, -0.0001573, -0.0001694, -0.0002365, -0.0002475, -0.0002101, -0.0001441, -0.0001738, -0.0002222, -0.0002574, -0.0002068, -0.0001463, -0.0001694, -0.0002255, -0.0002508, -0.00020130000000000001, -0.0001507, -0.0001683, -0.0002244, -0.0002508, -0.00020130000000000001, -0.000154, -0.0001562, -0.0002321, -0.0002442, -0.00020130000000000001, -0.0001496, -0.0001595, -0.0002332, -0.0002475, -0.0002035, -0.0001496, -0.0001716, -0.000231, -0.0002508, -0.00019690000000000002, -0.0001551, -0.0001683, -0.0002211, -0.000253, -0.0002189, -0.0001441, -0.0001672, -0.0002244, -0.0002519, -0.00020020000000000001, -0.0001496, -0.0001639, -0.0002255, -0.0002508, -0.0002046, -0.0001463, -0.0001639, -0.0002332, -0.0002486, -0.0002079, -0.0001529, -0.0001661, -0.0002321, -0.0002409, -0.0002112]","[0.0004895, 0.0007227000000000001, 0.0012463, 0.0013167, 0.0008679, 0.00048510000000000003, 0.0007304000000000001, 0.0012408, 0.0013343, 0.0008866000000000001, 0.0004862, 0.0007392000000000001, 0.0012474, 0.0013277, 0.0008811, 0.0005104, 0.0007403, 0.0012507, 0.0013442, 0.0008855, 0.0004983, 0.0007502, 0.0012452000000000001, 0.0013321000000000001, 0.0008833000000000001, 0.0004906, 0.0007381, 0.0012551, 0.0013321000000000001, 0.0008877000000000001, 0.0004895, 0.0007447, 0.0012485, 0.0013409000000000001, 0.0008833000000000001, 0.0004917, 0.0007249, 0.0012606, 0.0013365, 0.0008910000000000001, 0.0005071, 0.0007425, 0.0012573, 0.0013475000000000002, 0.0008877000000000001, 0.0004939, 0.0007348000000000001, 0.0012672, 0.0013332, 0.0008833000000000001, 0.0004972, 0.0007381, 0.0012562, 0.0013365, 0.0008833000000000001, 0.0005016, 0.0007359, 0.0012529000000000002, 0.0013453, 0.0008899, 0.0004917, 0.0007381, 0.0012496, 0.0013398000000000001, 0.0008888, 0.0004972, 0.0007315, 0.0012507, 0.0013354, 0.0008855, 0.0005038, 0.0007414, 0.0012584, 0.0013332, 0.0008833000000000001, 0.0004972, 0.0007304000000000001, 0.0012573, 0.0013354, 0.0008756, 0.0005005000000000001, 0.0007359, 0.0012507, 0.0013321000000000001, 0.0008756, 0.0004983, 0.0007480000000000001, 0.0012595, 0.0013288, 0.0008723, 0.0004818, 0.0007260000000000001, 0.0012595, 0.0013299, 0.0008888, 0.0004983, 0.0007403, 0.0012562, 0.0013277, 0.0008844, 0.0005005000000000001, 0.0007403, 0.0012507, 0.0013343, 0.0008844, 0.0004961000000000001, 0.000737, 0.0012628000000000001, 0.0013475000000000002, 0.0008899, 0.0004972, 0.0007337, 0.0012584, 0.0013354, 0.0008855, 0.000495, 0.000737, 0.0012595, 0.0013409000000000001, 0.0008855, 0.0005038, 0.0007469, 0.0012507, 0.0013332, 0.0008866000000000001, 0.0004917, 0.0007326, 0.0012694000000000002, 0.0013464, 0.0008811, 0.000495, 0.0007392000000000001, 0.0012529000000000002, 0.0013233000000000001, 0.0008877000000000001, 0.0004972, 0.0007326, 0.0012606, 0.0013409000000000001, 0.0008778000000000001, 0.000495, 0.0007469, 0.0012474, 0.0013321000000000001, 0.0008844, 0.0004961000000000001, 0.0007381, 0.0012606, 0.0013255, 0.0008921000000000001, 0.0004961000000000001, 0.0007337, 0.0012562, 0.0013332, 0.0008811, 0.0004961000000000001, 0.0007359, 0.0012672, 0.0013409000000000001, 0.0008811, 0.0004983, 0.0007348000000000001, 0.0012507, 0.0013365, 0.0008833000000000001, 0.0004961000000000001, 0.0007447, 0.0012628000000000001, 0.0013277, 0.0008811, 0.0004972, 0.0007359, 0.0012540000000000001, 0.0013321000000000001, 0.0008811, 0.0005038, 0.0007403, 0.0012551, 0.0013376, 0.0008778000000000001, 0.0004939, 0.0007282, 0.0012562, 0.0013343, 0.0008855, 0.0004939, 0.0007359, 0.0012584, 0.0013387000000000002, 0.0008756, 0.0005016, 0.0007480000000000001, 0.0012584, 0.0013354, 0.0008877000000000001, 0.0004928, 0.0007414, 0.0012540000000000001, 0.0013354, 0.0008833000000000001, 0.0004983, 0.0007436000000000001, 0.0012606, 0.0013453, 0.0008855, 0.00048290000000000003, 0.0007381, 0.0012617000000000001, 0.0013398000000000001, 0.0008866000000000001, 0.0004917, 0.0007403, 0.0012628000000000001, 0.0013376, 0.0008844, 0.0004939, 0.0007447, 0.0012485, 0.0013321000000000001, 0.0008778000000000001, 0.00048510000000000003, 0.0007348000000000001, 0.0012485, 0.0013398000000000001, 0.0008888, 0.0005038, 0.0007425, 0.0012496, 0.0013288, 0.0008811, 0.0004961000000000001, 0.0007414, 0.0012595, 0.0013365, 0.0008811, 0.0004906, 0.0007447, 0.0012606, 0.0013354, 0.0008877000000000001, 0.0005016, 0.0007458, 0.0012628000000000001, 0.0013310000000000002, 0.0008789000000000001, 0.0004972, 0.0007502, 0.0012617000000000001, 0.0013288, 0.0008767, 0.0005093000000000001, 0.0007436000000000001, 0.0012639, 0.0013387000000000002, 0.0008833000000000001, 0.0004895, 0.0007447, 0.001265, 0.001342, 0.0008778000000000001, 0.0004994, 0.0007447, 0.0012639, 0.0013321000000000001, 0.0008899, 0.000495, 0.0007480000000000001, 0.001265, 0.0013343, 0.0008778000000000001, 0.0004961000000000001, 0.0007469, 0.0012606, 0.0013321000000000001, 0.0008745000000000001, 0.0004939, 0.0007447, 0.0012606, 0.0013354, 0.0008778000000000001, 0.0004873, 0.0007403, 0.0012584, 0.0013343, 0.0008877000000000001, 0.0005016, 0.0007480000000000001, 0.0012617000000000001, 0.0013343, 0.0008833000000000001, 0.0004961000000000001, 0.0007447, 0.0012672, 0.0013266, 0.0008756, 0.0004939, 0.0007414, 0.0012485, 0.0013354, 0.0008932, 0.0005016, 0.0007348000000000001, 0.001265, 0.0013398000000000001, 0.0008723, 0.0004994, 0.0007447, 0.0012606, 0.0013321000000000001, 0.0008767, 0.0005016, 0.0007524000000000001, 0.0012628000000000001, 0.0013431, 0.00088, 0.0004928, 0.0007491, 0.0012672, 0.0013376, 0.0008723, 0.0004917, 0.0007491, 0.0012683, 0.0013376, 0.0008844, 0.0004972, 0.0007513, 0.0012507, 0.0013376, 0.0008712, 0.0004906, 0.0007524000000000001, 0.0012562, 0.0013376, 0.00088, 0.0004928, 0.0007502, 0.0012573, 0.0013244, 0.0008833000000000001, 0.0004961000000000001, 0.0007392000000000001, 0.001265, 0.0013310000000000002, 0.0008712, 0.0004983, 0.0007491, 0.0012705000000000001, 0.0013343, 0.0008789000000000001, 0.0004928, 0.0007337, 0.0012595, 0.0013266, 0.0008734000000000001, 0.0005005000000000001, 0.0007403, 0.0012672, 0.0013288, 0.0008844, 0.0004917, 0.0007469, 0.0012595, 0.0013387000000000002, 0.0008756, 0.0004917, 0.0007392000000000001, 0.0012749, 0.0013299, 0.0008833000000000001, 0.000484, 0.000759, 0.001265, 0.0013343, 0.0008778000000000001, 0.0004972, 0.0007425, 0.0012672, 0.0013387000000000002, 0.0008811, 0.0004917, 0.0007447, 0.0012573, 0.0013365, 0.0008822000000000001, 0.0005016, 0.0007425, 0.0012584, 0.0013387000000000002, 0.0008756, 0.0004961000000000001, 0.0007458, 0.0012705000000000001, 0.0013343, 0.0008745000000000001, 0.0005049000000000001, 0.0007458, 0.0012617000000000001, 0.001342, 0.0008767, 0.0004928, 0.0007458, 0.0012617000000000001, 0.0013376, 0.0008756, 0.0004939, 0.0007469, 0.0012507, 0.0013310000000000002, 0.0008833000000000001, 0.0004928, 0.0007447, 0.0012639, 0.0013376, 0.0008844, 0.0004884, 0.0007546, 0.0012562, 0.0013321000000000001, 0.0008833000000000001, 0.0004906, 0.0007458, 0.0012584, 0.0013376, 0.0008855, 0.000506, 0.0007403, 0.0012584, 0.0013288, 0.0008789000000000001, 0.000495, 0.0007491, 0.001265, 0.0013398000000000001, 0.0008734000000000001, 0.0004972, 0.0007414, 0.0012628000000000001, 0.0013387000000000002, 0.0008701000000000001, 0.00048510000000000003, 0.0007458, 0.0012518, 0.0013343, 0.0008756, 0.0005027, 0.0007469, 0.0012562, 0.0013277, 0.0008745000000000001, 0.0004983, 0.0007392000000000001, 0.0012628000000000001, 0.0013431, 0.0008679, 0.0005005000000000001, 0.0007458, 0.0012606, 0.0013442, 0.0008855, 0.0005016, 0.0007381, 0.0012606, 0.0013354, 0.0008734000000000001, 0.000495, 0.0007381, 0.0012672, 0.0013299, 0.00088, 0.0005005000000000001, 0.0007425, 0.0012562, 0.0013299, 0.0008679, 0.0004917, 0.0007381, 0.0012705000000000001, 0.0013288, 0.0008778000000000001, 0.0004961000000000001, 0.0007535, 0.0012606, 0.0013266, 0.0008712, 0.0004994, 0.0007425, 0.0012628000000000001, 0.0013321000000000001, 0.0008833000000000001, 0.0004917, 0.0007480000000000001, 0.0012606, 0.0013343, 0.0008734000000000001, 0.0004895, 0.0007469, 0.0012606, 0.0013321000000000001, 0.0008712]",29
65,"[-0.00045210000000000004, -0.0004554, -0.0003311, -0.0002244, -0.00029150000000000004, -0.00045210000000000004, -0.00045210000000000004, -0.0003289, -0.0002178, -0.00029810000000000004, -0.00045210000000000004, -0.0004708, -0.0003454, -0.0002255, -0.00030030000000000004, -0.0004576, -0.0004664, -0.0003289, -0.0002244, -0.00029370000000000004, -0.0004576, -0.00047630000000000003, -0.0003278, -0.0002156, -0.000308, -0.00046090000000000004, -0.0004752, -0.0003432, -0.0002266, -0.0003058, -0.0004554, -0.0004532, -0.0003212, -0.000231, -0.00030250000000000003, -0.0004598, -0.000473, -0.00032450000000000003, -0.000231, -0.0003102, -0.000462, -0.00047190000000000003, -0.0003289, -0.0002211, -0.0003036, -0.00045210000000000004, -0.0004818, -0.0003388, -0.0002233, -0.00030910000000000003, -0.00045650000000000004, -0.0004752, -0.0003256, -0.0002431, -0.0002992, -0.00046090000000000004, -0.000473, -0.00032230000000000003, -0.0002255, -0.0003124, -0.00045650000000000004, -0.00046530000000000003, -0.0003344, -0.0002277, -0.00030910000000000003, -0.00046310000000000004, -0.00047410000000000003, -0.000341, -0.0002189, -0.0003014, -0.00045650000000000004, -0.00047850000000000003, -0.0003289, -0.0002255, -0.00030690000000000003, -0.00046090000000000004, -0.000473, -0.0003289, -0.0002299, -0.00030030000000000004, -0.0004642, -0.0004642, -0.0003377, -0.0002376, -0.00030030000000000004, -0.00045430000000000004, -0.00046970000000000003, -0.0003278, -0.0002343, -0.00030910000000000003, -0.00045210000000000004, -0.0004686, -0.0003388, -0.0002101, -0.00030470000000000003, -0.00046970000000000003, -0.0004708, -0.0003377, -0.0002266, -0.0003102, -0.0004664, -0.000473, -0.0003388, -0.0002277, -0.000308, -0.0004642, -0.00047410000000000003, -0.0003388, -0.0002321, -0.00031350000000000003, -0.0004598, -0.0004686, -0.0003333, -0.0002255, -0.00030690000000000003, -0.000462, -0.0004642, -0.0003333, -0.0002134, -0.00029810000000000004, -0.00046530000000000003, -0.00046530000000000003, -0.00033, -0.0002277, -0.00030250000000000003, -0.000462, -0.0004862, -0.000341, -0.0002442, -0.00030690000000000003, -0.0004554, -0.00046970000000000003, -0.0003399, -0.0002211, -0.0003102, -0.0004642, -0.00048070000000000003, -0.0003289, -0.0002211, -0.00031570000000000003, -0.00044550000000000004, -0.0004686, -0.0003234, -0.0002277, -0.00030030000000000004, -0.00046310000000000004, -0.00046970000000000003, -0.0003487, -0.0002134, -0.00030250000000000003, -0.00045870000000000004, -0.00046970000000000003, -0.0003355, -0.000231, -0.000308, -0.0004576, -0.000473, -0.0003366, -0.0002244, -0.0003102, -0.0004642, -0.000473, -0.0003366, -0.0002266, -0.0003036, -0.00046310000000000004, -0.00047410000000000003, -0.0003355, -0.0002178, -0.0003102, -0.00045430000000000004, -0.000473, -0.0003311, -0.0002178, -0.00030030000000000004, -0.0004466, -0.00047850000000000003, -0.0003465, -0.0002343, -0.00030910000000000003, -0.00046310000000000004, -0.00046310000000000004, -0.0003322, -0.0002178, -0.00030470000000000003, -0.00046530000000000003, -0.0004752, -0.0003267, -0.0002288, -0.00031570000000000003, -0.0004598, -0.00046970000000000003, -0.0003377, -0.0002211, -0.00030030000000000004, -0.00045870000000000004, -0.00047190000000000003, -0.0003344, -0.0002299, -0.00029810000000000004, -0.0004576, -0.00047190000000000003, -0.0003289, -0.0002255, -0.00031130000000000003, -0.00045870000000000004, -0.00047630000000000003, -0.0003322, -0.0002134, -0.00030030000000000004, -0.000451, -0.0004664, -0.0003388, -0.0002354, -0.00030250000000000003, -0.00045430000000000004, -0.000462, -0.0003377, -0.0002189, -0.00030910000000000003, -0.00045650000000000004, -0.00046090000000000004, -0.0003399, -0.0002321, -0.00030250000000000003, -0.00045430000000000004, -0.00046530000000000003, -0.0003256, -0.0002299, -0.00030690000000000003, -0.00045430000000000004, -0.00046750000000000003, -0.0003333, -0.0002255, -0.00031130000000000003, -0.0004598, -0.0004774, -0.00033, -0.0002288, -0.0003058, -0.00046530000000000003, -0.000473, -0.0003366, -0.0002244, -0.0003124, -0.00046750000000000003, -0.0004774, -0.00033, -0.0002156, -0.0003058, -0.00045430000000000004, -0.00047190000000000003, -0.0003366, -0.0002288, -0.00030470000000000003, -0.00046310000000000004, -0.0004686, -0.0003289, -0.0002178, -0.0003146, -0.00046310000000000004, -0.00047410000000000003, -0.0003421, -0.0002222, -0.00030690000000000003, -0.00046090000000000004, -0.00047630000000000003, -0.0003366, -0.00022, -0.0003014, -0.0004598, -0.000473, -0.0003278, -0.0002288, -0.000308, -0.0004642, -0.0004796, -0.0003322, -0.000231, -0.00029810000000000004, -0.0004532, -0.000473, -0.0003344, -0.0002299, -0.0003102, -0.00045650000000000004, -0.0004752, -0.0003366, -0.0002288, -0.00030470000000000003, -0.0004598, -0.00046750000000000003, -0.0003289, -0.00022, -0.0003124, -0.00045430000000000004, -0.00047630000000000003, -0.0003289, -0.0002222, -0.00031350000000000003, -0.0004598, -0.000462, -0.0003289, -0.0002222, -0.00030690000000000003, -0.0004664, -0.00047410000000000003, -0.0003333, -0.0002222, -0.0003058, -0.00046530000000000003, -0.00047850000000000003, -0.0003355, -0.0002321, -0.00031350000000000003, -0.0004598, -0.000473, -0.0003289, -0.0002244, -0.0003014, -0.00045870000000000004, -0.00047410000000000003, -0.0003311, -0.0002189, -0.0003058, -0.00045650000000000004, -0.0004708, -0.000341, -0.0002343, -0.00030910000000000003, -0.0004664, -0.000473, -0.0003256, -0.0002255, -0.00031350000000000003, -0.0004576, -0.0004708, -0.0003355, -0.00022, -0.0003102, -0.00046310000000000004, -0.00046750000000000003, -0.0003388, -0.0002299, -0.0003058, -0.0004664, -0.000473, -0.0003344, -0.00022, -0.0002992, -0.0004554, -0.00046530000000000003, -0.0003377, -0.0002387, -0.00031790000000000003, -0.00045870000000000004, -0.0004686, -0.0003322, -0.0002277, -0.0003014, -0.0004554, -0.00046530000000000003, -0.0003267, -0.0002244, -0.00031350000000000003, -0.0004554, -0.0004708, -0.0003267, -0.0002167, -0.00029810000000000004, -0.00046970000000000003, -0.0004818, -0.00032010000000000003, -0.0002233, -0.0003014, -0.0004554, -0.0004642, -0.00031570000000000003, -0.0002277, -0.0003036, -0.0004642, -0.00047190000000000003, -0.0003278, -0.0002255, -0.00032010000000000003, -0.00045430000000000004, -0.00047410000000000003, -0.0003377, -0.0002266, -0.00030250000000000003, -0.000451, -0.0004752, -0.0003311, -0.0002244, -0.00030470000000000003, -0.00045870000000000004, -0.0004708, -0.0003355, -0.0002288, -0.0003124, -0.00045650000000000004, -0.0004752, -0.0003344, -0.0002266, -0.0003036, -0.000462, -0.000473, -0.0003234, -0.0002178, -0.00030910000000000003, -0.00046310000000000004, -0.00046750000000000003, -0.0003311, -0.0002266, -0.0003058, -0.00045650000000000004, -0.00047190000000000003, -0.0003344, -0.0002233, -0.00031790000000000003, -0.00046310000000000004, -0.000473, -0.00031350000000000003, -0.0002244, -0.0003124, -0.0004598, -0.000473, -0.0003322, -0.0002178, -0.0002948, -0.0004554, -0.0004752, -0.0003322, -0.0002321, -0.0003146, -0.0004576, -0.00046750000000000003, -0.0003333, -0.00022, -0.0003102, -0.0004664, -0.0004686, -0.0003267, -0.0002255, -0.0003058, -0.0004686, -0.0004664, -0.0003311, -0.0002266, -0.00031350000000000003, -0.00046090000000000004, -0.0004752, -0.0003355, -0.0002167, -0.0003058, -0.00045650000000000004, -0.0004686, -0.0003322, -0.0002145, -0.00031130000000000003, -0.00046310000000000004, -0.0004774, -0.0003256, -0.0002321, -0.00030470000000000003, -0.000451, -0.0004642, -0.0003289, -0.0002233, -0.0003146, -0.00045650000000000004, -0.00047190000000000003, -0.0003311, -0.0002178, -0.00031570000000000003, -0.00046090000000000004, -0.0004752, -0.0003333, -0.000231, -0.00031130000000000003, -0.000462, -0.0004664, -0.0003278, -0.0002332, -0.0003124, -0.00046310000000000004, -0.00047410000000000003, -0.0003366, -0.0002167, -0.0003102, -0.000473, -0.000473, -0.0003311, -0.00022, -0.00031350000000000003, -0.0004642, -0.0004598, -0.0003278, -0.0002167, -0.0003124]","[-0.0002332, -0.0002497, -0.0002145, -0.0001496, -0.0001661, -0.000231, -0.0002453, -0.0002035, -0.0001452, -0.0001727, -0.0002442, -0.0002453, -0.000209, -0.0001529, -0.0001716, -0.0002398, -0.0002475, -0.0002156, -0.0001551, -0.0001562, -0.0002332, -0.0002585, -0.00020130000000000001, -0.0001595, -0.0001749, -0.0002365, -0.0002552, -0.0002112, -0.0001551, -0.0001661, -0.0002299, -0.0002618, -0.0002079, -0.000154, -0.00017930000000000002, -0.000231, -0.0002541, -0.0002068, -0.0001485, -0.0001727, -0.0002255, -0.0002552, -0.00020240000000000001, -0.0001562, -0.0001617, -0.0002409, -0.0002552, -0.00019910000000000001, -0.0001595, -0.0001705, -0.0002387, -0.0002574, -0.0002046, -0.0001518, -0.0001694, -0.0002321, -0.0002519, -0.0002178, -0.0001474, -0.0001727, -0.0002288, -0.0002475, -0.00019800000000000002, -0.0001496, -0.0001617, -0.000231, -0.0002486, -0.000209, -0.0001595, -0.0001716, -0.0002299, -0.0002552, -0.00020130000000000001, -0.0001551, -0.0001694, -0.0002321, -0.0002574, -0.0002046, -0.0001496, -0.0001661, -0.0002365, -0.0002508, -0.00020020000000000001, -0.0001485, -0.0001683, -0.0002354, -0.0002497, -0.00019800000000000002, -0.0001474, -0.0001705, -0.0002431, -0.0002475, -0.00020130000000000001, -0.000154, -0.0001738, -0.0002332, -0.0002574, -0.0002046, -0.0001595, -0.0001694, -0.0002332, -0.0002552, -0.00019910000000000001, -0.0001562, -0.0001606, -0.0002343, -0.0002486, -0.0002079, -0.0001606, -0.00017930000000000002, -0.0002343, -0.0002574, -0.0002046, -0.0001518, -0.0001683, -0.0002332, -0.0002464, -0.0002112, -0.0001562, -0.0001738, -0.0002255, -0.0002497, -0.0002101, -0.0001562, -0.000176, -0.0002288, -0.0002541, -0.00020240000000000001, -0.0001529, -0.0001749, -0.0002244, -0.0002464, -0.0002123, -0.0001419, -0.000165, -0.0002398, -0.0002596, -0.0002112, -0.0001353, -0.0001628, -0.0002321, -0.0002497, -0.00020240000000000001, -0.0001474, -0.0001661, -0.0002343, -0.0002464, -0.0002035, -0.0001551, -0.0001738, -0.0002332, -0.000253, -0.00020130000000000001, -0.0001397, -0.000165, -0.0002343, -0.0002662, -0.0002123, -0.0001628, -0.00017930000000000002, -0.0002365, -0.0002508, -0.000209, -0.0001529, -0.0001628, -0.0002332, -0.0002508, -0.00020130000000000001, -0.0001441, -0.0001683, -0.0002299, -0.0002497, -0.0002046, -0.0001496, -0.0001694, -0.0002354, -0.0002508, -0.0002101, -0.0001562, -0.0001727, -0.0002343, -0.0002563, -0.00020240000000000001, -0.0001452, -0.0001705, -0.0002332, -0.0002486, -0.0002068, -0.0001452, -0.000165, -0.0002387, -0.0002508, -0.000209, -0.0001496, -0.0001694, -0.0002321, -0.0002563, -0.0002079, -0.0001562, -0.0001716, -0.0002354, -0.0002486, -0.00020240000000000001, -0.0001529, -0.0001694, -0.0002343, -0.0002541, -0.00020130000000000001, -0.0001496, -0.0001672, -0.0002332, -0.0002486, -0.0002068, -0.0001441, -0.0001705, -0.0002277, -0.0002519, -0.0002178, -0.0001551, -0.0001749, -0.0002376, -0.0002508, -0.0002112, -0.0001562, -0.0001716, -0.0002343, -0.0002497, -0.0002035, -0.0001485, -0.0001661, -0.0002387, -0.0002552, -0.0002079, -0.0001573, -0.0001606, -0.0002244, -0.0002508, -0.0002046, -0.000154, -0.000165, -0.0002376, -0.0002475, -0.00020240000000000001, -0.0001452, -0.0001716, -0.0002398, -0.000253, -0.00020240000000000001, -0.0001452, -0.0001738, -0.0002354, -0.0002497, -0.00020020000000000001, -0.000154, -0.0001661, -0.0002277, -0.0002431, -0.0002123, -0.0001452, -0.0001705, -0.000231, -0.0002552, -0.0002057, -0.000143, -0.0001694, -0.0002409, -0.0002541, -0.00020020000000000001, -0.0001507, -0.000165, -0.0002299, -0.0002541, -0.00020020000000000001, -0.0001606, -0.000176, -0.0002343, -0.000253, -0.0002046, -0.0001573, -0.0001716, -0.000231, -0.0002552, -0.00020240000000000001, -0.0001419, -0.0001683, -0.000231, -0.0002475, -0.0002079, -0.0001606, -0.0001727, -0.0002222, -0.0002618, -0.0002068, -0.0001529, -0.0001749, -0.0002376, -0.0002607, -0.0002145, -0.0001573, -0.0001716, -0.0002376, -0.0002497, -0.00020130000000000001, -0.0001573, -0.0001628, -0.0002332, -0.0002541, -0.0002068, -0.0001562, -0.00017710000000000002, -0.0002343, -0.0002541, -0.000209, -0.0001628, -0.0001683, -0.0002288, -0.0002552, -0.00020020000000000001, -0.0001518, -0.0001705, -0.0002409, -0.0002508, -0.00020240000000000001, -0.0001529, -0.0001716, -0.0002288, -0.0002607, -0.0002046, -0.0001529, -0.000176, -0.0002354, -0.0002486, -0.0002101, -0.0001529, -0.0001738, -0.0002409, -0.0002552, -0.0002079, -0.0001364, -0.0001749, -0.000242, -0.0002651, -0.0002035, -0.0001463, -0.0001727, -0.0002398, -0.0002629, -0.00019690000000000002, -0.0001452, -0.00018040000000000002, -0.0002398, -0.0002508, -0.0002057, -0.0001518, -0.0001749, -0.0002387, -0.0002497, -0.0002101, -0.0001573, -0.0001672, -0.0002387, -0.0002464, -0.0002035, -0.0001551, -0.0001705, -0.0002376, -0.0002541, -0.00020130000000000001, -0.0001507, -0.0001694, -0.0002266, -0.0002519, -0.0002046, -0.0001463, -0.000165, -0.0002343, -0.0002629, -0.000209, -0.0001441, -0.0001672, -0.0002354, -0.0002618, -0.00019800000000000002, -0.000154, -0.0001705, -0.0002497, -0.0002563, -0.00019030000000000002, -0.0001518, -0.0001672, -0.0002277, -0.0002519, -0.00020240000000000001, -0.0001518, -0.0001727, -0.0002321, -0.0002541, -0.00019910000000000001, -0.0001628, -0.0001738, -0.0002343, -0.0002486, -0.00020020000000000001, -0.0001562, -0.0001661, -0.0002376, -0.0002618, -0.00020240000000000001, -0.0001518, -0.0001694, -0.0002255, -0.0002475, -0.00019910000000000001, -0.0001474, -0.0001694, -0.0002508, -0.0002552, -0.0002145, -0.0001529, -0.000176, -0.0002398, -0.0002497, -0.0002112, -0.0001485, -0.000176, -0.0002387, -0.0002541, -0.0002046, -0.0001551, -0.0001672, -0.0002387, -0.0002464, -0.000209, -0.0001485, -0.00017820000000000002, -0.0002321, -0.0002574, -0.0002101, -0.0001452, -0.0001694, -0.0002299, -0.0002486, -0.00020020000000000001, -0.0001518, -0.00018370000000000002, -0.0002343, -0.0002629, -0.00020020000000000001, -0.0001485, -0.0001749, -0.0002409, -0.0002431, -0.00020130000000000001, -0.0001529, -0.00017820000000000002, -0.0002288, -0.0002574, -0.00019910000000000001, -0.0001562, -0.0001683, -0.0002431, -0.0002508, -0.0002035, -0.0001518, -0.0001716, -0.0002409, -0.0002475, -0.0002079, -0.0001507, -0.0001716, -0.0002332, -0.0002453, -0.0002123, -0.0001529, -0.0001606, -0.0002387, -0.0002541, -0.00020130000000000001, -0.0001518, -0.000165, -0.00022, -0.0002497, -0.00020130000000000001, -0.0001507, -0.0001738, -0.0002354, -0.0002552, -0.0002057, -0.0001529, -0.0001749, -0.0002266, -0.0002552, -0.00019580000000000002, -0.000154, -0.0001617, -0.0002288, -0.0002629, -0.0002068, -0.0001496, -0.00018260000000000002]","[0.0012848, 0.0013431, 0.0008646000000000001, 0.0004994, 0.0007645, 0.0012870000000000002, 0.0013475000000000002, 0.0008646000000000001, 0.0004972, 0.0007634, 0.0012892000000000001, 0.0013475000000000002, 0.0008822000000000001, 0.000506, 0.000781, 0.0013068, 0.0013574000000000001, 0.0008778000000000001, 0.000506, 0.0007843, 0.0013046000000000002, 0.0013596, 0.0008833000000000001, 0.0005104, 0.000781, 0.0013068, 0.0013574000000000001, 0.0008833000000000001, 0.0005093000000000001, 0.0007788000000000001, 0.0012936, 0.0013563000000000002, 0.0008822000000000001, 0.0005126, 0.0007898, 0.0013024, 0.0013596, 0.0008877000000000001, 0.0005137000000000001, 0.0007865000000000001, 0.001309, 0.0013651000000000002, 0.00088, 0.0005203, 0.0007854, 0.0013068, 0.0013596, 0.0008888, 0.0005137000000000001, 0.0007766, 0.0013013, 0.0013541, 0.0008844, 0.0005104, 0.0007887, 0.0013079, 0.0013695, 0.0008910000000000001, 0.0005115, 0.0007854, 0.0013123, 0.0013629, 0.0008767, 0.000517, 0.000781, 0.0012958000000000002, 0.0013585000000000001, 0.00088, 0.0005016, 0.0007876000000000001, 0.0013002, 0.0013574000000000001, 0.00088, 0.000506, 0.000781, 0.0013068, 0.0013596, 0.0008877000000000001, 0.0005181000000000001, 0.0007755, 0.0013112, 0.0013585000000000001, 0.0008866000000000001, 0.0005115, 0.0007898, 0.0013035, 0.0013629, 0.0008778000000000001, 0.0005093000000000001, 0.0007821000000000001, 0.0013024, 0.0013574000000000001, 0.0008954000000000001, 0.0005093000000000001, 0.0007942, 0.0013145000000000001, 0.0013618, 0.00088, 0.0005071, 0.0007854, 0.001309, 0.001364, 0.0008899, 0.0005148, 0.0007865000000000001, 0.0013013, 0.0013585000000000001, 0.0008833000000000001, 0.0005192, 0.0007634, 0.0013046000000000002, 0.0013651000000000002, 0.0008789000000000001, 0.0005126, 0.0007832000000000001, 0.0013167, 0.0013563000000000002, 0.0008866000000000001, 0.0004972, 0.0007843, 0.0012991, 0.0013596, 0.0008866000000000001, 0.0005027, 0.0007876000000000001, 0.0013079, 0.0013651000000000002, 0.0008855, 0.0005159, 0.0007843, 0.0013145000000000001, 0.0013574000000000001, 0.0008899, 0.0005137000000000001, 0.000781, 0.0013123, 0.0013596, 0.0008976, 0.0005082, 0.0007854, 0.0013112, 0.0013695, 0.0008866000000000001, 0.0005093000000000001, 0.0007766, 0.0013167, 0.0013574000000000001, 0.0008888, 0.0005115, 0.0007865000000000001, 0.0013112, 0.001364, 0.0008811, 0.000517, 0.0007788000000000001, 0.001309, 0.0013673000000000001, 0.0008778000000000001, 0.0005159, 0.0007821000000000001, 0.0013079, 0.0013651000000000002, 0.0008866000000000001, 0.0005093000000000001, 0.0007865000000000001, 0.0013101, 0.0013574000000000001, 0.0008767, 0.0005049000000000001, 0.0007887, 0.0013013, 0.0013629, 0.0008855, 0.0005104, 0.0007953000000000001, 0.0013068, 0.0013673000000000001, 0.0008778000000000001, 0.0005104, 0.0007931, 0.0013167, 0.0013651000000000002, 0.0008745000000000001, 0.0005049000000000001, 0.0007887, 0.0013046000000000002, 0.0013519, 0.0008745000000000001, 0.0005071, 0.0007843, 0.0013134000000000002, 0.0013596, 0.0008778000000000001, 0.0005093000000000001, 0.0007799, 0.0013101, 0.0013607, 0.0008899, 0.0004994, 0.0007865000000000001, 0.0013189, 0.001364, 0.0008833000000000001, 0.0005104, 0.0007777000000000001, 0.0013002, 0.0013585000000000001, 0.00088, 0.0005126, 0.0007909000000000001, 0.0013123, 0.0013607, 0.0008778000000000001, 0.0005126, 0.0007898, 0.0013079, 0.0013629, 0.0008767, 0.0005137000000000001, 0.0007887, 0.001309, 0.0013574000000000001, 0.0008822000000000001, 0.0005049000000000001, 0.0007832000000000001, 0.0013189, 0.0013596, 0.0008888, 0.0005137000000000001, 0.0007931, 0.0013013, 0.0013739000000000002, 0.0008745000000000001, 0.0005148, 0.0007898, 0.0013057000000000001, 0.0013662000000000001, 0.0008822000000000001, 0.0004983, 0.0007788000000000001, 0.0013079, 0.001353, 0.0008734000000000001, 0.0005203, 0.0007887, 0.0013167, 0.0013596, 0.0008899, 0.0005093000000000001, 0.0007821000000000001, 0.0013101, 0.0013695, 0.0008767, 0.0005104, 0.0007909000000000001, 0.0013068, 0.0013596, 0.0008811, 0.0005104, 0.000781, 0.0013057000000000001, 0.001364, 0.0008822000000000001, 0.0005093000000000001, 0.0007931, 0.0013101, 0.0013585000000000001, 0.0008877000000000001, 0.0005126, 0.0007909000000000001, 0.0013112, 0.001353, 0.0008877000000000001, 0.0005203, 0.0007898, 0.0013156, 0.0013574000000000001, 0.0008789000000000001, 0.0005104, 0.0007909000000000001, 0.0013112, 0.0013695, 0.0008712, 0.0005016, 0.0007920000000000001, 0.0013101, 0.0013651000000000002, 0.0008690000000000001, 0.0005005000000000001, 0.0007821000000000001, 0.0013222000000000002, 0.0013651000000000002, 0.0008657000000000001, 0.0005148, 0.0007953000000000001, 0.0013123, 0.0013629, 0.00088, 0.0005016, 0.0007865000000000001, 0.0013068, 0.001364, 0.0008767, 0.0005148, 0.0007898, 0.0013112, 0.0013552, 0.0008833000000000001, 0.0005082, 0.0007953000000000001, 0.001309, 0.0013552, 0.00088, 0.0005269000000000001, 0.0007920000000000001, 0.0013189, 0.0013607, 0.0008899, 0.0005071, 0.0007909000000000001, 0.001309, 0.0013607, 0.0008723, 0.0005038, 0.0007909000000000001, 0.0013057000000000001, 0.0013596, 0.0008822000000000001, 0.0004972, 0.0007942, 0.0013101, 0.0013651000000000002, 0.0008767, 0.0005093000000000001, 0.0007854, 0.0013101, 0.0013607, 0.0008756, 0.000517, 0.0007887, 0.0013112, 0.0013519, 0.0008789000000000001, 0.0005159, 0.0007975, 0.0013123, 0.0013563000000000002, 0.00088, 0.0005214, 0.0007898, 0.0013068, 0.0013618, 0.0008811, 0.0005093000000000001, 0.0007920000000000001, 0.0013145000000000001, 0.0013563000000000002, 0.0008756, 0.0005049000000000001, 0.0007854, 0.0013068, 0.0013574000000000001, 0.0008811, 0.0005181000000000001, 0.0007876000000000001, 0.0013079, 0.0013607, 0.0008712, 0.000517, 0.0007909000000000001, 0.0013101, 0.0013684, 0.0008844, 0.000517, 0.0007876000000000001, 0.0013178, 0.0013508, 0.00088, 0.0005027, 0.0007909000000000001, 0.0013068, 0.0013607, 0.0008811, 0.0005016, 0.0007909000000000001, 0.0013112, 0.0013629, 0.0008822000000000001, 0.0005049000000000001, 0.0007876000000000001, 0.0013156, 0.0013552, 0.0008701000000000001, 0.0005071, 0.0007854, 0.0013211, 0.0013607, 0.0008745000000000001, 0.0005027, 0.0007920000000000001, 0.001309, 0.0013596, 0.0008723, 0.0005071, 0.0007898, 0.0013156, 0.0013508, 0.0008767, 0.0005126, 0.0007843, 0.0013134000000000002, 0.0013563000000000002, 0.0008756, 0.000517, 0.0007931, 0.0013145000000000001, 0.0013552, 0.0008756, 0.0005071, 0.0007975, 0.00132, 0.0013585000000000001, 0.0008734000000000001, 0.0005104, 0.0007953000000000001, 0.0013013, 0.0013585000000000001, 0.0008756, 0.0005104, 0.0007898, 0.0013079, 0.0013585000000000001, 0.0008734000000000001, 0.0005148, 0.0007975, 0.0013189, 0.0013695, 0.00088, 0.0005005000000000001, 0.0007931, 0.001309, 0.0013618, 0.0008690000000000001, 0.0005082, 0.0007898, 0.0013068, 0.001353, 0.0008778000000000001, 0.0005016, 0.0007920000000000001, 0.0013079, 0.0013607, 0.0008789000000000001, 0.000517, 0.0008019, 0.0013156, 0.0013717, 0.0008668, 0.0005038, 0.0007920000000000001, 0.0013123, 0.0013629, 0.0008734000000000001, 0.000517, 0.0007942, 0.0013222000000000002, 0.0013552, 0.0008778000000000001, 0.0005148, 0.0007920000000000001, 0.001309, 0.0013629, 0.0008745000000000001, 0.0005126, 0.0007832000000000001, 0.0013134000000000002, 0.0013574000000000001, 0.00088, 0.000506, 0.0007931, 0.0013156, 0.0013629, 0.0008789000000000001, 0.0005049000000000001, 0.0007942, 0.0013134000000000002, 0.0013596, 0.00088, 0.0005049000000000001, 0.0007986, 0.0013046000000000002, 0.0013497000000000001, 0.0008789000000000001, 0.0005104, 0.0007909000000000001, 0.0013233000000000001, 0.0013563000000000002, 0.0008602000000000001, 0.000495, 0.0007997000000000001]",30
66,"[-0.0002255, -0.0003168, -0.0004708, -0.0004972, -0.0003454, -0.0002365, -0.00033, -0.00048290000000000003, -0.0004928, -0.0003311, -0.0002332, -0.000319, -0.0004906, -0.0004906, -0.0003454, -0.0002365, -0.0003256, -0.0004818, -0.0004895, -0.0003432, -0.0002387, -0.0003355, -0.000484, -0.0004928, -0.0003388, -0.0002332, -0.0003212, -0.00048070000000000003, -0.0004983, -0.0003366, -0.000231, -0.00032230000000000003, -0.0004895, -0.0004818, -0.0003388, -0.0002343, -0.0003267, -0.000484, -0.0004873, -0.0003432, -0.0002398, -0.00033, -0.00048510000000000003, -0.0004884, -0.0003432, -0.0002299, -0.0003366, -0.0004862, -0.0004906, -0.0003432, -0.0002387, -0.0003267, -0.0004917, -0.0004939, -0.0003377, -0.0002354, -0.00033, -0.0004862, -0.0004917, -0.0003355, -0.0002376, -0.0003234, -0.0004796, -0.0004983, -0.0003311, -0.0002244, -0.0003267, -0.00048070000000000003, -0.0004961000000000001, -0.0003454, -0.0002277, -0.0003256, -0.00048510000000000003, -0.00048290000000000003, -0.0003399, -0.0002288, -0.0003234, -0.00048290000000000003, -0.000495, -0.0003465, -0.0002365, -0.00032230000000000003, -0.00048290000000000003, -0.000495, -0.0003432, -0.0002343, -0.0003278, -0.00048510000000000003, -0.0004895, -0.000341, -0.0002376, -0.0003289, -0.00048290000000000003, -0.0004928, -0.0003443, -0.0002376, -0.00032450000000000003, -0.00048510000000000003, -0.0004873, -0.0003443, -0.0002222, -0.0003124, -0.0004796, -0.0004983, -0.0003322, -0.0002321, -0.0003256, -0.0004884, -0.000484, -0.0003421, -0.0002365, -0.0003311, -0.0004884, -0.000495, -0.0003355, -0.000242, -0.0003278, -0.00048070000000000003, -0.0004862, -0.0003399, -0.000231, -0.0003124, -0.00047630000000000003, -0.0004928, -0.0003377, -0.0002299, -0.0003267, -0.0004906, -0.0005005000000000001, -0.0003377, -0.0002255, -0.0003256, -0.0004873, -0.0004895, -0.0003443, -0.0002332, -0.0003234, -0.0004862, -0.0004818, -0.0003487, -0.0002354, -0.0003267, -0.00048510000000000003, -0.0004972, -0.0003454, -0.0002398, -0.0003168, -0.0004752, -0.0004884, -0.0003399, -0.0002332, -0.00032230000000000003, -0.00046970000000000003, -0.0004939, -0.0003377, -0.0002365, -0.000319, -0.00047850000000000003, -0.0004961000000000001, -0.0003388, -0.0002255, -0.00033, -0.0004796, -0.00048510000000000003, -0.0003333, -0.000231, -0.0003234, -0.0004818, -0.00048070000000000003, -0.0003388, -0.0002453, -0.0003289, -0.0004752, -0.0004939, -0.0003388, -0.0002398, -0.0003278, -0.0004895, -0.0004939, -0.0003443, -0.0002376, -0.00032230000000000003, -0.0004884, -0.0004917, -0.0003366, -0.0002222, -0.00032450000000000003, -0.0004752, -0.0004939, -0.0003443, -0.0002321, -0.0003234, -0.00047850000000000003, -0.0004917, -0.0003498, -0.0002442, -0.0003278, -0.0004895, -0.0004862, -0.0003432, -0.0002365, -0.0003366, -0.0004884, -0.0004895, -0.0003366, -0.0002332, -0.0003333, -0.000484, -0.0004818, -0.0003355, -0.0002387, -0.00033, -0.0004884, -0.0004939, -0.0003432, -0.0002376, -0.0003256, -0.0004774, -0.0004906, -0.0003487, -0.0002354, -0.0003278, -0.0004862, -0.0004928, -0.0003355, -0.0002343, -0.0003256, -0.0004895, -0.0004895, -0.0003421, -0.000231, -0.0003212, -0.00047850000000000003, -0.0004906, -0.0003443, -0.0002343, -0.00032450000000000003, -0.0004906, -0.0004994, -0.000341, -0.0002398, -0.0003333, -0.0004884, -0.0004939, -0.0003465, -0.0002299, -0.0003355, -0.0004796, -0.0004917, -0.0003399, -0.0002387, -0.00032230000000000003, -0.00047850000000000003, -0.0004939, -0.0003333, -0.0002343, -0.0003256, -0.0004818, -0.0004917, -0.000341, -0.0002321, -0.0003278, -0.000484, -0.0004972, -0.0003322, -0.0002398, -0.00032230000000000003, -0.0004862, -0.0004895, -0.0003476, -0.0002332, -0.0003322, -0.00048290000000000003, -0.00048290000000000003, -0.0003399, -0.0002398, -0.0003388, -0.000484, -0.0004796, -0.0003377, -0.0002255, -0.0003234, -0.0004818, -0.0004928, -0.0003377, -0.000231, -0.0003256, -0.0004873, -0.0004862, -0.0003311, -0.0002343, -0.00032010000000000003, -0.0004928, -0.000484, -0.0003476, -0.0002332, -0.00030910000000000003, -0.00048290000000000003, -0.0004895, -0.0003432, -0.0002343, -0.0003355, -0.0004796, -0.0004873, -0.0003322, -0.0002376, -0.0003333, -0.0004818, -0.0004917, -0.0003333, -0.0002486, -0.00033, -0.0004873, -0.000495, -0.000341, -0.0002332, -0.00033, -0.0004873, -0.0004994, -0.0003399, -0.000231, -0.0003289, -0.00048070000000000003, -0.0004983, -0.0003432, -0.0002299, -0.00033, -0.0004928, -0.0004961000000000001, -0.0003388, -0.000242, -0.0003278, -0.00048510000000000003, -0.000495, -0.0003432, -0.0002365, -0.0003212, -0.0004873, -0.0004862, -0.0003399, -0.0002332, -0.0003234, -0.00048070000000000003, -0.0004972, -0.0003443, -0.0002376, -0.00032230000000000003, -0.0004862, -0.00048510000000000003, -0.0003355, -0.000231, -0.0003256, -0.00048510000000000003, -0.00048290000000000003, -0.0003289, -0.0002321, -0.0003311, -0.0004895, -0.0004939, -0.0003388, -0.000231, -0.0003289, -0.00048070000000000003, -0.0004917, -0.0003333, -0.0002376, -0.0003322, -0.00047850000000000003, -0.0004928, -0.0003388, -0.000231, -0.00031790000000000003, -0.00048510000000000003, -0.00047850000000000003, -0.0003399, -0.0002365, -0.0003333, -0.0005005000000000001, -0.0004961000000000001, -0.0003388, -0.0002277, -0.0003311, -0.00048510000000000003, -0.0004906, -0.0003278, -0.0002376, -0.0003278, -0.0004873, -0.0004928, -0.000341, -0.000242, -0.0003333, -0.00047850000000000003, -0.0004906, -0.0003465, -0.0002365, -0.00032450000000000003, -0.00048510000000000003, -0.0004994, -0.0003443, -0.0002376, -0.00033, -0.0004818, -0.0004895, -0.0003399, -0.0002299, -0.0003355, -0.0004873, -0.0004939, -0.0003454, -0.0002376, -0.00033, -0.00048510000000000003, -0.0004928, -0.0003377, -0.0002354, -0.0003322, -0.0004862, -0.0004961000000000001, -0.0003366, -0.0002442, -0.0003289, -0.0004862, -0.0004862, -0.0003476, -0.0002288, -0.0003344, -0.00048290000000000003, -0.00048290000000000003, -0.0003377, -0.0002387, -0.0003212, -0.0004818, -0.00048510000000000003, -0.0003366, -0.000231, -0.0003278, -0.00048510000000000003, -0.00047850000000000003, -0.00032450000000000003, -0.0002387, -0.0003267, -0.0004818, -0.000495, -0.0003421, -0.0002255, -0.00031790000000000003, -0.00048070000000000003, -0.00048510000000000003, -0.000341, -0.0002343, -0.0003377, -0.0004884, -0.000495, -0.0003311, -0.0002365, -0.0003234, -0.0004939, -0.0004983, -0.0003465, -0.0002332, -0.0003267, -0.0004873, -0.000495, -0.0003322, -0.0002398, -0.0003212, -0.0004796, -0.0004906, -0.0003421, -0.0002343, -0.0003267, -0.0004906, -0.0004939, -0.0003476, -0.0002365, -0.00032010000000000003, -0.0004818, -0.0005005000000000001, -0.0003498, -0.0002321, -0.00033, -0.00048510000000000003, -0.0004884, -0.0003399, -0.0002288, -0.0003311, -0.00048070000000000003, -0.0004917, -0.0003432, -0.0002354, -0.0003322, -0.0004884, -0.0004884, -0.0003344, -0.0002299, -0.0003322, -0.0004884, -0.0004928, -0.0003344]","[-0.0001562, -0.0001727, -0.000231, -0.0002475, -0.00020020000000000001, -0.0001496, -0.00018480000000000002, -0.0002442, -0.0002464, -0.0002145, -0.000154, -0.0001749, -0.0002442, -0.0002563, -0.00020240000000000001, -0.0001518, -0.0001716, -0.0002354, -0.0002552, -0.000209, -0.0001463, -0.00017930000000000002, -0.0002354, -0.0002541, -0.00019800000000000002, -0.0001485, -0.000165, -0.0002508, -0.0002508, -0.0002057, -0.0001518, -0.000165, -0.000242, -0.0002574, -0.00019580000000000002, -0.000154, -0.0001705, -0.000242, -0.0002563, -0.0002035, -0.0001518, -0.00018260000000000002, -0.0002398, -0.0002585, -0.00020240000000000001, -0.0001441, -0.00017710000000000002, -0.0002464, -0.0002552, -0.0002046, -0.0001496, -0.0001727, -0.0002431, -0.0002607, -0.0002079, -0.0001562, -0.0001738, -0.0002255, -0.000264, -0.0002112, -0.000154, -0.000176, -0.000242, -0.0002486, -0.0002035, -0.0001551, -0.0001617, -0.0002398, -0.0002519, -0.0002134, -0.0001584, -0.0001727, -0.000242, -0.0002585, -0.0002068, -0.0001485, -0.0001727, -0.0002365, -0.000253, -0.000209, -0.0001463, -0.00017820000000000002, -0.0002431, -0.0002563, -0.00020020000000000001, -0.0001573, -0.00017710000000000002, -0.0002431, -0.0002519, -0.0002101, -0.0001617, -0.000176, -0.0002453, -0.0002552, -0.00020240000000000001, -0.0001463, -0.00018370000000000002, -0.0002508, -0.0002497, -0.0002068, -0.0001485, -0.000176, -0.0002299, -0.0002596, -0.00020020000000000001, -0.0001474, -0.00017930000000000002, -0.0002453, -0.0002607, -0.000209, -0.0001551, -0.0001694, -0.0002387, -0.0002563, -0.00019360000000000002, -0.0001584, -0.0001694, -0.0002409, -0.0002519, -0.0002079, -0.0001452, -0.00017710000000000002, -0.0002354, -0.0002541, -0.00019250000000000002, -0.0001441, -0.0001716, -0.0002365, -0.0002486, -0.00019800000000000002, -0.0001529, -0.000165, -0.0002255, -0.0002618, -0.00019800000000000002, -0.0001474, -0.00017930000000000002, -0.0002475, -0.0002508, -0.00019800000000000002, -0.0001518, -0.0001716, -0.0002475, -0.000253, -0.0002057, -0.0001562, -0.0001694, -0.0002398, -0.000253, -0.0002079, -0.0001562, -0.00017820000000000002, -0.0002332, -0.000253, -0.00019470000000000002, -0.0001507, -0.00018260000000000002, -0.0002387, -0.000253, -0.0002035, -0.0001507, -0.0001705, -0.0002376, -0.0002629, -0.00019800000000000002, -0.0001452, -0.00017710000000000002, -0.0002354, -0.0002585, -0.0002123, -0.0001518, -0.0001749, -0.0002332, -0.0002563, -0.00020020000000000001, -0.0001474, -0.000176, -0.0002365, -0.0002585, -0.0002035, -0.0001595, -0.00017820000000000002, -0.0002464, -0.0002552, -0.0002079, -0.0001507, -0.0001705, -0.0002464, -0.0002574, -0.000209, -0.0001463, -0.0001749, -0.0002398, -0.0002552, -0.00020240000000000001, -0.0001452, -0.0001738, -0.0002332, -0.0002574, -0.0002057, -0.0001463, -0.00017820000000000002, -0.0002387, -0.0002519, -0.0002068, -0.0001386, -0.00018150000000000002, -0.0002409, -0.0002541, -0.00020240000000000001, -0.0001518, -0.00017930000000000002, -0.0002453, -0.0002519, -0.00020240000000000001, -0.0001485, -0.00017820000000000002, -0.0002453, -0.0002651, -0.00020240000000000001, -0.0001375, -0.00018040000000000002, -0.0002464, -0.0002552, -0.00018920000000000002, -0.0001452, -0.0001705, -0.000242, -0.0002629, -0.000209, -0.0001463, -0.0001738, -0.0002442, -0.0002574, -0.0002112, -0.0001529, -0.000176, -0.0002409, -0.0002519, -0.0002035, -0.0001551, -0.00017820000000000002, -0.0002354, -0.0002563, -0.0002101, -0.0001551, -0.0001661, -0.0002376, -0.0002552, -0.00019690000000000002, -0.0001551, -0.0001705, -0.0002343, -0.0002673, -0.00019140000000000002, -0.0001408, -0.00018480000000000002, -0.0002453, -0.0002607, -0.0002068, -0.0001496, -0.0001749, -0.0002409, -0.0002497, -0.0002035, -0.000143, -0.0001749, -0.0002376, -0.0002607, -0.0002035, -0.0001419, -0.0001749, -0.0002431, -0.0002585, -0.00019910000000000001, -0.0001507, -0.0001672, -0.0002453, -0.0002618, -0.00020240000000000001, -0.0001562, -0.0001716, -0.0002376, -0.0002563, -0.00019800000000000002, -0.0001507, -0.00017820000000000002, -0.0002409, -0.0002596, -0.00020130000000000001, -0.0001507, -0.0001738, -0.0002277, -0.0002541, -0.0002101, -0.0001529, -0.0001672, -0.0002431, -0.0002607, -0.00020240000000000001, -0.0001441, -0.00017820000000000002, -0.0002409, -0.0002508, -0.000209, -0.0001408, -0.0001716, -0.0002409, -0.0002519, -0.0002035, -0.0001452, -0.0001716, -0.0002365, -0.0002662, -0.0002057, -0.0001507, -0.00018260000000000002, -0.0002376, -0.0002541, -0.00019800000000000002, -0.000154, -0.0001738, -0.0002376, -0.0002607, -0.0002167, -0.0001518, -0.0001661, -0.0002365, -0.0002552, -0.0002123, -0.0001573, -0.00018260000000000002, -0.000242, -0.0002596, -0.00019360000000000002, -0.0001463, -0.00017930000000000002, -0.0002332, -0.0002541, -0.0002079, -0.0001485, -0.0001738, -0.0002332, -0.0002552, -0.00019800000000000002, -0.0001529, -0.0001749, -0.0002409, -0.0002574, -0.00020020000000000001, -0.0001584, -0.00017930000000000002, -0.0002398, -0.0002552, -0.0002046, -0.0001606, -0.0001738, -0.0002497, -0.0002563, -0.00020240000000000001, -0.0001529, -0.0001749, -0.0002365, -0.0002585, -0.00019580000000000002, -0.0001452, -0.000176, -0.0002398, -0.0002585, -0.0002057, -0.0001562, -0.0001738, -0.0002288, -0.0002453, -0.0002057, -0.0001375, -0.000176, -0.0002376, -0.0002574, -0.0002079, -0.0001628, -0.0001749, -0.0002431, -0.0002541, -0.00020130000000000001, -0.0001507, -0.0001716, -0.0002343, -0.0002651, -0.00020240000000000001, -0.0001606, -0.0001705, -0.0002365, -0.0002574, -0.00019470000000000002, -0.0001485, -0.00017930000000000002, -0.0002354, -0.0002563, -0.00020020000000000001, -0.000143, -0.0001705, -0.0002409, -0.0002541, -0.0002035, -0.0001551, -0.0001705, -0.0002354, -0.000253, -0.00020130000000000001, -0.000143, -0.00017930000000000002, -0.0002409, -0.0002563, -0.00020020000000000001, -0.0001452, -0.0001716, -0.0002431, -0.0002541, -0.00019690000000000002, -0.0001573, -0.000176, -0.0002387, -0.0002585, -0.00020240000000000001, -0.0001441, -0.000176, -0.0002398, -0.0002563, -0.00020240000000000001, -0.0001474, -0.00018480000000000002, -0.0002376, -0.0002519, -0.0002057, -0.0001562, -0.00017710000000000002, -0.0002398, -0.0002486, -0.00020240000000000001, -0.0001463, -0.00017710000000000002, -0.0002409, -0.0002552, -0.0002046, -0.0001507, -0.00017930000000000002, -0.0002398, -0.0002552, -0.0002145, -0.0001441, -0.000176, -0.0002475, -0.0002508, -0.00019580000000000002, -0.0001485, -0.00017710000000000002, -0.0002321, -0.0002475, -0.00020240000000000001, -0.0001529, -0.00018150000000000002, -0.0002519, -0.0002563, -0.0002112, -0.0001375, -0.00017930000000000002, -0.0002343, -0.000253, -0.00020240000000000001, -0.000154, -0.0001727, -0.0002431, -0.0002497, -0.0002101, -0.0001485, -0.00017710000000000002, -0.0002365, -0.0002497, -0.00019800000000000002, -0.0001419, -0.00018260000000000002, -0.0002453, -0.0002596, -0.00020020000000000001, -0.0001518, -0.0001683, -0.0002475, -0.0002585, -0.00020130000000000001, -0.0001507, -0.00017820000000000002, -0.0002343, -0.0002541, -0.00020130000000000001, -0.0001573, -0.0001738, -0.0002365, -0.0002673, -0.0002101]","[0.0005269000000000001, 0.0008162, 0.0013387000000000002, 0.0013816, 0.0008701000000000001, 0.0005346, 0.0008294, 0.0013464, 0.0013904, 0.0008844, 0.0005291, 0.0008294, 0.0013574000000000001, 0.0013816, 0.00088, 0.0005225000000000001, 0.0008338, 0.001353, 0.0014025, 0.0008899, 0.0005214, 0.0008415, 0.0013618, 0.0013849, 0.0008811, 0.000528, 0.0008283, 0.0013574000000000001, 0.001386, 0.0008855, 0.0005302, 0.0008316, 0.0013629, 0.0013926000000000001, 0.0008899, 0.0005269000000000001, 0.0008371, 0.001353, 0.0013904, 0.0008888, 0.0005247, 0.0008338, 0.0013596, 0.0013893, 0.0008789000000000001, 0.000528, 0.0008426, 0.0013574000000000001, 0.001386, 0.0008833000000000001, 0.0005335, 0.0008283, 0.0013662000000000001, 0.0013904, 0.0008932, 0.0005335, 0.0008393000000000001, 0.0013607, 0.0013849, 0.0008899, 0.0005346, 0.0008415, 0.0013629, 0.0013904, 0.0008822000000000001, 0.0005225000000000001, 0.0008349000000000001, 0.0013607, 0.0013816, 0.0008910000000000001, 0.0005302, 0.0008283, 0.0013607, 0.0013827000000000002, 0.0008921000000000001, 0.0005291, 0.000836, 0.001353, 0.0013981, 0.0008888, 0.000528, 0.000836, 0.0013618, 0.0013838000000000001, 0.0008789000000000001, 0.0005258, 0.0008162, 0.0013541, 0.0013893, 0.0008910000000000001, 0.0005269000000000001, 0.0008305000000000001, 0.0013684, 0.0013849, 0.0008888, 0.0005126, 0.0008305000000000001, 0.0013662000000000001, 0.001386, 0.0008855, 0.0005335, 0.0008382, 0.0013596, 0.0013849, 0.0008778000000000001, 0.0005269000000000001, 0.0008349000000000001, 0.0013607, 0.0013904, 0.0008767, 0.0005291, 0.0008338, 0.001364, 0.0013893, 0.0008844, 0.000528, 0.0008371, 0.0013629, 0.001386, 0.0008855, 0.0005203, 0.0008371, 0.0013607, 0.0013926000000000001, 0.0008866000000000001, 0.0005203, 0.0008415, 0.001364, 0.0013882, 0.0008932, 0.0005291, 0.0008338, 0.0013629, 0.0013816, 0.0008811, 0.000539, 0.0008349000000000001, 0.0013717, 0.0013827000000000002, 0.0008921000000000001, 0.000528, 0.0008338, 0.0013684, 0.0013904, 0.0008932, 0.0005258, 0.0008492, 0.0013585000000000001, 0.001397, 0.0008811, 0.0005313000000000001, 0.0008415, 0.0013574000000000001, 0.0013981, 0.0008778000000000001, 0.0005214, 0.0008371, 0.001364, 0.001386, 0.0008855, 0.0005236, 0.0008349000000000001, 0.0013585000000000001, 0.0013816, 0.00088, 0.0005192, 0.0008404, 0.0013552, 0.0013772, 0.0008745000000000001, 0.0005258, 0.0008261000000000001, 0.0013585000000000001, 0.0013926000000000001, 0.0008811, 0.0005269000000000001, 0.0008382, 0.001364, 0.0013816, 0.0008899, 0.0005181000000000001, 0.0008294, 0.0013673000000000001, 0.0013959, 0.0008844, 0.0005258, 0.0008316, 0.0013629, 0.0013904, 0.0008833000000000001, 0.0005313000000000001, 0.0008338, 0.0013673000000000001, 0.0013849, 0.0008866000000000001, 0.0005291, 0.0008327, 0.0013563000000000002, 0.0013882, 0.0008866000000000001, 0.0005192, 0.0008382, 0.001364, 0.0013937, 0.0008877000000000001, 0.0005302, 0.0008305000000000001, 0.0013706, 0.0013937, 0.0008723, 0.0005236, 0.0008316, 0.001364, 0.0013915000000000002, 0.0008745000000000001, 0.0005126, 0.000836, 0.0013695, 0.0013816, 0.0008811, 0.0005159, 0.0008294, 0.0013618, 0.0013827000000000002, 0.0008877000000000001, 0.0005291, 0.0008338, 0.0013750000000000001, 0.0013904, 0.0008965, 0.0005225000000000001, 0.0008492, 0.0013585000000000001, 0.0013926000000000001, 0.0008954000000000001, 0.0005236, 0.0008393000000000001, 0.0013574000000000001, 0.001386, 0.0008855, 0.0005214, 0.0008393000000000001, 0.0013618, 0.0013904, 0.0008811, 0.0005214, 0.0008415, 0.0013662000000000001, 0.001386, 0.0008756, 0.0005236, 0.0008393000000000001, 0.0013618, 0.0013937, 0.0008789000000000001, 0.0005291, 0.0008448, 0.0013596, 0.0013838000000000001, 0.0008811, 0.0005302, 0.0008349000000000001, 0.0013739000000000002, 0.0013882, 0.0008767, 0.0005159, 0.000836, 0.0013629, 0.0013882, 0.0008910000000000001, 0.0005214, 0.0008393000000000001, 0.0013717, 0.0013915000000000002, 0.0008756, 0.0005346, 0.0008316, 0.0013596, 0.0013816, 0.0008789000000000001, 0.0005148, 0.0008426, 0.0013761000000000001, 0.0013849, 0.0008734000000000001, 0.0005302, 0.0008382, 0.0013684, 0.0013882, 0.0008789000000000001, 0.0005258, 0.0008305000000000001, 0.0013585000000000001, 0.0013871, 0.0008756, 0.0005269000000000001, 0.0008338, 0.0013673000000000001, 0.0013794, 0.0008778000000000001, 0.0005181000000000001, 0.0008415, 0.0013541, 0.0013893, 0.0008833000000000001, 0.0005379, 0.0008327, 0.0013651000000000002, 0.0013849, 0.0008844, 0.0005236, 0.0008272, 0.0013706, 0.0013904, 0.0008855, 0.0005324, 0.0008426, 0.0013596, 0.0013992, 0.0008844, 0.0005225000000000001, 0.0008349000000000001, 0.0013761000000000001, 0.0013937, 0.0008811, 0.0005269000000000001, 0.0008448, 0.0013673000000000001, 0.001386, 0.0008778000000000001, 0.0005203, 0.0008371, 0.0013629, 0.0013992, 0.0008690000000000001, 0.0005236, 0.0008327, 0.0013651000000000002, 0.0013871, 0.0008723, 0.0005291, 0.0008393000000000001, 0.0013673000000000001, 0.0013838000000000001, 0.0008877000000000001, 0.0005346, 0.0008426, 0.0013574000000000001, 0.0013827000000000002, 0.0008778000000000001, 0.0005302, 0.0008316, 0.0013563000000000002, 0.0013948, 0.0008734000000000001, 0.0005269000000000001, 0.000836, 0.0013662000000000001, 0.0013882, 0.0008778000000000001, 0.0005225000000000001, 0.0008393000000000001, 0.0013585000000000001, 0.0013893, 0.0008734000000000001, 0.0005258, 0.0008404, 0.0013662000000000001, 0.0013827000000000002, 0.0008811, 0.0005302, 0.0008393000000000001, 0.0013651000000000002, 0.0013915000000000002, 0.0008745000000000001, 0.0005203, 0.0008415, 0.0013662000000000001, 0.0013772, 0.0008778000000000001, 0.0005159, 0.0008349000000000001, 0.001364, 0.0013805, 0.0008712, 0.0005236, 0.0008371, 0.0013706, 0.0013871, 0.0008745000000000001, 0.0005214, 0.0008415, 0.0013607, 0.0013959, 0.0008789000000000001, 0.0005214, 0.0008426, 0.0013695, 0.0013948, 0.0008844, 0.0005313000000000001, 0.0008393000000000001, 0.0013618, 0.0013783, 0.0008712, 0.0005203, 0.0008294, 0.0013673000000000001, 0.0013926000000000001, 0.0008745000000000001, 0.0005335, 0.0008393000000000001, 0.001353, 0.0013761000000000001, 0.0008734000000000001, 0.0005291, 0.0008459, 0.0013706, 0.0013838000000000001, 0.0008767, 0.000528, 0.0008382, 0.0013607, 0.0013882, 0.0008811, 0.0005269000000000001, 0.0008437000000000001, 0.0013728, 0.0013937, 0.0008767, 0.0005236, 0.0008503, 0.0013629, 0.0013772, 0.0008745000000000001, 0.0005236, 0.0008437000000000001, 0.0013629, 0.0013948, 0.00088, 0.0005225000000000001, 0.0008415, 0.0013662000000000001, 0.0013904, 0.00088, 0.0005236, 0.0008514000000000001, 0.0013695, 0.0013849, 0.0008811, 0.0005269000000000001, 0.0008371, 0.0013585000000000001, 0.0013915000000000002, 0.0008767, 0.0005225000000000001, 0.0008426, 0.0013750000000000001, 0.0013827000000000002, 0.0008822000000000001, 0.0005335, 0.0008448, 0.0013574000000000001, 0.0013783, 0.0008778000000000001, 0.0005269000000000001, 0.0008349000000000001, 0.0013706, 0.0013882, 0.0008778000000000001, 0.0005324, 0.0008426, 0.0013651000000000002, 0.001386, 0.00088, 0.0005159, 0.0008437000000000001, 0.0013618, 0.0013838000000000001, 0.0008745000000000001, 0.0005335, 0.0008459, 0.0013662000000000001, 0.0013827000000000002, 0.0008756, 0.0005159, 0.0008448, 0.0013706, 0.0013871, 0.0008767, 0.0005247, 0.0008547, 0.0013695, 0.0013783, 0.0008613000000000001, 0.0005302, 0.0008393000000000001, 0.0013629, 0.0013871, 0.0008767]",31
67,"[-0.0003399, -0.000242, -0.00032450000000000003, -0.0005016, -0.0004972, -0.0003355, -0.0002464, -0.0003322, -0.0005049000000000001, -0.0004994, -0.0003355, -0.0002354, -0.0003399, -0.0004939, -0.0005038, -0.0003531, -0.0002464, -0.0003498, -0.0005104, -0.0005115, -0.0003377, -0.000242, -0.0003399, -0.0004939, -0.000506, -0.0003399, -0.0002409, -0.0003509, -0.0005071, -0.0005005000000000001, -0.0003531, -0.0002376, -0.0003432, -0.0005038, -0.0005104, -0.0003487, -0.0002464, -0.0003575, -0.0005027, -0.0005082, -0.0003399, -0.0002453, -0.0003509, -0.0005104, -0.0005126, -0.000341, -0.0002398, -0.0003498, -0.000506, -0.0005148, -0.00035420000000000004, -0.000242, -0.0003454, -0.0005104, -0.0005137000000000001, -0.0003509, -0.0002453, -0.0003509, -0.0005115, -0.0005049000000000001, -0.0003454, -0.0002508, -0.0003509, -0.0005082, -0.0005126, -0.000352, -0.0002453, -0.0003509, -0.0005049000000000001, -0.0005115, -0.000352, -0.0002442, -0.00035420000000000004, -0.0005027, -0.0005115, -0.0003421, -0.0002464, -0.0003498, -0.0005115, -0.0005214, -0.0003487, -0.0002464, -0.00035420000000000004, -0.0005126, -0.000517, -0.0003509, -0.0002332, -0.0003487, -0.0005104, -0.0005214, -0.00035420000000000004, -0.0002453, -0.0003476, -0.0005126, -0.0005148, -0.0003597, -0.0002365, -0.0003476, -0.0004994, -0.0005093000000000001, -0.0003498, -0.0002442, -0.00035640000000000004, -0.0005203, -0.0005115, -0.00035860000000000004, -0.000242, -0.000352, -0.0005016, -0.0005115, -0.0003465, -0.0002453, -0.0003443, -0.0005104, -0.0005115, -0.0003454, -0.0002552, -0.0003443, -0.0005203, -0.0005049000000000001, -0.000352, -0.0002442, -0.0003355, -0.000506, -0.0005082, -0.0003443, -0.0002475, -0.000352, -0.0005126, -0.0005104, -0.00035420000000000004, -0.0002453, -0.00035640000000000004, -0.0005126, -0.000506, -0.0003432, -0.0002376, -0.0003498, -0.0005082, -0.0005104, -0.0003531, -0.0002508, -0.0003498, -0.0005104, -0.0004939, -0.0003531, -0.0002365, -0.0003597, -0.0005203, -0.0005049000000000001, -0.00035640000000000004, -0.0002486, -0.0003465, -0.0005159, -0.0005137000000000001, -0.000352, -0.0002398, -0.0003465, -0.0005159, -0.0005126, -0.0003432, -0.000242, -0.0003487, -0.0005027, -0.0005126, -0.0003399, -0.0002453, -0.0003509, -0.0005192, -0.0005126, -0.0003443, -0.0002431, -0.0003487, -0.0005126, -0.0005137000000000001, -0.0003454, -0.0002486, -0.0003443, -0.000506, -0.0005104, -0.0003553, -0.0002343, -0.000352, -0.0005049000000000001, -0.0005137000000000001, -0.00035640000000000004, -0.0002354, -0.0003421, -0.0005027, -0.000506, -0.0003443, -0.0002475, -0.0003509, -0.0005192, -0.0005115, -0.0003531, -0.0002442, -0.0003531, -0.0005082, -0.0005093000000000001, -0.0003377, -0.0002365, -0.0003553, -0.0005104, -0.0005082, -0.0003443, -0.0002519, -0.0003509, -0.000506, -0.0005126, -0.0003476, -0.0002343, -0.0003531, -0.0005093000000000001, -0.0005082, -0.0003443, -0.000242, -0.000352, -0.0005082, -0.0005115, -0.0003498, -0.0002508, -0.00035420000000000004, -0.0005126, -0.0005137000000000001, -0.0003454, -0.000242, -0.0003454, -0.0005082, -0.0005192, -0.0003421, -0.0002486, -0.0003476, -0.0005071, -0.0005038, -0.0003531, -0.0002475, -0.0003498, -0.0005137000000000001, -0.0005159, -0.0003388, -0.0002343, -0.0003454, -0.0005137000000000001, -0.0005126, -0.0003487, -0.0002486, -0.0003531, -0.0005126, -0.0005082, -0.0003509, -0.0002365, -0.0003454, -0.0005104, -0.0005082, -0.0003487, -0.0002332, -0.0003454, -0.0005049000000000001, -0.0005104, -0.0003509, -0.000242, -0.0003531, -0.0005159, -0.0005027, -0.0003498, -0.000242, -0.0003465, -0.0005137000000000001, -0.0004983, -0.00035640000000000004, -0.0002387, -0.00036080000000000004, -0.0005137000000000001, -0.0005093000000000001, -0.0003388, -0.0002519, -0.0003476, -0.0005115, -0.0005093000000000001, -0.0003454, -0.0002508, -0.0003531, -0.0005203, -0.0005126, -0.0003465, -0.0002497, -0.0003498, -0.0005104, -0.000506, -0.0003454, -0.0002519, -0.0003553, -0.0005082, -0.0005082, -0.0003487, -0.000242, -0.000352, -0.0005137000000000001, -0.0005126, -0.0003509, -0.0002398, -0.0003476, -0.0005104, -0.0005137000000000001, -0.0003465, -0.000242, -0.0003487, -0.0005137000000000001, -0.000506, -0.0003531, -0.0002376, -0.000341, -0.0005093000000000001, -0.0005093000000000001, -0.0003487, -0.0002343, -0.000352, -0.0005093000000000001, -0.0005192, -0.0003421, -0.0002431, -0.00035420000000000004, -0.0005115, -0.0005104, -0.0003476, -0.0002376, -0.0003399, -0.0005104, -0.0005049000000000001, -0.0003465, -0.0002453, -0.0003421, -0.000506, -0.0005093000000000001, -0.000341, -0.000242, -0.0003465, -0.0005148, -0.0005071, -0.0003432, -0.0002398, -0.0003498, -0.0005159, -0.000506, -0.0003399, -0.0002332, -0.0003454, -0.0005126, -0.0005148, -0.0003443, -0.0002541, -0.0003443, -0.0005104, -0.0005115, -0.0003454, -0.000253, -0.0003509, -0.0005038, -0.0005192, -0.0003421, -0.0002475, -0.0003465, -0.000517, -0.0005016, -0.0003531, -0.0002409, -0.0003476, -0.0005181000000000001, -0.0005082, -0.0003399, -0.0002442, -0.0003509, -0.0005159, -0.0005225000000000001, -0.0003443, -0.0002453, -0.00035640000000000004, -0.0005104, -0.0005082, -0.0003454, -0.000242, -0.0003498, -0.0005082, -0.0005049000000000001, -0.0003465, -0.0002508, -0.000352, -0.0005082, -0.0005082, -0.00035640000000000004, -0.0002398, -0.00035860000000000004, -0.0005159, -0.0004983, -0.0003454, -0.0002453, -0.00035860000000000004, -0.0005137000000000001, -0.0005093000000000001, -0.0003443, -0.0002497, -0.0003465, -0.000506, -0.0005049000000000001, -0.0003432, -0.0002475, -0.0003553, -0.0005115, -0.0005181000000000001, -0.0003476, -0.000242, -0.0003465, -0.0005027, -0.0005137000000000001, -0.0003498, -0.000231, -0.0003531, -0.0005148, -0.0005049000000000001, -0.00035420000000000004, -0.0002453, -0.0003575, -0.0005181000000000001, -0.0005115, -0.000341, -0.000231, -0.0003432, -0.0005071, -0.0005049000000000001, -0.0003465, -0.0002475, -0.0003476, -0.0005225000000000001, -0.0005137000000000001, -0.0003443, -0.0002475, -0.0003498, -0.0005027, -0.000517, -0.0003421, -0.000242, -0.0003531, -0.0005126, -0.0005005000000000001, -0.000352, -0.0002431, -0.0003553, -0.0005049000000000001, -0.0005115, -0.0003377, -0.0002486, -0.0003531, -0.000517, -0.000506, -0.000352, -0.0002431, -0.000352, -0.0005104, -0.0005016, -0.0003531, -0.0002475, -0.000352, -0.0005082, -0.0005104, -0.0003443, -0.0002321, -0.00035420000000000004, -0.0005049000000000001, -0.0005082, -0.0003454, -0.0002431, -0.0003575, -0.0005159, -0.0005159, -0.0003509, -0.0002409, -0.0003498, -0.0005148, -0.0005082, -0.0003509, -0.0002431, -0.0003443, -0.0005115, -0.0005115, -0.0003344, -0.0002486, -0.00036080000000000004, -0.0005236, -0.0005115, -0.0003443, -0.0002376, -0.0003443, -0.0005071, -0.0005137000000000001, -0.0003487, -0.0002442, -0.0003509, -0.0005071, -0.0005137000000000001]","[-0.0002046, -0.0001518, -0.00018480000000000002, -0.000242, -0.000253, -0.0002046, -0.0001518, -0.0001716, -0.0002409, -0.0002563, -0.00019690000000000002, -0.0001584, -0.00018150000000000002, -0.0002464, -0.0002629, -0.0002134, -0.0001496, -0.00017710000000000002, -0.0002431, -0.0002596, -0.00020020000000000001, -0.0001463, -0.00017930000000000002, -0.0002442, -0.0002519, -0.0002035, -0.0001474, -0.0001749, -0.0002486, -0.0002596, -0.00020240000000000001, -0.0001496, -0.00018150000000000002, -0.000242, -0.0002651, -0.0002167, -0.0001518, -0.00017820000000000002, -0.0002343, -0.0002508, -0.0002035, -0.0001584, -0.00017710000000000002, -0.000253, -0.0002585, -0.0002046, -0.0001441, -0.00018810000000000002, -0.0002453, -0.0002607, -0.0002035, -0.0001606, -0.00017930000000000002, -0.0002464, -0.0002651, -0.00019910000000000001, -0.0001529, -0.00017710000000000002, -0.0002453, -0.0002618, -0.00019470000000000002, -0.0001518, -0.00018810000000000002, -0.0002442, -0.000264, -0.00020130000000000001, -0.0001441, -0.00017930000000000002, -0.0002431, -0.000264, -0.00020240000000000001, -0.0001375, -0.000176, -0.0002486, -0.0002662, -0.00019910000000000001, -0.0001518, -0.00017930000000000002, -0.0002431, -0.0002519, -0.00020240000000000001, -0.0001441, -0.0001727, -0.0002431, -0.0002629, -0.0002134, -0.0001496, -0.0001738, -0.0002409, -0.0002618, -0.00019800000000000002, -0.0001441, -0.00018480000000000002, -0.0002387, -0.0002618, -0.000209, -0.000154, -0.00017930000000000002, -0.0002409, -0.0002563, -0.0002068, -0.0001529, -0.00018480000000000002, -0.0002442, -0.0002607, -0.0002101, -0.0001595, -0.00018700000000000002, -0.0002409, -0.0002684, -0.00019030000000000002, -0.000154, -0.00018260000000000002, -0.0002475, -0.0002464, -0.0002046, -0.0001485, -0.00018150000000000002, -0.0002442, -0.0002673, -0.00019360000000000002, -0.0001474, -0.0001727, -0.0002508, -0.0002695, -0.00019690000000000002, -0.0001518, -0.0001738, -0.0002486, -0.0002607, -0.000209, -0.0001518, -0.00017710000000000002, -0.0002453, -0.0002563, -0.0002134, -0.0001496, -0.00018040000000000002, -0.0002475, -0.0002607, -0.0002112, -0.0001507, -0.00018370000000000002, -0.0002486, -0.0002673, -0.0002035, -0.000154, -0.00017820000000000002, -0.0002519, -0.0002563, -0.00019360000000000002, -0.0001518, -0.00018480000000000002, -0.0002596, -0.0002497, -0.00020240000000000001, -0.0001551, -0.0001694, -0.0002354, -0.0002596, -0.00019140000000000002, -0.0001584, -0.00018260000000000002, -0.000242, -0.0002629, -0.0002068, -0.0001551, -0.00017710000000000002, -0.0002431, -0.0002563, -0.0002035, -0.0001496, -0.0001716, -0.000253, -0.0002596, -0.0002035, -0.0001507, -0.00017930000000000002, -0.0002365, -0.0002607, -0.0002057, -0.0001573, -0.00017710000000000002, -0.000253, -0.0002607, -0.00019800000000000002, -0.0001441, -0.00017710000000000002, -0.0002431, -0.000253, -0.00019910000000000001, -0.0001496, -0.00017930000000000002, -0.0002486, -0.0002618, -0.00019030000000000002, -0.0001595, -0.00018040000000000002, -0.0002442, -0.0002519, -0.0002057, -0.0001463, -0.00017820000000000002, -0.0002519, -0.0002706, -0.0002057, -0.0001573, -0.00017930000000000002, -0.0002464, -0.000264, -0.0002057, -0.0001386, -0.00018040000000000002, -0.0002497, -0.0002662, -0.00019360000000000002, -0.0001551, -0.00018260000000000002, -0.0002453, -0.0002552, -0.00019580000000000002, -0.0001518, -0.00017930000000000002, -0.0002486, -0.0002563, -0.0002057, -0.0001595, -0.0001727, -0.0002365, -0.0002596, -0.0002046, -0.000154, -0.0001749, -0.0002409, -0.0002574, -0.00020130000000000001, -0.0001507, -0.00017820000000000002, -0.0002464, -0.0002563, -0.0002112, -0.0001529, -0.00019030000000000002, -0.0002475, -0.0002662, -0.00020240000000000001, -0.000154, -0.00017710000000000002, -0.0002464, -0.0002618, -0.0002035, -0.0001573, -0.00018260000000000002, -0.0002508, -0.000264, -0.0002123, -0.0001595, -0.00018700000000000002, -0.0002431, -0.0002508, -0.00019800000000000002, -0.0001595, -0.0001727, -0.0002398, -0.0002585, -0.00020020000000000001, -0.0001496, -0.00018150000000000002, -0.000242, -0.0002541, -0.00019580000000000002, -0.0001518, -0.00018260000000000002, -0.0002497, -0.0002563, -0.0002068, -0.0001551, -0.00017930000000000002, -0.0002475, -0.0002552, -0.00019910000000000001, -0.0001573, -0.00018150000000000002, -0.0002486, -0.0002519, -0.0002035, -0.0001507, -0.00018370000000000002, -0.000242, -0.000253, -0.0002057, -0.0001573, -0.00017820000000000002, -0.0002486, -0.0002552, -0.00019250000000000002, -0.0001518, -0.0001727, -0.0002486, -0.0002607, -0.0002046, -0.0001496, -0.0001705, -0.0002519, -0.0002651, -0.00020130000000000001, -0.0001419, -0.00018590000000000002, -0.0002442, -0.0002541, -0.00020240000000000001, -0.0001562, -0.0001727, -0.0002552, -0.000253, -0.0002046, -0.0001474, -0.00018040000000000002, -0.0002497, -0.0002541, -0.00019690000000000002, -0.0001408, -0.000176, -0.0002541, -0.0002574, -0.00019910000000000001, -0.0001529, -0.000176, -0.0002442, -0.0002497, -0.0002046, -0.000154, -0.00018150000000000002, -0.0002343, -0.0002618, -0.0002046, -0.0001507, -0.0001727, -0.0002431, -0.0002651, -0.00020020000000000001, -0.0001562, -0.0001738, -0.000242, -0.0002541, -0.00020020000000000001, -0.0001485, -0.00018370000000000002, -0.0002497, -0.0002585, -0.000209, -0.000154, -0.00018810000000000002, -0.000242, -0.0002607, -0.0002134, -0.0001507, -0.00017710000000000002, -0.0002398, -0.0002618, -0.0002035, -0.0001485, -0.00018480000000000002, -0.0002431, -0.0002596, -0.00020020000000000001, -0.0001485, -0.0001738, -0.0002486, -0.0002574, -0.00019580000000000002, -0.0001518, -0.0001749, -0.0002541, -0.0002497, -0.0002057, -0.0001529, -0.00018700000000000002, -0.0002453, -0.0002618, -0.0002035, -0.000154, -0.00017930000000000002, -0.0002431, -0.0002651, -0.0002057, -0.0001518, -0.00019030000000000002, -0.0002398, -0.0002651, -0.00019690000000000002, -0.0001496, -0.00018590000000000002, -0.000253, -0.0002574, -0.0002057, -0.0001529, -0.00017820000000000002, -0.0002574, -0.0002541, -0.0002046, -0.0001518, -0.00018040000000000002, -0.0002453, -0.0002585, -0.000209, -0.0001573, -0.00017710000000000002, -0.0002486, -0.0002596, -0.0002134, -0.0001507, -0.00017820000000000002, -0.000242, -0.0002508, -0.00020130000000000001, -0.0001573, -0.00017710000000000002, -0.0002398, -0.0002596, -0.0002035, -0.0001584, -0.00018480000000000002, -0.0002486, -0.0002552, -0.00020130000000000001, -0.0001573, -0.00018040000000000002, -0.0002497, -0.0002651, -0.00019910000000000001, -0.000154, -0.00017820000000000002, -0.0002431, -0.0002563, -0.00019580000000000002, -0.000154, -0.00018920000000000002, -0.0002486, -0.0002618, -0.00020020000000000001, -0.0001518, -0.00017820000000000002, -0.0002541, -0.0002651, -0.0002068, -0.0001529, -0.000176, -0.0002464, -0.0002607, -0.0002057, -0.0001485, -0.0001727, -0.0002409, -0.0002596, -0.00020020000000000001, -0.000165, -0.0001738, -0.0002343, -0.0002552, -0.00019690000000000002, -0.0001606, -0.00018480000000000002, -0.0002607, -0.000264, -0.00020020000000000001, -0.0001507, -0.0001727, -0.0002398, -0.000253, -0.00020020000000000001, -0.0001518, -0.00017930000000000002, -0.0002453, -0.0002607, -0.0002112, -0.0001474, -0.00017710000000000002, -0.0002387, -0.0002684, -0.0002046, -0.0001573, -0.00017820000000000002, -0.0002585, -0.0002508, -0.0002035, -0.000143, -0.00017710000000000002, -0.0002508, -0.0002508, -0.0002057, -0.0001529, -0.00018480000000000002, -0.0002508, -0.0002563, -0.0002079, -0.0001551, -0.00018040000000000002, -0.0002497, -0.0002651]","[0.0008657000000000001, 0.0005357000000000001, 0.0008668, 0.0013926000000000001, 0.0013893, 0.0008668, 0.0005313000000000001, 0.0008613000000000001, 0.0013871, 0.0013959, 0.0008778000000000001, 0.0005324, 0.0008701000000000001, 0.0014025, 0.0014179000000000001, 0.00088, 0.0005434, 0.0008778000000000001, 0.0014135, 0.0014036, 0.0008899, 0.0005434, 0.0008833000000000001, 0.0014190000000000001, 0.0014102000000000001, 0.0008877000000000001, 0.00055, 0.0008822000000000001, 0.0014234, 0.0014190000000000001, 0.0008998000000000001, 0.0005357000000000001, 0.00088, 0.0014179000000000001, 0.0014190000000000001, 0.0008877000000000001, 0.0005467, 0.0008844, 0.0014179000000000001, 0.0014234, 0.0008921000000000001, 0.0005555, 0.0008888, 0.0014146, 0.0014201, 0.0009053, 0.0005522, 0.0008899, 0.0014212, 0.0014190000000000001, 0.0008954000000000001, 0.0005566, 0.0008866000000000001, 0.0014146, 0.0014278000000000001, 0.0008910000000000001, 0.0005434, 0.00088, 0.0014113, 0.0014113, 0.0008866000000000001, 0.0005434, 0.0008833000000000001, 0.0014069, 0.0014146, 0.0008910000000000001, 0.0005467, 0.0008921000000000001, 0.0014146, 0.0014201, 0.0008976, 0.0005423, 0.0009053, 0.0014135, 0.0014212, 0.0008965, 0.00055, 0.0008899, 0.0014234, 0.00143, 0.0008866000000000001, 0.0005434, 0.0008888, 0.0014267000000000001, 0.0014234, 0.0008943, 0.0005588, 0.0008910000000000001, 0.0014223, 0.0014124, 0.0008954000000000001, 0.0005489000000000001, 0.0008877000000000001, 0.0014201, 0.0014157, 0.0008932, 0.0005522, 0.0008833000000000001, 0.0014234, 0.0014223, 0.0008899, 0.0005456, 0.0008822000000000001, 0.0014168000000000002, 0.0014256000000000002, 0.0008778000000000001, 0.0005478, 0.0008822000000000001, 0.0014223, 0.0014069, 0.0008943, 0.0005434, 0.0008932, 0.0014113, 0.0014234, 0.0008910000000000001, 0.0005423, 0.0008877000000000001, 0.0014190000000000001, 0.0014124, 0.0008976, 0.0005467, 0.0008877000000000001, 0.0014146, 0.0014212, 0.0008888, 0.0005478, 0.0008855, 0.0014278000000000001, 0.0014245, 0.0008921000000000001, 0.0005478, 0.0008987, 0.00143, 0.0014157, 0.00088, 0.0005555, 0.0008822000000000001, 0.0014201, 0.0014256000000000002, 0.0008932, 0.0005467, 0.0008910000000000001, 0.0014190000000000001, 0.0014245, 0.0008899, 0.0005423, 0.0008844, 0.0014113, 0.0014212, 0.0008932, 0.0005434, 0.0008855, 0.0014157, 0.0014168000000000002, 0.0008822000000000001, 0.0005445000000000001, 0.0008932, 0.0014124, 0.0014113, 0.0008877000000000001, 0.0005533000000000001, 0.0008888, 0.0014168000000000002, 0.0014223, 0.0008822000000000001, 0.0005467, 0.0008899, 0.0014102000000000001, 0.0014179000000000001, 0.0008899, 0.00055, 0.0008965, 0.0014267000000000001, 0.0014190000000000001, 0.0008910000000000001, 0.0005522, 0.0008833000000000001, 0.0014179000000000001, 0.0014179000000000001, 0.0008910000000000001, 0.0005445000000000001, 0.0008910000000000001, 0.0014190000000000001, 0.0014267000000000001, 0.0008833000000000001, 0.0005522, 0.0008844, 0.0014168000000000002, 0.0014168000000000002, 0.0008888, 0.0005445000000000001, 0.0008943, 0.0014212, 0.0014223, 0.0008745000000000001, 0.0005423, 0.0008866000000000001, 0.0014146, 0.0014124, 0.0008888, 0.000539, 0.0008844, 0.0014245, 0.0014190000000000001, 0.0008910000000000001, 0.000539, 0.0008998000000000001, 0.0014289, 0.0014212, 0.0008932, 0.00055, 0.0008965, 0.0014245, 0.0014146, 0.0008888, 0.0005478, 0.0008976, 0.0014245, 0.0014190000000000001, 0.0008855, 0.0005445000000000001, 0.0008998000000000001, 0.0014278000000000001, 0.0014234, 0.0008855, 0.0005456, 0.0008965, 0.0014124, 0.0014223, 0.0008976, 0.0005533000000000001, 0.0008932, 0.0014322, 0.0014256000000000002, 0.0008888, 0.0005445000000000001, 0.0008888, 0.0014179000000000001, 0.0014135, 0.0008811, 0.00055, 0.000902, 0.0014190000000000001, 0.0014124, 0.0008811, 0.0005478, 0.0008811, 0.0014157, 0.0014102000000000001, 0.0008910000000000001, 0.0005379, 0.0008844, 0.0014333, 0.0014201, 0.0008866000000000001, 0.0005357000000000001, 0.0008932, 0.0014190000000000001, 0.0014311, 0.0008921000000000001, 0.0005489000000000001, 0.0008855, 0.0014256000000000002, 0.0014124, 0.0008932, 0.0005489000000000001, 0.0008910000000000001, 0.0014168000000000002, 0.0014069, 0.0008855, 0.0005489000000000001, 0.0008910000000000001, 0.0014234, 0.0014157, 0.000902, 0.0005412, 0.0008877000000000001, 0.0014245, 0.0014201, 0.0008932, 0.0005566, 0.0008943, 0.0014190000000000001, 0.0014157, 0.0008855, 0.0005621000000000001, 0.000902, 0.0014168000000000002, 0.0014102000000000001, 0.0008943, 0.0005533000000000001, 0.0008943, 0.0014223, 0.0014168000000000002, 0.0008866000000000001, 0.0005533000000000001, 0.0008888, 0.0014190000000000001, 0.0014113, 0.0008877000000000001, 0.00055, 0.0008987, 0.0014267000000000001, 0.0014157, 0.0008943, 0.0005533000000000001, 0.0008888, 0.0014124, 0.0014234, 0.0008943, 0.0005522, 0.0009053, 0.0014289, 0.001408, 0.0008932, 0.0005445000000000001, 0.0008866000000000001, 0.0014234, 0.0014168000000000002, 0.0008866000000000001, 0.0005544, 0.0008954000000000001, 0.0014201, 0.0014157, 0.0008822000000000001, 0.0005478, 0.0008921000000000001, 0.0014201, 0.0014058, 0.0008866000000000001, 0.0005478, 0.0008932, 0.0014146, 0.0014179000000000001, 0.0008844, 0.0005412, 0.0008965, 0.0014223, 0.0014223, 0.0008855, 0.0005489000000000001, 0.0008921000000000001, 0.0014311, 0.0014212, 0.0008877000000000001, 0.0005478, 0.0008877000000000001, 0.0014223, 0.0014168000000000002, 0.0008844, 0.0005489000000000001, 0.0008998000000000001, 0.0014190000000000001, 0.0014135, 0.0008877000000000001, 0.0005467, 0.0008987, 0.0014201, 0.0014157, 0.0008833000000000001, 0.0005522, 0.0008943, 0.0014245, 0.0014223, 0.0008745000000000001, 0.0005533000000000001, 0.0008855, 0.0014256000000000002, 0.0014135, 0.0008866000000000001, 0.0005423, 0.0008976, 0.0014234, 0.0014190000000000001, 0.0008877000000000001, 0.000539, 0.0008943, 0.0014201, 0.0014058, 0.0008844, 0.00055, 0.0008932, 0.00143, 0.0014157, 0.0008921000000000001, 0.0005445000000000001, 0.0008954000000000001, 0.00143, 0.0014157, 0.0008833000000000001, 0.000539, 0.0009064, 0.0014168000000000002, 0.0014135, 0.0008910000000000001, 0.00055, 0.0008965, 0.0014201, 0.0014102000000000001, 0.0008855, 0.0005522, 0.0009053, 0.0014289, 0.0014091000000000002, 0.0008910000000000001, 0.0005467, 0.0008932, 0.0014234, 0.0014168000000000002, 0.0008756, 0.0005522, 0.0008855, 0.0014223, 0.0014157, 0.0008778000000000001, 0.0005401000000000001, 0.0008932, 0.0014223, 0.0014146, 0.0008833000000000001, 0.00055, 0.0008888, 0.0014190000000000001, 0.001408, 0.0008899, 0.0005489000000000001, 0.0008899, 0.0014245, 0.0014157, 0.0008877000000000001, 0.0005533000000000001, 0.0008932, 0.0014223, 0.0014157, 0.0008833000000000001, 0.0005423, 0.0008987, 0.0014168000000000002, 0.0014168000000000002, 0.00088, 0.0005324, 0.0009097, 0.0014278000000000001, 0.0014201, 0.0008833000000000001, 0.0005478, 0.0008976, 0.0014212, 0.0014135, 0.0008844, 0.0005423, 0.0008932, 0.0014234, 0.0014069, 0.0008723, 0.0005478, 0.0008976, 0.0014234, 0.0014124, 0.0008866000000000001, 0.0005456, 0.0008976, 0.0014267000000000001, 0.0014190000000000001, 0.0008866000000000001, 0.0005456, 0.0008910000000000001, 0.0014256000000000002, 0.0014190000000000001, 0.0008789000000000001, 0.0005434, 0.0009064, 0.0014355000000000001, 0.0014212, 0.0008877000000000001, 0.000539, 0.0008976, 0.0014179000000000001, 0.0014124, 0.0008701000000000001, 0.0005423, 0.0008910000000000001, 0.0014256000000000002, 0.0014069, 0.00088, 0.0005489000000000001, 0.0008932, 0.0014245, 0.0014135, 0.0008701000000000001, 0.0005467, 0.0008943, 0.0014267000000000001, 0.0014124, 0.0008789000000000001, 0.0005423, 0.0008976, 0.0014201, 0.0014025]",32
68,"[-0.0005082, -0.0003432, -0.0002453, -0.00035420000000000004, -0.0005203, -0.0005093000000000001, -0.0003443, -0.0002442, -0.0003641, -0.0005324, -0.0005203, -0.0003553, -0.0002464, -0.0003685, -0.0005313000000000001, -0.0005357000000000001, -0.0003553, -0.0002618, -0.0003663, -0.0005368, -0.0005159, -0.00036080000000000004, -0.0002497, -0.0003707, -0.000528, -0.0005269000000000001, -0.00035640000000000004, -0.0002585, -0.00036080000000000004, -0.0005368, -0.0005313000000000001, -0.0003597, -0.000264, -0.0003685, -0.000528, -0.0005258, -0.0003531, -0.0002508, -0.0003641, -0.0005368, -0.0005258, -0.00036520000000000004, -0.0002574, -0.00037620000000000004, -0.0005313000000000001, -0.0005269000000000001, -0.00036080000000000004, -0.0002541, -0.0003707, -0.0005324, -0.0005302, -0.0003531, -0.0002585, -0.00036520000000000004, -0.0005313000000000001, -0.0005346, -0.0003498, -0.0002607, -0.0003641, -0.0005313000000000001, -0.0005269000000000001, -0.0003597, -0.0002497, -0.00037620000000000004, -0.0005379, -0.0005335, -0.000352, -0.0002563, -0.00036740000000000004, -0.0005434, -0.0005346, -0.0003509, -0.0002541, -0.00037400000000000004, -0.0005368, -0.0005247, -0.00036080000000000004, -0.0002519, -0.0003685, -0.0005368, -0.0005269000000000001, -0.00036080000000000004, -0.0002596, -0.00037180000000000004, -0.000539, -0.0005258, -0.0003619, -0.0002574, -0.00037620000000000004, -0.000539, -0.0005269000000000001, -0.0003553, -0.0002629, -0.00037620000000000004, -0.00055, -0.0005269000000000001, -0.0003498, -0.0002574, -0.00038060000000000004, -0.0005324, -0.0005357000000000001, -0.00035420000000000004, -0.0002475, -0.00037180000000000004, -0.0005379, -0.000528, -0.00035640000000000004, -0.0002486, -0.0003795, -0.0005434, -0.0005379, -0.00036080000000000004, -0.0002508, -0.0003773, -0.0005379, -0.000528, -0.00035860000000000004, -0.0002453, -0.00036520000000000004, -0.000539, -0.0005269000000000001, -0.0003619, -0.0002497, -0.0003641, -0.0005379, -0.0005258, -0.0003498, -0.0002464, -0.00037180000000000004, -0.0005379, -0.000528, -0.0003553, -0.0002574, -0.0003751, -0.0005324, -0.0005335, -0.000352, -0.0002596, -0.0003729, -0.000539, -0.0005335, -0.000352, -0.0002629, -0.0003795, -0.0005313000000000001, -0.0005225000000000001, -0.0003476, -0.0002508, -0.00038060000000000004, -0.0005225000000000001, -0.000528, -0.00035860000000000004, -0.0002453, -0.00035860000000000004, -0.0005401000000000001, -0.0005269000000000001, -0.00035860000000000004, -0.0002442, -0.00037840000000000004, -0.0005401000000000001, -0.0005247, -0.0003465, -0.0002618, -0.00037180000000000004, -0.0005456, -0.0005247, -0.000352, -0.0002497, -0.00038060000000000004, -0.0005357000000000001, -0.000539, -0.0003597, -0.0002563, -0.0003707, -0.0005456, -0.0005269000000000001, -0.0003553, -0.0002453, -0.0003619, -0.0005324, -0.0005401000000000001, -0.0003553, -0.0002541, -0.00037620000000000004, -0.0005313000000000001, -0.0005115, -0.0003575, -0.0002497, -0.00037400000000000004, -0.000528, -0.0005357000000000001, -0.00036080000000000004, -0.0002453, -0.0003751, -0.0005412, -0.0005368, -0.00035640000000000004, -0.0002541, -0.0003729, -0.0005445000000000001, -0.0005236, -0.0003509, -0.000253, -0.00037180000000000004, -0.0005456, -0.0005291, -0.0003575, -0.000253, -0.00037180000000000004, -0.000539, -0.0005302, -0.00036080000000000004, -0.0002618, -0.0003729, -0.0005379, -0.0005313000000000001, -0.0003465, -0.000253, -0.00036960000000000004, -0.0005324, -0.0005335, -0.0003454, -0.0002585, -0.00037180000000000004, -0.0005434, -0.0005225000000000001, -0.0003531, -0.0002519, -0.0003663, -0.0005467, -0.0005302, -0.00035860000000000004, -0.0002519, -0.00036520000000000004, -0.000539, -0.0005313000000000001, -0.0003575, -0.000253, -0.00038060000000000004, -0.0005412, -0.000539, -0.0003553, -0.0002618, -0.00037620000000000004, -0.0005335, -0.0005236, -0.0003575, -0.0002497, -0.00036740000000000004, -0.0005357000000000001, -0.0005269000000000001, -0.0003487, -0.0002541, -0.0003729, -0.0005401000000000001, -0.0005247, -0.00036740000000000004, -0.0002497, -0.00036300000000000004, -0.0005434, -0.0005247, -0.0003575, -0.0002618, -0.00037180000000000004, -0.0005357000000000001, -0.000528, -0.0003476, -0.0002508, -0.00036520000000000004, -0.0005456, -0.0005302, -0.0003498, -0.0002497, -0.00036520000000000004, -0.0005423, -0.000539, -0.000352, -0.000253, -0.00037840000000000004, -0.0005401000000000001, -0.0005324, -0.0003531, -0.0002486, -0.00036960000000000004, -0.0005478, -0.0005357000000000001, -0.00035860000000000004, -0.0002508, -0.00036520000000000004, -0.0005357000000000001, -0.0005291, -0.0003553, -0.0002618, -0.00037400000000000004, -0.0005423, -0.0005258, -0.0003487, -0.0002475, -0.0003795, -0.0005346, -0.0005302, -0.00035860000000000004, -0.0002563, -0.00035860000000000004, -0.0005335, -0.0005192, -0.0003388, -0.0002519, -0.0003685, -0.0005423, -0.0005258, -0.0003575, -0.0002574, -0.0003729, -0.0005401000000000001, -0.0005346, -0.00035860000000000004, -0.0002508, -0.0003729, -0.0005401000000000001, -0.0005291, -0.0003553, -0.0002552, -0.00038060000000000004, -0.000539, -0.0005302, -0.00035860000000000004, -0.0002475, -0.00037180000000000004, -0.0005357000000000001, -0.0005247, -0.00035420000000000004, -0.0002574, -0.0003707, -0.0005412, -0.0005324, -0.00035420000000000004, -0.0002497, -0.00037840000000000004, -0.0005335, -0.0005225000000000001, -0.0003575, -0.0002497, -0.0003883, -0.0005445000000000001, -0.0005203, -0.00035860000000000004, -0.0002464, -0.00036080000000000004, -0.0005357000000000001, -0.0005324, -0.00036080000000000004, -0.0002541, -0.0003773, -0.0005445000000000001, -0.0005203, -0.0003531, -0.0002464, -0.00036520000000000004, -0.0005368, -0.0005236, -0.0003597, -0.0002453, -0.0003575, -0.0005324, -0.0005258, -0.00035420000000000004, -0.0002563, -0.00037620000000000004, -0.0005346, -0.0005291, -0.0003575, -0.0002563, -0.0003795, -0.0005324, -0.000528, -0.0003531, -0.0002574, -0.0003663, -0.0005401000000000001, -0.0005302, -0.0003443, -0.0002442, -0.00038060000000000004, -0.00055, -0.0005192, -0.0003531, -0.0002508, -0.00038280000000000003, -0.0005357000000000001, -0.0005203, -0.0003531, -0.0002508, -0.0003729, -0.000539, -0.0005236, -0.00036080000000000004, -0.0002541, -0.00037620000000000004, -0.0005401000000000001, -0.0005258, -0.0003498, -0.0002541, -0.00036740000000000004, -0.0005423, -0.0005291, -0.00035640000000000004, -0.0002629, -0.0003817, -0.0005423, -0.0005214, -0.0003553, -0.0002563, -0.00038060000000000004, -0.0005335, -0.0005214, -0.0003487, -0.0002552, -0.0003685, -0.0005445000000000001, -0.0005258, -0.00035420000000000004, -0.000253, -0.00037400000000000004, -0.0005401000000000001, -0.0005313000000000001, -0.0003487, -0.0002486, -0.00038060000000000004, -0.0005357000000000001, -0.0005247, -0.0003487, -0.0002585, -0.00038060000000000004, -0.0005423, -0.0005247, -0.000352, -0.0002541, -0.0003729, -0.000539, -0.0005269000000000001, -0.0003531, -0.0002563, -0.00037840000000000004, -0.0005368, -0.0005313000000000001, -0.00035860000000000004, -0.0002464, -0.0003751, -0.0005368, -0.000528, -0.00035640000000000004, -0.0002585, -0.0003707, -0.0005379, -0.0005269000000000001, -0.00035640000000000004, -0.0002486, -0.00038060000000000004, -0.0005313000000000001, -0.0005181000000000001, -0.0003597, -0.0002574, -0.0003707, -0.0005269000000000001, -0.0005324, -0.0003487, -0.0002442, -0.0003685, -0.0005368, -0.0005302, -0.0003476, -0.0002552, -0.00037400000000000004, -0.0005357000000000001, -0.0005181000000000001, -0.0003498, -0.0002508, -0.0003729, -0.0005302, -0.0005291, -0.00035860000000000004, -0.000264, -0.00037400000000000004, -0.0005313000000000001, -0.0005269000000000001, -0.0003487, -0.0002541, -0.0003817, -0.0005401000000000001, -0.000528, -0.0003509, -0.0002486, -0.00037620000000000004, -0.0005467, -0.0005379, -0.0003575, -0.0002607, -0.00038060000000000004, -0.0005456]","[-0.000264, -0.00019470000000000002, -0.0001617, -0.00018040000000000002, -0.0002453, -0.0002629, -0.00019690000000000002, -0.0001518, -0.00018040000000000002, -0.0002475, -0.0002651, -0.0002035, -0.0001474, -0.00019030000000000002, -0.0002541, -0.0002673, -0.00019800000000000002, -0.0001573, -0.00018590000000000002, -0.0002508, -0.0002596, -0.0002057, -0.000154, -0.00018260000000000002, -0.0002497, -0.0002761, -0.0002046, -0.0001518, -0.00019030000000000002, -0.0002552, -0.0002607, -0.0002035, -0.0001507, -0.00019030000000000002, -0.0002486, -0.0002618, -0.0002145, -0.0001485, -0.00018700000000000002, -0.0002486, -0.0002629, -0.0002123, -0.000154, -0.00018040000000000002, -0.0002475, -0.0002706, -0.00019580000000000002, -0.0001474, -0.00018920000000000002, -0.000242, -0.0002706, -0.00020130000000000001, -0.0001584, -0.00018370000000000002, -0.0002508, -0.0002585, -0.0002057, -0.0001397, -0.00017820000000000002, -0.0002651, -0.0002629, -0.0002068, -0.0001551, -0.00018480000000000002, -0.0002453, -0.000253, -0.0002134, -0.0001529, -0.00018260000000000002, -0.000253, -0.000264, -0.0002035, -0.0001551, -0.00018040000000000002, -0.0002508, -0.0002706, -0.0002035, -0.0001441, -0.00018040000000000002, -0.0002486, -0.0002541, -0.00019360000000000002, -0.0001518, -0.00018260000000000002, -0.0002442, -0.0002673, -0.0002046, -0.0001419, -0.00018920000000000002, -0.0002552, -0.0002563, -0.0002079, -0.0001584, -0.0001738, -0.0002607, -0.0002695, -0.0002079, -0.0001518, -0.00019140000000000002, -0.0002519, -0.0002552, -0.0002046, -0.0001529, -0.00018920000000000002, -0.0002607, -0.0002695, -0.00019910000000000001, -0.0001452, -0.00018920000000000002, -0.000253, -0.0002651, -0.0002035, -0.0001617, -0.00018260000000000002, -0.0002486, -0.0002607, -0.0002035, -0.0001485, -0.00018590000000000002, -0.0002464, -0.0002607, -0.0002035, -0.0001573, -0.00019140000000000002, -0.0002431, -0.0002651, -0.0002057, -0.000154, -0.00018700000000000002, -0.0002552, -0.0002673, -0.00019910000000000001, -0.0001606, -0.00018150000000000002, -0.0002508, -0.0002717, -0.00020240000000000001, -0.0001562, -0.00018480000000000002, -0.0002387, -0.0002717, -0.0002156, -0.0001573, -0.00017710000000000002, -0.0002607, -0.000264, -0.0002079, -0.0001463, -0.00018700000000000002, -0.0002508, -0.0002684, -0.0002068, -0.000154, -0.00018040000000000002, -0.000253, -0.0002596, -0.00020240000000000001, -0.0001595, -0.00018370000000000002, -0.0002398, -0.0002695, -0.00019800000000000002, -0.0001474, -0.00018150000000000002, -0.0002508, -0.0002673, -0.0002112, -0.0001562, -0.00018810000000000002, -0.0002519, -0.0002706, -0.0002035, -0.0001595, -0.00018480000000000002, -0.0002475, -0.0002662, -0.00020020000000000001, -0.0001485, -0.00018590000000000002, -0.0002519, -0.0002695, -0.0002035, -0.0001518, -0.00018260000000000002, -0.0002563, -0.0002618, -0.00020130000000000001, -0.0001595, -0.00018260000000000002, -0.0002497, -0.0002629, -0.0002079, -0.0001562, -0.00018480000000000002, -0.0002497, -0.0002497, -0.0002068, -0.0001518, -0.00018590000000000002, -0.0002519, -0.0002706, -0.00019910000000000001, -0.0001551, -0.00018920000000000002, -0.0002618, -0.0002607, -0.00020020000000000001, -0.0001562, -0.0001749, -0.0002519, -0.0002662, -0.0002101, -0.0001551, -0.00017930000000000002, -0.0002497, -0.0002629, -0.00020020000000000001, -0.0001518, -0.00017820000000000002, -0.0002464, -0.0002662, -0.0002079, -0.0001584, -0.000176, -0.0002585, -0.0002651, -0.0002046, -0.0001595, -0.00018920000000000002, -0.0002497, -0.0002651, -0.0002112, -0.0001485, -0.00018260000000000002, -0.0002519, -0.0002629, -0.0002035, -0.000154, -0.00018150000000000002, -0.000253, -0.0002574, -0.0002068, -0.0001507, -0.00018920000000000002, -0.0002387, -0.0002574, -0.00019690000000000002, -0.0001595, -0.0001749, -0.0002541, -0.0002695, -0.0002079, -0.0001463, -0.00019580000000000002, -0.0002464, -0.0002662, -0.0002035, -0.0001518, -0.00018810000000000002, -0.0002464, -0.0002618, -0.00020020000000000001, -0.0001408, -0.00019030000000000002, -0.000253, -0.0002596, -0.0002057, -0.0001617, -0.00017820000000000002, -0.0002387, -0.0002662, -0.0002068, -0.0001551, -0.00018260000000000002, -0.0002541, -0.0002574, -0.0002068, -0.0001485, -0.00017820000000000002, -0.0002497, -0.000253, -0.0002046, -0.0001551, -0.00018370000000000002, -0.000253, -0.000264, -0.00019690000000000002, -0.0001507, -0.00019030000000000002, -0.0002552, -0.0002695, -0.0002101, -0.0001408, -0.00019910000000000001, -0.000253, -0.000264, -0.00020020000000000001, -0.0001551, -0.00018260000000000002, -0.0002574, -0.0002607, -0.0002068, -0.000154, -0.00018370000000000002, -0.000253, -0.0002662, -0.0002035, -0.0001463, -0.00018480000000000002, -0.0002464, -0.0002607, -0.0002167, -0.0001562, -0.0001738, -0.0002607, -0.0002618, -0.00020020000000000001, -0.0001507, -0.00018480000000000002, -0.0002508, -0.0002552, -0.00020020000000000001, -0.0001507, -0.00018480000000000002, -0.0002508, -0.0002607, -0.0002046, -0.0001551, -0.00017820000000000002, -0.0002486, -0.0002651, -0.00019910000000000001, -0.0001562, -0.00018370000000000002, -0.0002563, -0.000264, -0.0002068, -0.0001529, -0.00018590000000000002, -0.0002552, -0.0002585, -0.0002057, -0.0001474, -0.00018700000000000002, -0.0002552, -0.000264, -0.0002035, -0.0001474, -0.00018700000000000002, -0.0002541, -0.000253, -0.0002101, -0.0001529, -0.00018590000000000002, -0.0002453, -0.0002629, -0.00019140000000000002, -0.0001507, -0.00019250000000000002, -0.0002464, -0.0002651, -0.0002057, -0.0001573, -0.00018590000000000002, -0.0002552, -0.0002585, -0.0002035, -0.0001474, -0.00018810000000000002, -0.0002398, -0.0002552, -0.0002079, -0.0001507, -0.00018480000000000002, -0.0002541, -0.0002695, -0.0002079, -0.0001529, -0.00018150000000000002, -0.0002519, -0.0002585, -0.0002112, -0.0001507, -0.00018040000000000002, -0.0002475, -0.000264, -0.00019910000000000001, -0.0001507, -0.00018370000000000002, -0.0002497, -0.0002552, -0.0002156, -0.000154, -0.00017710000000000002, -0.0002541, -0.0002618, -0.00019470000000000002, -0.0001496, -0.00018810000000000002, -0.0002475, -0.0002651, -0.00019800000000000002, -0.0001529, -0.00018590000000000002, -0.0002618, -0.0002618, -0.00020130000000000001, -0.0001606, -0.00018480000000000002, -0.000264, -0.0002651, -0.00019800000000000002, -0.0001507, -0.00018920000000000002, -0.0002563, -0.0002563, -0.0002046, -0.0001441, -0.00018920000000000002, -0.0002585, -0.0002662, -0.0002035, -0.0001573, -0.00018150000000000002, -0.000253, -0.0002585, -0.0002134, -0.0001441, -0.00019360000000000002, -0.0002519, -0.0002607, -0.0002057, -0.0001518, -0.00018920000000000002, -0.000253, -0.0002574, -0.00019690000000000002, -0.0001419, -0.00018040000000000002, -0.0002541, -0.000264, -0.0002134, -0.0001529, -0.00018810000000000002, -0.0002508, -0.000264, -0.0002068, -0.0001529, -0.00018370000000000002, -0.0002618, -0.0002651, -0.00020130000000000001, -0.0001496, -0.00018040000000000002, -0.0002475, -0.0002574, -0.00020130000000000001, -0.0001562, -0.00018700000000000002, -0.0002596, -0.000264, -0.0002035, -0.0001529, -0.00019140000000000002, -0.0002486, -0.0002618, -0.0002068, -0.0001474, -0.00018480000000000002, -0.000253, -0.0002673, -0.0002068, -0.0001584, -0.00017820000000000002, -0.0002596, -0.0002728, -0.0002057, -0.000154, -0.00018480000000000002, -0.0002508, -0.0002596, -0.00020240000000000001, -0.0001485, -0.00019690000000000002, -0.0002596, -0.000264, -0.0002079, -0.0001496, -0.00018700000000000002, -0.0002585, -0.0002585, -0.0002112, -0.0001573, -0.00018150000000000002, -0.0002596, -0.0002607, -0.00019470000000000002, -0.0001518, -0.00018150000000000002, -0.0002519]","[0.0014201, 0.0008767, 0.0005533000000000001, 0.0009119, 0.0014377, 0.0014223, 0.0008866000000000001, 0.0005588, 0.0009295000000000001, 0.0014564, 0.0014432000000000002, 0.0008822000000000001, 0.0005643, 0.0009372, 0.0014685, 0.0014454000000000001, 0.0009042000000000001, 0.0005632, 0.0009482000000000001, 0.0014762, 0.0014498, 0.0008987, 0.0005632, 0.0009471000000000001, 0.0014817, 0.0014443000000000001, 0.0008976, 0.0005698000000000001, 0.0009504, 0.0014839, 0.0014553, 0.0008976, 0.0005654000000000001, 0.0009515000000000001, 0.0014795000000000001, 0.0014454000000000001, 0.0009031, 0.0005731, 0.0009548, 0.0014883000000000001, 0.0014542000000000001, 0.0009086000000000001, 0.0005687, 0.0009537, 0.0014817, 0.0014553, 0.0009009, 0.0005654000000000001, 0.000946, 0.0014707000000000001, 0.0014575, 0.0009064, 0.0005742000000000001, 0.0009416, 0.0014927, 0.0014487, 0.0009009, 0.0005643, 0.0009482000000000001, 0.0014751, 0.0014520000000000002, 0.0008965, 0.0005698000000000001, 0.0009383000000000001, 0.0014762, 0.0014454000000000001, 0.0008943, 0.0005731, 0.0009548, 0.0014894, 0.0014542000000000001, 0.0008910000000000001, 0.0005742000000000001, 0.0009427000000000001, 0.0014828, 0.0014509, 0.0008998000000000001, 0.0005731, 0.0009427000000000001, 0.0014817, 0.0014454000000000001, 0.0009031, 0.0005753, 0.0009548, 0.0014707000000000001, 0.0014564, 0.0009009, 0.0005698000000000001, 0.0009361, 0.0014762, 0.0014520000000000002, 0.0009031, 0.0005621000000000001, 0.0009504, 0.0014751, 0.0014520000000000002, 0.0008976, 0.0005676, 0.0009427000000000001, 0.0014806, 0.0014553, 0.0008954000000000001, 0.0005698000000000001, 0.000946, 0.0014729, 0.0014531000000000001, 0.0008987, 0.0005643, 0.0009427000000000001, 0.0014718, 0.0014509, 0.0009075, 0.0005632, 0.0009449, 0.0014784000000000002, 0.0014509, 0.0008998000000000001, 0.0005665000000000001, 0.0009526000000000001, 0.0014718, 0.0014509, 0.0008998000000000001, 0.000561, 0.0009515000000000001, 0.0014762, 0.0014553, 0.0008943, 0.0005808, 0.0009405, 0.0014751, 0.0014498, 0.000902, 0.000572, 0.0009383000000000001, 0.0014784000000000002, 0.0014531000000000001, 0.0009042000000000001, 0.0005764, 0.000946, 0.001485, 0.0014476, 0.0008899, 0.0005665000000000001, 0.0009427000000000001, 0.0014762, 0.0014476, 0.0009064, 0.0005742000000000001, 0.0009559000000000001, 0.0014784000000000002, 0.0014520000000000002, 0.0008899, 0.0005731, 0.0009515000000000001, 0.0014674, 0.0014443000000000001, 0.0008976, 0.000572, 0.000946, 0.0014718, 0.0014432000000000002, 0.000902, 0.0005687, 0.000946, 0.0014861000000000002, 0.0014377, 0.0008899, 0.0005731, 0.0009427000000000001, 0.0014927, 0.0014652, 0.0008954000000000001, 0.0005665000000000001, 0.0009438000000000001, 0.0014718, 0.0014476, 0.0008954000000000001, 0.0005698000000000001, 0.0009570000000000001, 0.0014883000000000001, 0.0014432000000000002, 0.0008877000000000001, 0.0005599, 0.0009482000000000001, 0.0014828, 0.0014542000000000001, 0.0008943, 0.0005786000000000001, 0.0009493, 0.0014751, 0.0014531000000000001, 0.0009031, 0.0005687, 0.0009515000000000001, 0.0014784000000000002, 0.0014465, 0.0008987, 0.0005863, 0.0009515000000000001, 0.0014729, 0.0014520000000000002, 0.0008998000000000001, 0.0005775, 0.0009449, 0.0014696000000000002, 0.0014531000000000001, 0.0008976, 0.0005665000000000001, 0.0009537, 0.0014861000000000002, 0.0014520000000000002, 0.0008910000000000001, 0.0005753, 0.0009504, 0.0014707000000000001, 0.0014465, 0.0008954000000000001, 0.0005665000000000001, 0.0009559000000000001, 0.0014806, 0.0014454000000000001, 0.0008921000000000001, 0.0005709, 0.0009449, 0.0014828, 0.0014531000000000001, 0.0008987, 0.0005709, 0.0009449, 0.0014773, 0.0014487, 0.0008866000000000001, 0.000561, 0.0009482000000000001, 0.001474, 0.0014509, 0.0008987, 0.0005764, 0.0009559000000000001, 0.0014861000000000002, 0.0014421, 0.0008877000000000001, 0.000572, 0.0009394000000000001, 0.0014883000000000001, 0.0014443000000000001, 0.0008877000000000001, 0.0005709, 0.0009559000000000001, 0.0014784000000000002, 0.0014465, 0.0008888, 0.0005665000000000001, 0.0009592, 0.0014839, 0.0014443000000000001, 0.0008932, 0.0005797, 0.0009493, 0.0014784000000000002, 0.0014520000000000002, 0.0008965, 0.0005709, 0.0009570000000000001, 0.0014762, 0.0014509, 0.0008943, 0.0005753, 0.000946, 0.0014927, 0.0014553, 0.0008965, 0.0005753, 0.0009614000000000001, 0.0014784000000000002, 0.0014520000000000002, 0.0008844, 0.0005742000000000001, 0.0009482000000000001, 0.0014916, 0.0014432000000000002, 0.0008943, 0.0005654000000000001, 0.0009515000000000001, 0.0014751, 0.0014509, 0.0008932, 0.0005753, 0.0009570000000000001, 0.0014751, 0.0014465, 0.0008921000000000001, 0.0005709, 0.0009482000000000001, 0.0014839, 0.0014542000000000001, 0.0008932, 0.0005709, 0.0009537, 0.0014839, 0.0014509, 0.0008987, 0.0005687, 0.0009614000000000001, 0.0014817, 0.0014388, 0.0008954000000000001, 0.0005676, 0.0009515000000000001, 0.001485, 0.0014399, 0.0008877000000000001, 0.0005764, 0.0009493, 0.0014839, 0.0014498, 0.0008855, 0.0005764, 0.0009603000000000001, 0.0014861000000000002, 0.001441, 0.0008833000000000001, 0.0005731, 0.0009581, 0.0014784000000000002, 0.0014432000000000002, 0.0008954000000000001, 0.0005709, 0.0009526000000000001, 0.0014784000000000002, 0.0014509, 0.0008987, 0.0005665000000000001, 0.0009493, 0.001485, 0.0014575, 0.0008866000000000001, 0.0005731, 0.0009449, 0.0014872000000000002, 0.0014531000000000001, 0.0008844, 0.000572, 0.0009548, 0.0014872000000000002, 0.0014498, 0.0008954000000000001, 0.000572, 0.0009625, 0.001474, 0.0014465, 0.0008943, 0.0005676, 0.0009581, 0.0014861000000000002, 0.0014421, 0.0008855, 0.0005764, 0.0009449, 0.0014762, 0.0014487, 0.0008932, 0.000572, 0.0009493, 0.0014751, 0.0014465, 0.0008866000000000001, 0.0005698000000000001, 0.0009537, 0.0014817, 0.0014443000000000001, 0.0008976, 0.0005687, 0.0009438000000000001, 0.0014872000000000002, 0.0014421, 0.0008954000000000001, 0.0005764, 0.0009526000000000001, 0.0014861000000000002, 0.0014421, 0.0008965, 0.0005775, 0.0009493, 0.0014762, 0.0014564, 0.0008921000000000001, 0.0005698000000000001, 0.0009449, 0.0014806, 0.0014454000000000001, 0.0008932, 0.0005665000000000001, 0.0009592, 0.0014883000000000001, 0.0014487, 0.0008866000000000001, 0.0005742000000000001, 0.0009482000000000001, 0.001474, 0.0014377, 0.0008943, 0.0005698000000000001, 0.0009614000000000001, 0.0014817, 0.0014454000000000001, 0.0008877000000000001, 0.0005808, 0.0009548, 0.0014828, 0.0014476, 0.0008833000000000001, 0.0005742000000000001, 0.0009504, 0.0014817, 0.0014476, 0.0008987, 0.0005764, 0.0009515000000000001, 0.0014784000000000002, 0.0014487, 0.0008888, 0.0005764, 0.0009537, 0.0014773, 0.0014509, 0.0008921000000000001, 0.0005731, 0.0009559000000000001, 0.0014751, 0.0014487, 0.0008987, 0.0005863, 0.0009636, 0.0014762, 0.0014498, 0.0008888, 0.0005753, 0.0009537, 0.0014839, 0.0014564, 0.0008899, 0.0005775, 0.0009559000000000001, 0.0014817, 0.0014443000000000001, 0.0008877000000000001, 0.0005632, 0.0009526000000000001, 0.0014795000000000001, 0.0014366000000000001, 0.0008833000000000001, 0.0005687, 0.0009592, 0.0014817, 0.0014454000000000001, 0.00088, 0.0005742000000000001, 0.0009504, 0.0014949000000000002, 0.0014586, 0.0008921000000000001, 0.0005742000000000001, 0.0009570000000000001, 0.0014938, 0.0014487, 0.0008921000000000001, 0.0005731, 0.0009570000000000001, 0.001485, 0.0014498, 0.0008855, 0.0005742000000000001, 0.0009548, 0.0014883000000000001, 0.0014487, 0.0008789000000000001, 0.0005742000000000001, 0.0009581, 0.0014960000000000002, 0.0014542000000000001, 0.0008921000000000001, 0.000561, 0.0009559000000000001, 0.0014916, 0.0014432000000000002, 0.0008899, 0.0005764, 0.0009603000000000001, 0.0014784000000000002, 0.0014421, 0.0008866000000000001, 0.000572, 0.0009570000000000001, 0.0014861000000000002, 0.0014432000000000002, 0.0008965, 0.0005731, 0.0009570000000000001, 0.0014861000000000002]",33
69,"[-0.0005357000000000001, -0.0005302, -0.0003355, -0.0002563, -0.00038280000000000003, -0.0005456, -0.0005335, -0.00035640000000000004, -0.0002563, -0.0003927, -0.0005566, -0.0005302, -0.0003619, -0.0002629, -0.0003971, -0.0005588, -0.00055, -0.0003531, -0.0002618, -0.0004015, -0.0005621000000000001, -0.0005533000000000001, -0.00036520000000000004, -0.0002695, -0.00038720000000000003, -0.00055, -0.00055, -0.0003641, -0.0002618, -0.0003839, -0.0005621000000000001, -0.00055, -0.0003663, -0.0002783, -0.0003971, -0.0005687, -0.0005467, -0.00036300000000000004, -0.0002662, -0.00039600000000000003, -0.0005687, -0.0005577000000000001, -0.0003663, -0.0002717, -0.0003971, -0.0005709, -0.0005522, -0.00036740000000000004, -0.0002728, -0.0004081, -0.000572, -0.0005555, -0.0003663, -0.0002728, -0.0003971, -0.0005709, -0.0005687, -0.00036960000000000004, -0.0002717, -0.0004037, -0.0005665000000000001, -0.0005467, -0.00036960000000000004, -0.0002728, -0.00040040000000000003, -0.0005698000000000001, -0.0005588, -0.0003619, -0.0002541, -0.00039820000000000003, -0.0005753, -0.0005588, -0.00036740000000000004, -0.0002662, -0.00039160000000000003, -0.0005797, -0.0005522, -0.00036520000000000004, -0.0002662, -0.00039600000000000003, -0.0005676, -0.0005511, -0.00036960000000000004, -0.0002662, -0.0004081, -0.0005687, -0.0005654000000000001, -0.00036740000000000004, -0.0002596, -0.0003905, -0.0005786000000000001, -0.0005533000000000001, -0.0003795, -0.0002739, -0.00039820000000000003, -0.0005709, -0.00055, -0.0003729, -0.0002673, -0.00039380000000000003, -0.000572, -0.0005566, -0.0003707, -0.0002662, -0.0004015, -0.000572, -0.0005566, -0.0003619, -0.0002717, -0.0003993, -0.0005742000000000001, -0.0005456, -0.00037620000000000004, -0.0002618, -0.0004136, -0.0005841, -0.0005621000000000001, -0.0003685, -0.0002684, -0.00039820000000000003, -0.0005676, -0.0005533000000000001, -0.00036300000000000004, -0.0002684, -0.00040040000000000003, -0.0005753, -0.0005511, -0.0003619, -0.0002629, -0.0003949, -0.0005665000000000001, -0.0005544, -0.00036080000000000004, -0.0002684, -0.000407, -0.0005731, -0.0005489000000000001, -0.00036300000000000004, -0.0002706, -0.00039820000000000003, -0.0005753, -0.0005566, -0.00037400000000000004, -0.0002651, -0.000407, -0.0005698000000000001, -0.0005467, -0.0003663, -0.0002772, -0.0004059, -0.000572, -0.0005423, -0.00036740000000000004, -0.0002772, -0.0004015, -0.0005698000000000001, -0.0005467, -0.0003729, -0.0002761, -0.00040040000000000003, -0.0005698000000000001, -0.0005643, -0.00037400000000000004, -0.0002706, -0.0003971, -0.0005687, -0.0005599, -0.0003707, -0.0002728, -0.00039820000000000003, -0.0005731, -0.00055, -0.00037620000000000004, -0.0002629, -0.00040480000000000003, -0.0005632, -0.0005467, -0.00036740000000000004, -0.0002673, -0.00040040000000000003, -0.0005775, -0.0005533000000000001, -0.0003619, -0.0002662, -0.0004081, -0.0005709, -0.0005577000000000001, -0.0003663, -0.0002695, -0.00040040000000000003, -0.000572, -0.0005599, -0.0003685, -0.0002673, -0.0004059, -0.0005731, -0.0005599, -0.00036520000000000004, -0.0002717, -0.0004059, -0.0005830000000000001, -0.0005478, -0.0003729, -0.0002629, -0.0003993, -0.0005764, -0.0005478, -0.0003751, -0.0002607, -0.00040260000000000003, -0.0005753, -0.0005588, -0.00036740000000000004, -0.000264, -0.0004136, -0.0005698000000000001, -0.000561, -0.0003707, -0.0002684, -0.0003949, -0.0005676, -0.0005478, -0.0003641, -0.0002783, -0.0003971, -0.0005676, -0.0005423, -0.00036740000000000004, -0.0002651, -0.0003993, -0.0005676, -0.0005588, -0.00037400000000000004, -0.0002607, -0.00039600000000000003, -0.0005753, -0.0005643, -0.00037400000000000004, -0.0002585, -0.0004092, -0.0005654000000000001, -0.0005522, -0.0003707, -0.0002684, -0.0004103, -0.0005742000000000001, -0.0005599, -0.00036740000000000004, -0.0002662, -0.0004037, -0.0005775, -0.0005632, -0.00035640000000000004, -0.0002684, -0.00039600000000000003, -0.0005709, -0.0005445000000000001, -0.0003663, -0.0002607, -0.0004015, -0.0005742000000000001, -0.0005445000000000001, -0.00036740000000000004, -0.000275, -0.0004037, -0.000572, -0.0005489000000000001, -0.00036960000000000004, -0.0002684, -0.000407, -0.0005731, -0.00055, -0.00037180000000000004, -0.0002706, -0.0004037, -0.0005797, -0.0005434, -0.0003641, -0.0002728, -0.0004081, -0.0005687, -0.0005522, -0.0003685, -0.0002629, -0.0004015, -0.0005665000000000001, -0.0005478, -0.00035860000000000004, -0.0002673, -0.0004081, -0.0005654000000000001, -0.0005489000000000001, -0.0003685, -0.0002662, -0.00039820000000000003, -0.0005709, -0.0005434, -0.0003685, -0.0002739, -0.00040040000000000003, -0.0005742000000000001, -0.0005511, -0.0003619, -0.0002662, -0.00040040000000000003, -0.0005665000000000001, -0.00055, -0.00036520000000000004, -0.0002673, -0.0003993, -0.0005676, -0.0005489000000000001, -0.0003597, -0.0002662, -0.0003993, -0.0005753, -0.00055, -0.00036300000000000004, -0.0002673, -0.0004092, -0.0005698000000000001, -0.0005456, -0.00036300000000000004, -0.0002607, -0.0004015, -0.000572, -0.0005456, -0.00036960000000000004, -0.0002739, -0.00040040000000000003, -0.0005687, -0.0005511, -0.0003597, -0.0002541, -0.0004037, -0.0005687, -0.0005544, -0.00036520000000000004, -0.0002651, -0.00040040000000000003, -0.0005709, -0.00055, -0.0003707, -0.0002684, -0.0004114, -0.0005753, -0.0005511, -0.0003641, -0.0002673, -0.000407, -0.000561, -0.0005577000000000001, -0.00035860000000000004, -0.0002739, -0.0004169, -0.0005797, -0.0005544, -0.00035860000000000004, -0.0002717, -0.00040040000000000003, -0.0005830000000000001, -0.0005588, -0.0003619, -0.0002739, -0.00039600000000000003, -0.0005709, -0.0005599, -0.0003685, -0.0002662, -0.0004059, -0.0005852, -0.0005544, -0.0003663, -0.0002607, -0.0004059, -0.0005797, -0.0005489000000000001, -0.0003553, -0.0002673, -0.0004037, -0.0005830000000000001, -0.0005522, -0.00035640000000000004, -0.0002717, -0.00040480000000000003, -0.0005764, -0.0005533000000000001, -0.00036300000000000004, -0.0002673, -0.0004037, -0.0005632, -0.0005511, -0.00036520000000000004, -0.0002706, -0.00040040000000000003, -0.0005830000000000001, -0.0005566, -0.0003619, -0.0002684, -0.000407, -0.0005786000000000001, -0.00055, -0.0003575, -0.0002629, -0.00039820000000000003, -0.000561, -0.0005511, -0.00035640000000000004, -0.0002695, -0.0004015, -0.0005654000000000001, -0.0005566, -0.0003619, -0.0002739, -0.000407, -0.000572, -0.0005456, -0.0003619, -0.000275, -0.00039600000000000003, -0.0005698000000000001, -0.0005511, -0.00036080000000000004, -0.0002717, -0.0004059, -0.0005709, -0.0005368, -0.00036080000000000004, -0.0002673, -0.000407, -0.0005742000000000001, -0.0005577000000000001, -0.00036080000000000004, -0.0002662, -0.0003949, -0.0005709, -0.000539, -0.0003685, -0.0002739, -0.0004037, -0.0005841, -0.0005577000000000001, -0.00036300000000000004, -0.0002651, -0.0004015, -0.0005819, -0.0005478, -0.0003773, -0.0002695, -0.0004114, -0.0005775, -0.0005522, -0.00036740000000000004, -0.0002585, -0.00039820000000000003, -0.0005731, -0.0005533000000000001, -0.00036520000000000004, -0.0002574, -0.00040040000000000003, -0.0005709, -0.0005544, -0.0003663, -0.0002651, -0.00040040000000000003, -0.0005676, -0.00055, -0.0003663, -0.000275, -0.0004015, -0.0005731, -0.0005478, -0.0003619, -0.000264, -0.0004037, -0.0005753, -0.0005456, -0.00036080000000000004, -0.0002629, -0.0004081, -0.000572, -0.0005522, -0.0003575, -0.0002695, -0.0004103, -0.0005830000000000001, -0.000561, -0.0003575, -0.0002783, -0.0004114, -0.0005775, -0.0005522, -0.0003663, -0.0002618, -0.0004037, -0.0005775, -0.0005621000000000001, -0.0003773, -0.000275, -0.00040480000000000003]","[-0.0002596, -0.0002684, -0.00020240000000000001, -0.0001551, -0.00019470000000000002, -0.0002585, -0.0002695, -0.00020020000000000001, -0.0001683, -0.00018700000000000002, -0.000264, -0.0002684, -0.000209, -0.0001562, -0.00019580000000000002, -0.0002728, -0.0002673, -0.0002112, -0.0001474, -0.00018920000000000002, -0.0002607, -0.000264, -0.0002079, -0.0001573, -0.00018590000000000002, -0.0002497, -0.0002673, -0.0002057, -0.0001441, -0.00018370000000000002, -0.0002596, -0.0002739, -0.0002101, -0.0001529, -0.00018370000000000002, -0.0002596, -0.0002618, -0.00019800000000000002, -0.0001683, -0.00020020000000000001, -0.0002585, -0.0002695, -0.0002057, -0.0001529, -0.00018260000000000002, -0.0002585, -0.0002574, -0.00019910000000000001, -0.0001474, -0.00018920000000000002, -0.0002706, -0.0002739, -0.0002046, -0.0001496, -0.00018810000000000002, -0.0002673, -0.0002805, -0.0002123, -0.0001551, -0.00017820000000000002, -0.0002629, -0.0002673, -0.000209, -0.0001562, -0.00019250000000000002, -0.000264, -0.0002728, -0.0002057, -0.0001551, -0.00019140000000000002, -0.0002684, -0.0002695, -0.00019800000000000002, -0.0001551, -0.00019030000000000002, -0.0002585, -0.000264, -0.0002123, -0.0001551, -0.00019470000000000002, -0.0002673, -0.0002728, -0.0002079, -0.0001562, -0.00019360000000000002, -0.0002629, -0.0002662, -0.00019910000000000001, -0.0001507, -0.00019800000000000002, -0.0002618, -0.0002706, -0.00019030000000000002, -0.0001518, -0.00019140000000000002, -0.0002574, -0.0002695, -0.0002046, -0.0001518, -0.00019140000000000002, -0.0002662, -0.0002695, -0.0002057, -0.0001584, -0.00018370000000000002, -0.0002651, -0.0002706, -0.0002057, -0.000154, -0.00018920000000000002, -0.0002596, -0.0002783, -0.00020130000000000001, -0.0001562, -0.00019580000000000002, -0.000264, -0.0002662, -0.00020130000000000001, -0.0001496, -0.00018810000000000002, -0.0002541, -0.0002706, -0.0002068, -0.0001573, -0.00019140000000000002, -0.0002596, -0.0002618, -0.0002057, -0.0001518, -0.00018810000000000002, -0.000264, -0.0002717, -0.0002057, -0.0001507, -0.00018920000000000002, -0.0002607, -0.0002673, -0.0002057, -0.0001474, -0.00019360000000000002, -0.0002519, -0.0002761, -0.0002079, -0.0001518, -0.00018810000000000002, -0.0002563, -0.0002695, -0.0002068, -0.000154, -0.00019250000000000002, -0.0002497, -0.0002662, -0.00020020000000000001, -0.0001529, -0.00018480000000000002, -0.0002552, -0.0002596, -0.00020130000000000001, -0.0001661, -0.00019470000000000002, -0.0002618, -0.0002684, -0.0002068, -0.0001474, -0.00018150000000000002, -0.0002662, -0.0002673, -0.0002057, -0.0001672, -0.00018700000000000002, -0.0002618, -0.0002574, -0.0002035, -0.0001518, -0.00019690000000000002, -0.000264, -0.0002629, -0.0002057, -0.0001507, -0.00018370000000000002, -0.0002618, -0.0002673, -0.00019910000000000001, -0.0001551, -0.00018920000000000002, -0.000264, -0.0002728, -0.0002035, -0.0001628, -0.0002057, -0.0002486, -0.0002728, -0.0002057, -0.000154, -0.00018260000000000002, -0.0002728, -0.000264, -0.0002156, -0.0001496, -0.00018040000000000002, -0.0002574, -0.0002629, -0.00020240000000000001, -0.0001562, -0.00018700000000000002, -0.0002618, -0.0002717, -0.0002035, -0.0001661, -0.00019360000000000002, -0.0002629, -0.0002651, -0.000209, -0.0001485, -0.00019250000000000002, -0.000264, -0.0002673, -0.0002035, -0.0001573, -0.00018480000000000002, -0.0002607, -0.0002673, -0.0002057, -0.0001518, -0.00018590000000000002, -0.0002596, -0.0002651, -0.00019470000000000002, -0.0001584, -0.00020130000000000001, -0.0002574, -0.0002651, -0.0002079, -0.0001518, -0.00018480000000000002, -0.0002662, -0.0002717, -0.0002068, -0.0001551, -0.00018700000000000002, -0.0002596, -0.00028270000000000004, -0.0002156, -0.000154, -0.00019360000000000002, -0.0002563, -0.0002728, -0.0002057, -0.0001606, -0.00020240000000000001, -0.0002596, -0.0002673, -0.0002068, -0.0001474, -0.00019360000000000002, -0.0002596, -0.0002761, -0.0002112, -0.0001661, -0.00019140000000000002, -0.0002629, -0.0002695, -0.00019910000000000001, -0.0001562, -0.00019690000000000002, -0.0002662, -0.0002684, -0.00019250000000000002, -0.0001463, -0.00019030000000000002, -0.0002706, -0.0002695, -0.00019580000000000002, -0.0001573, -0.00018590000000000002, -0.0002497, -0.0002783, -0.00020130000000000001, -0.0001518, -0.00018480000000000002, -0.0002541, -0.0002651, -0.00020020000000000001, -0.0001562, -0.00019690000000000002, -0.0002651, -0.0002706, -0.0002079, -0.0001584, -0.00019250000000000002, -0.0002607, -0.0002673, -0.0002046, -0.0001485, -0.00019800000000000002, -0.0002629, -0.0002673, -0.00020130000000000001, -0.0001606, -0.00019140000000000002, -0.0002618, -0.0002673, -0.0002068, -0.000154, -0.00019030000000000002, -0.0002585, -0.0002695, -0.0002112, -0.000165, -0.00018590000000000002, -0.0002574, -0.000275, -0.0002079, -0.0001606, -0.00018920000000000002, -0.000264, -0.0002761, -0.0002068, -0.0001518, -0.00019470000000000002, -0.0002618, -0.0002761, -0.0002035, -0.0001584, -0.00018920000000000002, -0.0002607, -0.0002695, -0.00020240000000000001, -0.0001474, -0.00019360000000000002, -0.0002607, -0.0002706, -0.00019910000000000001, -0.0001485, -0.00019580000000000002, -0.0002585, -0.000264, -0.00019470000000000002, -0.0001496, -0.00019140000000000002, -0.0002717, -0.0002673, -0.0002046, -0.0001529, -0.00019690000000000002, -0.0002618, -0.0002706, -0.00020240000000000001, -0.000154, -0.00019140000000000002, -0.000253, -0.0002717, -0.00019800000000000002, -0.0001496, -0.00019140000000000002, -0.0002519, -0.0002728, -0.0002068, -0.0001628, -0.00019250000000000002, -0.0002662, -0.0002761, -0.0002101, -0.0001496, -0.00020130000000000001, -0.000264, -0.0002717, -0.00019800000000000002, -0.0001518, -0.00018590000000000002, -0.0002662, -0.000264, -0.00019690000000000002, -0.0001518, -0.00019360000000000002, -0.0002596, -0.0002739, -0.0002079, -0.0001551, -0.00018810000000000002, -0.0002563, -0.0002761, -0.0002035, -0.0001529, -0.00018480000000000002, -0.0002552, -0.0002574, -0.0002035, -0.0001507, -0.00018700000000000002, -0.000264, -0.0002728, -0.0002068, -0.0001529, -0.00019470000000000002, -0.000253, -0.0002739, -0.00020240000000000001, -0.0001551, -0.00019690000000000002, -0.0002596, -0.0002761, -0.0002123, -0.000154, -0.00019140000000000002, -0.0002541, -0.0002695, -0.00019580000000000002, -0.0001551, -0.00018810000000000002, -0.0002607, -0.0002574, -0.0002035, -0.0001529, -0.00019470000000000002, -0.0002585, -0.0002739, -0.0002046, -0.0001584, -0.00018810000000000002, -0.0002541, -0.000264, -0.0002035, -0.0001507, -0.00018480000000000002, -0.0002585, -0.000275, -0.00019910000000000001, -0.000154, -0.00019030000000000002, -0.000264, -0.0002706, -0.0002134, -0.0001595, -0.00018810000000000002, -0.0002684, -0.0002651, -0.00019910000000000001, -0.0001496, -0.00019360000000000002, -0.0002563, -0.0002783, -0.00020130000000000001, -0.000154, -0.00019250000000000002, -0.000253, -0.000264, -0.0002079, -0.0001606, -0.00019690000000000002, -0.0002618, -0.0002607, -0.0002035, -0.0001562, -0.00018260000000000002, -0.0002563, -0.0002684, -0.0002035, -0.0001419, -0.00018260000000000002, -0.0002629, -0.0002651, -0.0002112, -0.0001529, -0.00018920000000000002, -0.0002651, -0.0002706, -0.00019910000000000001, -0.0001463, -0.00019360000000000002, -0.0002684, -0.0002728, -0.0002068, -0.0001496, -0.00019470000000000002, -0.0002794, -0.0002695, -0.0002057, -0.0001551, -0.00019470000000000002, -0.0002574, -0.0002596, -0.0002046, -0.0001496, -0.00019800000000000002, -0.0002585, -0.0002739, -0.0002046, -0.0001551, -0.00019140000000000002, -0.0002585, -0.0002673, -0.00019690000000000002, -0.000143, -0.00018590000000000002, -0.0002717, -0.0002772, -0.00020240000000000001, -0.000165, -0.00019910000000000001]","[0.0015037000000000002, 0.0014454000000000001, 0.0008844, 0.000572, 0.0009834, 0.0015103, 0.0014575, 0.0008976, 0.0005852, 0.0009889, 0.0015268, 0.0014718, 0.0008965, 0.0005907, 0.0010032, 0.001529, 0.0014817, 0.0009031, 0.0005984, 0.0009999, 0.0015323000000000001, 0.0014773, 0.0009009, 0.0005896, 0.001012, 0.0015422, 0.001474, 0.0008987, 0.0005962000000000001, 0.0009933000000000001, 0.0015312000000000001, 0.0014894, 0.0009009, 0.0005973, 0.0010142, 0.0015477000000000002, 0.0014872000000000002, 0.0009218000000000001, 0.0006006000000000001, 0.0010131, 0.0015565000000000002, 0.0015037000000000002, 0.0009130000000000001, 0.0006017, 0.0010208, 0.0015499, 0.0014960000000000002, 0.0009042000000000001, 0.0006105, 0.0010296, 0.0015609, 0.0014971000000000001, 0.0009207000000000001, 0.0006017, 0.0010131, 0.0015576000000000001, 0.0015026, 0.000924, 0.0006083, 0.0010131, 0.0015598, 0.0015037000000000002, 0.0009207000000000001, 0.0006072, 0.0010109000000000001, 0.0015686, 0.001507, 0.0009086000000000001, 0.0006061, 0.0010241, 0.0015521, 0.0015048000000000001, 0.000924, 0.0006017, 0.0010241, 0.0015631, 0.0014971000000000001, 0.0009284, 0.0006094000000000001, 0.001012, 0.0015598, 0.0014949000000000002, 0.0009207000000000001, 0.0006072, 0.0010175, 0.0015576000000000001, 0.0015037000000000002, 0.0009097, 0.0006083, 0.0010109000000000001, 0.0015543, 0.0015015, 0.0009174000000000001, 0.0006083, 0.0010263, 0.0015554000000000002, 0.0015092, 0.0009185, 0.0006127, 0.0010197000000000001, 0.0015488000000000001, 0.0015015, 0.0009174000000000001, 0.0006094000000000001, 0.0010208, 0.0015576000000000001, 0.0015081, 0.0009108, 0.0006050000000000001, 0.0010175, 0.0015675, 0.0015004, 0.0009119, 0.0006105, 0.0010131, 0.0015653000000000002, 0.0015092, 0.0009185, 0.0005951, 0.0010263, 0.0015598, 0.0015059000000000001, 0.000902, 0.0006072, 0.0010175, 0.001562, 0.0015037000000000002, 0.0009273, 0.0006083, 0.0010252, 0.0015642000000000002, 0.0015004, 0.0009218000000000001, 0.0006039, 0.0010307, 0.0015554000000000002, 0.0015026, 0.0009042000000000001, 0.0005962000000000001, 0.0010131, 0.0015719, 0.0015048000000000001, 0.0009064, 0.0006072, 0.001023, 0.0015598, 0.0014916, 0.0009251000000000001, 0.0006105, 0.0010197000000000001, 0.0015543, 0.0015081, 0.0009251000000000001, 0.0006094000000000001, 0.0010274000000000001, 0.0015631, 0.0014971000000000001, 0.0009152, 0.0006028, 0.001023, 0.0015653000000000002, 0.001507, 0.0009108, 0.0006094000000000001, 0.0010186000000000001, 0.0015565000000000002, 0.0014982, 0.0009207000000000001, 0.0006072, 0.001034, 0.0015576000000000001, 0.0014960000000000002, 0.0009251000000000001, 0.0006039, 0.0010186000000000001, 0.0015543, 0.0014982, 0.000924, 0.0005951, 0.0010175, 0.0015653000000000002, 0.0014971000000000001, 0.0009218000000000001, 0.0006061, 0.001034, 0.0015521, 0.0015037000000000002, 0.0009163000000000001, 0.0006006000000000001, 0.0010285000000000001, 0.0015488000000000001, 0.0015059000000000001, 0.0009130000000000001, 0.0006050000000000001, 0.0010131, 0.0015400000000000001, 0.0014938, 0.0009108, 0.0006061, 0.0010153, 0.0015653000000000002, 0.0015059000000000001, 0.0009196, 0.0006017, 0.0010241, 0.0015653000000000002, 0.001507, 0.0009119, 0.0006072, 0.0010263, 0.0015587, 0.0014905, 0.0009229, 0.0006094000000000001, 0.0010219, 0.0015708, 0.0014971000000000001, 0.0009163000000000001, 0.0006083, 0.0010362000000000001, 0.0015697, 0.0014916, 0.0009163000000000001, 0.0006061, 0.0010318, 0.0015609, 0.0014993, 0.0009152, 0.0006006000000000001, 0.0010263, 0.001562, 0.0015015, 0.0009119, 0.0006050000000000001, 0.0010197000000000001, 0.0015664000000000001, 0.0014971000000000001, 0.0009152, 0.0006006000000000001, 0.0010263, 0.0015532, 0.0015037000000000002, 0.0009152, 0.0006083, 0.001023, 0.0015631, 0.0015081, 0.0009152, 0.000594, 0.0010318, 0.0015631, 0.0015004, 0.0009196, 0.0006050000000000001, 0.0010307, 0.0015741000000000002, 0.0014971000000000001, 0.0009152, 0.0006061, 0.001023, 0.0015433, 0.0014971000000000001, 0.0009152, 0.0006006000000000001, 0.0010252, 0.0015642000000000002, 0.0015015, 0.0009196, 0.0006072, 0.0010219, 0.0015653000000000002, 0.0014927, 0.0009075, 0.0006116, 0.0010175, 0.0015543, 0.0014960000000000002, 0.0009218000000000001, 0.0006105, 0.0010285000000000001, 0.0015642000000000002, 0.0014949000000000002, 0.0009163000000000001, 0.0006017, 0.0010219, 0.0015686, 0.0015037000000000002, 0.0009130000000000001, 0.0006105, 0.0010175, 0.0015598, 0.0014982, 0.0009097, 0.0005962000000000001, 0.0010241, 0.0015719, 0.0015015, 0.0009097, 0.0006083, 0.0010274000000000001, 0.0015708, 0.0015037000000000002, 0.0009163000000000001, 0.0006127, 0.0010285000000000001, 0.0015609, 0.0015103, 0.0009141, 0.0006061, 0.0010241, 0.0015576000000000001, 0.0015026, 0.0009086000000000001, 0.0006094000000000001, 0.0010318, 0.0015598, 0.0015037000000000002, 0.0009163000000000001, 0.0006105, 0.0010274000000000001, 0.0015664000000000001, 0.0014927, 0.0009163000000000001, 0.0006072, 0.001023, 0.001551, 0.0015103, 0.0009185, 0.0006039, 0.0010208, 0.0015642000000000002, 0.0014949000000000002, 0.0009075, 0.0006116, 0.0010329, 0.0015587, 0.0014971000000000001, 0.0009196, 0.0006028, 0.0010307, 0.0015664000000000001, 0.0014905, 0.0009075, 0.0005984, 0.0010208, 0.0015543, 0.0015037000000000002, 0.0009064, 0.0006116, 0.0010274000000000001, 0.0015642000000000002, 0.0014971000000000001, 0.0009141, 0.0006006000000000001, 0.0010318, 0.0015576000000000001, 0.0014960000000000002, 0.0009075, 0.0006116, 0.0010307, 0.0015609, 0.0014927, 0.0009108, 0.0006061, 0.0010296, 0.0015598, 0.0015004, 0.000902, 0.0006149, 0.0010307, 0.0015697, 0.0014927, 0.0009174000000000001, 0.0006105, 0.0010417, 0.0015631, 0.0015004, 0.0009141, 0.0006094000000000001, 0.0010241, 0.0015554000000000002, 0.0015048000000000001, 0.000902, 0.0005962000000000001, 0.0010373000000000001, 0.001562, 0.0014894, 0.0009119, 0.0006127, 0.0010384, 0.0015598, 0.001507, 0.0009130000000000001, 0.0006094000000000001, 0.0010219, 0.0015642000000000002, 0.0015004, 0.0009053, 0.0005995, 0.0010307, 0.0015697, 0.0014971000000000001, 0.0009075, 0.0005984, 0.0010329, 0.0015686, 0.0015004, 0.0009009, 0.0006061, 0.0010307, 0.0015576000000000001, 0.0014916, 0.0009053, 0.0005962000000000001, 0.001034, 0.0015653000000000002, 0.0014927, 0.0009075, 0.0006028, 0.0010329, 0.0015741000000000002, 0.0014817, 0.0009086000000000001, 0.0006072, 0.0010351, 0.001562, 0.0015037000000000002, 0.000902, 0.0006017, 0.001034, 0.0015587, 0.0015015, 0.0009141, 0.0006061, 0.0010285000000000001, 0.0015587, 0.0014971000000000001, 0.0009108, 0.0006127, 0.0010373000000000001, 0.001562, 0.0014905, 0.0009075, 0.0006061, 0.0010351, 0.0015653000000000002, 0.0014938, 0.0009086000000000001, 0.0006006000000000001, 0.0010296, 0.0015609, 0.0014960000000000002, 0.0009163000000000001, 0.0006017, 0.0010274000000000001, 0.0015653000000000002, 0.0015026, 0.0009119, 0.0006061, 0.0010263, 0.0015554000000000002, 0.0014905, 0.0009108, 0.0005995, 0.0010263, 0.0015521, 0.0014949000000000002, 0.0009075, 0.0005984, 0.0010395, 0.0015675, 0.0014905, 0.0009053, 0.0006061, 0.0010252, 0.0015554000000000002, 0.0014993, 0.0009053, 0.0006061, 0.0010329, 0.0015675, 0.0015015, 0.0009097, 0.0006105, 0.0010351, 0.0015719, 0.0014982, 0.0009108, 0.0006050000000000001, 0.0010296, 0.0015653000000000002, 0.0014971000000000001, 0.0009097, 0.0006028, 0.001034, 0.0015741000000000002, 0.0015026, 0.0009196, 0.0006083, 0.0010208]",34
70,"[-0.0005830000000000001, -0.00055, -0.0003619, -0.0002695, -0.0004103, -0.0005808, -0.0005621000000000001, -0.00036960000000000004, -0.0002695, -0.0004081, -0.0005830000000000001, -0.0005588, -0.00036960000000000004, -0.0002794, -0.0004114, -0.000594, -0.0005687, -0.00036080000000000004, -0.0002673, -0.0004202, -0.0005907, -0.0005665000000000001, -0.0003707, -0.000275, -0.0004246, -0.0005907, -0.0005731, -0.00037620000000000004, -0.0002739, -0.0004312, -0.0005918000000000001, -0.0005830000000000001, -0.0003685, -0.0002728, -0.00042570000000000005, -0.0005962000000000001, -0.0005698000000000001, -0.00036520000000000004, -0.0002816, -0.000418, -0.0005907, -0.0005687, -0.0003619, -0.0002772, -0.0004202, -0.000594, -0.0005753, -0.0003707, -0.0002684, -0.0004147, -0.000594, -0.0005753, -0.00037840000000000004, -0.0002838, -0.000429, -0.0006017, -0.0005632, -0.0003707, -0.0002805, -0.0004114, -0.0005962000000000001, -0.0005632, -0.0003707, -0.000275, -0.000429, -0.0005951, -0.0005775, -0.00036300000000000004, -0.0002882, -0.0004246, -0.0006039, -0.0005841, -0.00037400000000000004, -0.00028490000000000004, -0.00043230000000000005, -0.0006039, -0.0005665000000000001, -0.00036960000000000004, -0.0002816, -0.0004312, -0.0006127, -0.0005786000000000001, -0.0003773, -0.0002816, -0.0004191, -0.0005995, -0.0005742000000000001, -0.00038280000000000003, -0.00028930000000000004, -0.00042350000000000005, -0.0006072, -0.0005764, -0.0003817, -0.00028710000000000004, -0.00043010000000000005, -0.0006105, -0.0005709, -0.00037620000000000004, -0.0002794, -0.0004312, -0.0006072, -0.0005808, -0.0003839, -0.0002838, -0.000429, -0.0006094000000000001, -0.0005764, -0.00036960000000000004, -0.0002805, -0.0004268, -0.0006006000000000001, -0.0005698000000000001, -0.00037400000000000004, -0.0002816, -0.000429, -0.0005907, -0.0005764, -0.00037840000000000004, -0.0002805, -0.00042570000000000005, -0.0005929, -0.0005643, -0.0003685, -0.0002805, -0.00042790000000000005, -0.0006039, -0.0005764, -0.00037400000000000004, -0.0002794, -0.0004312, -0.0006039, -0.0005654000000000001, -0.0003641, -0.00028270000000000004, -0.0004312, -0.0006072, -0.0005775, -0.0003795, -0.0002772, -0.00043010000000000005, -0.0006017, -0.0005808, -0.0003707, -0.0002805, -0.00042790000000000005, -0.0006105, -0.0005731, -0.0003707, -0.00028930000000000004, -0.000429, -0.0005995, -0.0005753, -0.00036520000000000004, -0.000275, -0.00043450000000000004, -0.0006072, -0.000572, -0.00036960000000000004, -0.0002816, -0.00043010000000000005, -0.0006039, -0.0005709, -0.0003707, -0.0002761, -0.00043230000000000005, -0.0006017, -0.0005731, -0.00037840000000000004, -0.00028710000000000004, -0.0004224, -0.0006028, -0.0005786000000000001, -0.00038060000000000004, -0.00028490000000000004, -0.0004246, -0.0006039, -0.0005687, -0.00038280000000000003, -0.00028490000000000004, -0.0004312, -0.0006116, -0.0005676, -0.00037840000000000004, -0.0002816, -0.00042570000000000005, -0.0005973, -0.0005731, -0.0003773, -0.00028710000000000004, -0.0004312, -0.0005973, -0.0005687, -0.00036740000000000004, -0.0002728, -0.00042790000000000005, -0.0006072, -0.0005797, -0.00036960000000000004, -0.0002728, -0.000429, -0.0005973, -0.000572, -0.0003707, -0.0002816, -0.0004246, -0.0006050000000000001, -0.000572, -0.0003751, -0.0002816, -0.0004246, -0.0006006000000000001, -0.0005632, -0.0003795, -0.0002794, -0.0004334, -0.0006072, -0.0005709, -0.00037620000000000004, -0.0002882, -0.00042790000000000005, -0.0005962000000000001, -0.0005775, -0.00037180000000000004, -0.0002794, -0.0004334, -0.0006061, -0.0005775, -0.00036740000000000004, -0.00028270000000000004, -0.000429, -0.0005973, -0.0005742000000000001, -0.0003707, -0.0002805, -0.00042790000000000005, -0.000594, -0.0005687, -0.0003729, -0.0002794, -0.0004246, -0.0006050000000000001, -0.0005687, -0.0003729, -0.0002794, -0.00043010000000000005, -0.0006028, -0.0005775, -0.00037180000000000004, -0.00028930000000000004, -0.00043010000000000005, -0.0005907, -0.0005588, -0.00037840000000000004, -0.0002882, -0.00042790000000000005, -0.0005984, -0.0005709, -0.0003751, -0.0002838, -0.0004202, -0.0006083, -0.0005775, -0.00037180000000000004, -0.0002783, -0.0004202, -0.0005984, -0.0005632, -0.0003839, -0.0002816, -0.0004224, -0.0006083, -0.0005698000000000001, -0.0003729, -0.0002816, -0.0004268, -0.0006138000000000001, -0.0005764, -0.00036520000000000004, -0.0002794, -0.00042790000000000005, -0.0006039, -0.0005786000000000001, -0.0003861, -0.0002816, -0.0004213, -0.0006083, -0.0005808, -0.0003773, -0.000275, -0.0004312, -0.0006028, -0.0005687, -0.0003729, -0.0002772, -0.00043450000000000004, -0.0006149, -0.0005731, -0.0003817, -0.0002816, -0.00042790000000000005, -0.0005973, -0.0005665000000000001, -0.00037180000000000004, -0.0002772, -0.00043450000000000004, -0.0006050000000000001, -0.0005742000000000001, -0.0003685, -0.0002761, -0.00043670000000000004, -0.0005995, -0.0005797, -0.0003685, -0.000286, -0.00043890000000000004, -0.0006028, -0.0005632, -0.0003729, -0.0002783, -0.0004268, -0.0006028, -0.0005742000000000001, -0.00037620000000000004, -0.000275, -0.00044330000000000004, -0.0006017, -0.0005742000000000001, -0.00037400000000000004, -0.00028490000000000004, -0.0004334, -0.0006061, -0.0005588, -0.00036520000000000004, -0.0002926, -0.00042570000000000005, -0.0005995, -0.000572, -0.0003773, -0.00028270000000000004, -0.0004356, -0.0006083, -0.0005753, -0.00037180000000000004, -0.0002695, -0.00043450000000000004, -0.0006028, -0.0005808, -0.0003729, -0.0002794, -0.000429, -0.0006127, -0.0005676, -0.00037400000000000004, -0.0002695, -0.000429, -0.0005973, -0.0005577000000000001, -0.0003663, -0.0002772, -0.00043010000000000005, -0.0006050000000000001, -0.0005786000000000001, -0.0003685, -0.0002816, -0.00042570000000000005, -0.0005984, -0.0005709, -0.0003751, -0.0002805, -0.00043230000000000005, -0.0006028, -0.0005665000000000001, -0.00037180000000000004, -0.0002838, -0.0004224, -0.0006094000000000001, -0.0005698000000000001, -0.00037840000000000004, -0.0002717, -0.0004191, -0.0006017, -0.0005654000000000001, -0.00037400000000000004, -0.000275, -0.0004268, -0.0006072, -0.0005731, -0.00037400000000000004, -0.0002794, -0.00043450000000000004, -0.0005907, -0.0005698000000000001, -0.0003641, -0.0002904, -0.0004312, -0.0006127, -0.0005676, -0.00037180000000000004, -0.000275, -0.00042350000000000005, -0.0006105, -0.0005676, -0.0003729, -0.00028490000000000004, -0.0004224, -0.0006006000000000001, -0.0005731, -0.0003729, -0.00028710000000000004, -0.0004246, -0.0005984, -0.0005797, -0.0003729, -0.00028490000000000004, -0.000429, -0.0006204, -0.0005709, -0.0003751, -0.0002904, -0.0004246, -0.0006083, -0.0005709, -0.0003817, -0.0002728, -0.00042350000000000005, -0.0006094000000000001, -0.0005709, -0.00037400000000000004, -0.0002772, -0.00042790000000000005, -0.0006028, -0.0005665000000000001, -0.0003663, -0.00028490000000000004, -0.00042350000000000005, -0.0006061, -0.0005698000000000001, -0.0003685, -0.000275, -0.00042790000000000005, -0.0006017, -0.0005632, -0.00037180000000000004, -0.0002739, -0.00042350000000000005, -0.0005984, -0.0005665000000000001, -0.0003685, -0.000286, -0.00043890000000000004, -0.0005951, -0.0005742000000000001, -0.0003751, -0.0002772, -0.000429, -0.0006094000000000001, -0.0005709, -0.00036740000000000004, -0.0002728, -0.0004268, -0.0006061, -0.0005665000000000001, -0.0003685, -0.0002882, -0.00043670000000000004, -0.0005907, -0.0005676, -0.0003663, -0.0002772, -0.0004312, -0.0005995, -0.0005775, -0.00037840000000000004, -0.0002926, -0.0004246, -0.0006017, -0.0005698000000000001, -0.00037180000000000004, -0.0002739, -0.00043230000000000005, -0.0005885, -0.000572, -0.0003751, -0.0002794, -0.00042350000000000005, -0.0006028, -0.0005753, -0.00036740000000000004, -0.00028270000000000004, -0.0004268, -0.0005973, -0.0005566, -0.00036960000000000004, -0.0002838, -0.0004356, -0.0006028, -0.0005709, -0.0003707, -0.00028270000000000004, -0.000429]","[-0.0002585, -0.0002585, -0.00019360000000000002, -0.0001507, -0.00018700000000000002, -0.0002596, -0.0002618, -0.00019690000000000002, -0.0001617, -0.00018920000000000002, -0.0002662, -0.0002695, -0.0002101, -0.0001661, -0.00019140000000000002, -0.0002673, -0.0002739, -0.0002189, -0.0001562, -0.00019030000000000002, -0.000275, -0.0002717, -0.0002057, -0.0001551, -0.00020020000000000001, -0.000264, -0.0002728, -0.0002112, -0.0001507, -0.00020130000000000001, -0.000275, -0.0002684, -0.0002035, -0.0001485, -0.00019360000000000002, -0.0002739, -0.0002629, -0.0002035, -0.0001551, -0.00020240000000000001, -0.0002706, -0.0002805, -0.0002046, -0.0001639, -0.00019140000000000002, -0.0002673, -0.0002772, -0.0002079, -0.0001683, -0.00019690000000000002, -0.0002629, -0.0002783, -0.00019690000000000002, -0.0001529, -0.00019910000000000001, -0.0002684, -0.0002739, -0.0002101, -0.0001551, -0.0002035, -0.0002673, -0.000275, -0.0002134, -0.0001562, -0.00019580000000000002, -0.0002739, -0.0002706, -0.0002057, -0.0001584, -0.00019470000000000002, -0.0002673, -0.000275, -0.0002057, -0.0001672, -0.00019140000000000002, -0.0002651, -0.00028270000000000004, -0.0002123, -0.0001474, -0.00019250000000000002, -0.0002739, -0.00028270000000000004, -0.0002057, -0.0001529, -0.00020020000000000001, -0.0002684, -0.0002695, -0.00019910000000000001, -0.0001639, -0.00019360000000000002, -0.0002717, -0.0002761, -0.0002123, -0.0001639, -0.00019140000000000002, -0.0002706, -0.000286, -0.000209, -0.0001584, -0.0002068, -0.0002706, -0.0002761, -0.00020020000000000001, -0.0001496, -0.00019910000000000001, -0.0002684, -0.0002761, -0.000209, -0.0001617, -0.00020240000000000001, -0.0002629, -0.0002706, -0.00019470000000000002, -0.0001584, -0.0002035, -0.0002706, -0.000264, -0.0002145, -0.0001595, -0.00019910000000000001, -0.0002739, -0.000286, -0.00019250000000000002, -0.0001562, -0.00019580000000000002, -0.0002607, -0.0002717, -0.0002101, -0.0001584, -0.00018700000000000002, -0.0002618, -0.0002706, -0.00020240000000000001, -0.0001562, -0.00018920000000000002, -0.0002728, -0.0002673, -0.0002057, -0.000154, -0.00019800000000000002, -0.000264, -0.0002673, -0.00019140000000000002, -0.0001551, -0.00019580000000000002, -0.0002684, -0.0002662, -0.0002134, -0.0001595, -0.00020240000000000001, -0.0002706, -0.0002816, -0.0002079, -0.0001617, -0.0002079, -0.0002739, -0.0002717, -0.0002057, -0.0001705, -0.00020130000000000001, -0.0002662, -0.0002739, -0.00019800000000000002, -0.0001529, -0.00019360000000000002, -0.000275, -0.0002783, -0.000209, -0.0001705, -0.00019470000000000002, -0.0002662, -0.0002761, -0.00019690000000000002, -0.0001551, -0.00019910000000000001, -0.0002695, -0.0002761, -0.00019800000000000002, -0.0001518, -0.0002035, -0.0002706, -0.000275, -0.0002101, -0.0001584, -0.00018920000000000002, -0.0002717, -0.0002684, -0.0002057, -0.0001606, -0.0002046, -0.0002706, -0.0002761, -0.00019800000000000002, -0.0001617, -0.0002101, -0.0002673, -0.0002695, -0.0002035, -0.0001419, -0.0002046, -0.0002772, -0.0002706, -0.0002035, -0.000154, -0.0002068, -0.0002739, -0.0002783, -0.0002112, -0.0001496, -0.0002046, -0.0002739, -0.0002728, -0.0002079, -0.0001595, -0.00019360000000000002, -0.0002717, -0.0002783, -0.0002068, -0.0001595, -0.00019910000000000001, -0.0002717, -0.0002739, -0.00019360000000000002, -0.0001617, -0.00020240000000000001, -0.0002662, -0.0002805, -0.0002112, -0.0001507, -0.00019910000000000001, -0.0002728, -0.0002629, -0.0002046, -0.0001496, -0.00018810000000000002, -0.0002783, -0.00028270000000000004, -0.00020240000000000001, -0.0001584, -0.00020130000000000001, -0.0002739, -0.0002948, -0.0002101, -0.0001595, -0.00019140000000000002, -0.0002706, -0.0002662, -0.0002046, -0.0001617, -0.00019910000000000001, -0.0002805, -0.0002882, -0.000209, -0.0001573, -0.00019690000000000002, -0.0002695, -0.0002695, -0.0002068, -0.0001595, -0.00018370000000000002, -0.0002651, -0.0002816, -0.00019690000000000002, -0.0001595, -0.00020240000000000001, -0.0002717, -0.0002761, -0.0002046, -0.0001617, -0.0002035, -0.0002717, -0.0002728, -0.00019910000000000001, -0.0001518, -0.00019910000000000001, -0.000264, -0.0002761, -0.00020130000000000001, -0.000165, -0.00020240000000000001, -0.0002761, -0.0002706, -0.000209, -0.0001551, -0.00019580000000000002, -0.0002651, -0.0002805, -0.000209, -0.000154, -0.0002079, -0.0002662, -0.0002783, -0.0002046, -0.0001617, -0.00020240000000000001, -0.0002629, -0.0002651, -0.0002057, -0.0001595, -0.00020130000000000001, -0.0002794, -0.0002651, -0.0002079, -0.0001529, -0.00019800000000000002, -0.0002717, -0.0002816, -0.0002156, -0.0001584, -0.00019800000000000002, -0.0002728, -0.0002717, -0.00019580000000000002, -0.0001529, -0.00019910000000000001, -0.0002794, -0.0002651, -0.0002123, -0.0001606, -0.0002035, -0.0002673, -0.0002706, -0.0002134, -0.0001595, -0.00020240000000000001, -0.0002651, -0.0002838, -0.0002046, -0.0001606, -0.000209, -0.0002717, -0.000275, -0.00020130000000000001, -0.0001683, -0.0002035, -0.0002728, -0.000275, -0.0002046, -0.0001584, -0.00019910000000000001, -0.0002717, -0.0002761, -0.000209, -0.000154, -0.00019800000000000002, -0.0002783, -0.0002706, -0.0002079, -0.0001595, -0.00020020000000000001, -0.0002706, -0.0002662, -0.00020130000000000001, -0.0001606, -0.0002035, -0.0002761, -0.0002783, -0.00019580000000000002, -0.0001529, -0.00019800000000000002, -0.0002761, -0.0002761, -0.00020240000000000001, -0.0001562, -0.00020240000000000001, -0.0002761, -0.0002805, -0.0002046, -0.0001562, -0.00018370000000000002, -0.000264, -0.0002739, -0.00020130000000000001, -0.0001496, -0.00020240000000000001, -0.0002706, -0.0002794, -0.00020020000000000001, -0.000154, -0.0002046, -0.0002772, -0.0002783, -0.0002057, -0.0001518, -0.00020020000000000001, -0.0002684, -0.0002684, -0.0002046, -0.0001562, -0.0002046, -0.0002629, -0.0002684, -0.0002101, -0.0001595, -0.0002068, -0.0002706, -0.000264, -0.0002112, -0.0001573, -0.00019690000000000002, -0.0002739, -0.0002794, -0.0002046, -0.0001463, -0.00020020000000000001, -0.0002651, -0.0002772, -0.00019910000000000001, -0.0001628, -0.00019470000000000002, -0.0002706, -0.0002662, -0.0002123, -0.0001507, -0.00019800000000000002, -0.0002739, -0.0002783, -0.00020130000000000001, -0.0001441, -0.00019800000000000002, -0.0002695, -0.0002838, -0.0002046, -0.000165, -0.00019580000000000002, -0.0002717, -0.00028270000000000004, -0.0002079, -0.0001562, -0.00020130000000000001, -0.0002618, -0.0002717, -0.00019800000000000002, -0.0001606, -0.00020020000000000001, -0.000275, -0.0002717, -0.0002123, -0.0001562, -0.000209, -0.0002717, -0.00028270000000000004, -0.0002079, -0.0001562, -0.00019140000000000002, -0.0002717, -0.000275, -0.0002079, -0.0001584, -0.00019910000000000001, -0.000264, -0.0002805, -0.00019910000000000001, -0.0001518, -0.00020130000000000001, -0.0002673, -0.000275, -0.00020240000000000001, -0.0001595, -0.00019800000000000002, -0.0002717, -0.0002805, -0.00020240000000000001, -0.0001529, -0.00019580000000000002, -0.0002794, -0.0002739, -0.00019470000000000002, -0.0001606, -0.0002035, -0.0002695, -0.0002717, -0.0002123, -0.0001606, -0.0002068, -0.0002761, -0.0002717, -0.0002112, -0.000154, -0.00019250000000000002, -0.0002673, -0.0002706, -0.0002046, -0.0001507, -0.00020130000000000001, -0.0002739, -0.0002739, -0.0002101, -0.0001551, -0.00020020000000000001, -0.0002662, -0.0002662, -0.00020020000000000001, -0.0001595, -0.0002035, -0.0002717, -0.0002783, -0.00019360000000000002, -0.0001617, -0.00020240000000000001]","[0.0015796, 0.0014916, 0.0008932, 0.0006127, 0.0010538000000000001, 0.0015752000000000001, 0.0014982, 0.0009086000000000001, 0.0006149, 0.0010505, 0.0015928000000000001, 0.001507, 0.0009152, 0.0006171, 0.0010714000000000001, 0.001606, 0.0015158, 0.000924, 0.0006314000000000001, 0.0010824, 0.0016137, 0.0015103, 0.0009229, 0.0006336, 0.0010846, 0.0016137, 0.0015279, 0.0009251000000000001, 0.0006303, 0.0010703000000000002, 0.0016104000000000001, 0.0015235000000000001, 0.0009174000000000001, 0.0006314000000000001, 0.0010725, 0.001628, 0.0015334, 0.0009185, 0.0006314000000000001, 0.0010769, 0.0016181000000000001, 0.0015312000000000001, 0.0009086000000000001, 0.0006292, 0.001078, 0.0016236, 0.0015268, 0.000924, 0.0006424, 0.0010912, 0.0016236, 0.0015268, 0.0009207000000000001, 0.0006292, 0.0010890000000000001, 0.0016181000000000001, 0.0015356, 0.0009218000000000001, 0.0006314000000000001, 0.0010835, 0.0016214, 0.0015257, 0.0009273, 0.0006347000000000001, 0.0010890000000000001, 0.0016324, 0.0015411000000000001, 0.0009339000000000001, 0.0006435000000000001, 0.0010912, 0.0016412, 0.0015587, 0.0009372, 0.0006347000000000001, 0.0011033, 0.0016555, 0.0015587, 0.0009339000000000001, 0.0006446000000000001, 0.0011077, 0.00165, 0.0015499, 0.0009438000000000001, 0.0006402000000000001, 0.0010967000000000001, 0.0016401, 0.0015554000000000002, 0.0009328, 0.0006479000000000001, 0.0011088, 0.0016423000000000002, 0.0015576000000000001, 0.0009438000000000001, 0.0006435000000000001, 0.0010989, 0.0016401, 0.0015488000000000001, 0.0009405, 0.0006468, 0.0011055000000000001, 0.0016423000000000002, 0.001551, 0.0009339000000000001, 0.0006391000000000001, 0.0011077, 0.0016478, 0.0015554000000000002, 0.0009284, 0.0006358000000000001, 0.0011044, 0.0016467, 0.001551, 0.0009427000000000001, 0.0006336, 0.0010989, 0.0016313, 0.0015565000000000002, 0.0009361, 0.0006402000000000001, 0.0011033, 0.001639, 0.0015477000000000002, 0.0009317, 0.0006347000000000001, 0.0010912, 0.0016379, 0.0015345, 0.0009427000000000001, 0.0006468, 0.0010989, 0.0016313, 0.0015466, 0.0009306000000000001, 0.0006435000000000001, 0.0011066000000000001, 0.001639, 0.0015521, 0.0009284, 0.0006435000000000001, 0.0010967000000000001, 0.0016478, 0.0015477000000000002, 0.0009339000000000001, 0.0006523000000000001, 0.0010956, 0.0016423000000000002, 0.0015543, 0.0009207000000000001, 0.0006545, 0.0011011, 0.0016401, 0.0015433, 0.0009284, 0.0006446000000000001, 0.0011, 0.0016357000000000001, 0.0015477000000000002, 0.0009284, 0.0006435000000000001, 0.0011033, 0.0016467, 0.0015455, 0.0009229, 0.0006435000000000001, 0.0011044, 0.0016401, 0.0015532, 0.0009306000000000001, 0.0006424, 0.0011033, 0.0016335000000000002, 0.0015477000000000002, 0.0009273, 0.0006424, 0.0011022, 0.0016368, 0.001551, 0.0009405, 0.0006446000000000001, 0.0010956, 0.0016379, 0.0015521, 0.0009372, 0.0006336, 0.0010956, 0.0016412, 0.001551, 0.0009317, 0.0006413, 0.0010989, 0.001639, 0.0015367, 0.0009273, 0.0006402000000000001, 0.0011088, 0.0016368, 0.0015466, 0.0009317, 0.0006413, 0.0011055000000000001, 0.0016357000000000001, 0.0015455, 0.0009218000000000001, 0.0006468, 0.0010967000000000001, 0.0016467, 0.0015499, 0.0009339000000000001, 0.0006468, 0.0011, 0.0016434000000000002, 0.0015411000000000001, 0.0009383000000000001, 0.0006446000000000001, 0.0011033, 0.0016423000000000002, 0.0015433, 0.0009350000000000001, 0.0006468, 0.0010989, 0.0016379, 0.0015488000000000001, 0.0009229, 0.0006358000000000001, 0.0011044, 0.0016478, 0.0015477000000000002, 0.0009416, 0.0006468, 0.0011033, 0.001639, 0.0015411000000000001, 0.0009339000000000001, 0.0006446000000000001, 0.0010989, 0.0016478, 0.0015422, 0.0009284, 0.0006468, 0.0010978000000000001, 0.0016379, 0.0015378, 0.0009284, 0.0006391000000000001, 0.0010934, 0.0016379, 0.0015466, 0.0009383000000000001, 0.0006413, 0.0011033, 0.0016401, 0.0015521, 0.0009218000000000001, 0.0006534, 0.0010989, 0.0016423000000000002, 0.0015521, 0.0009339000000000001, 0.0006435000000000001, 0.0010934, 0.0016401, 0.0015411000000000001, 0.0009273, 0.0006556, 0.0011022, 0.0016434000000000002, 0.0015466, 0.0009306000000000001, 0.0006402000000000001, 0.0010989, 0.0016368, 0.0015521, 0.0009361, 0.0006446000000000001, 0.0010945, 0.0016401, 0.0015433, 0.0009350000000000001, 0.0006347000000000001, 0.0010978000000000001, 0.0016335000000000002, 0.0015466, 0.0009251000000000001, 0.0006413, 0.0011088, 0.0016324, 0.0015455, 0.0009306000000000001, 0.0006424, 0.0011011, 0.0016357000000000001, 0.0015455, 0.0009361, 0.0006435000000000001, 0.0010923, 0.0016511000000000002, 0.0015422, 0.0009317, 0.0006347000000000001, 0.0011033, 0.0016379, 0.0015488000000000001, 0.0009229, 0.0006424, 0.0011033, 0.0016401, 0.0015543, 0.0009207000000000001, 0.0006457, 0.0011088, 0.0016346000000000002, 0.001551, 0.000924, 0.0006391000000000001, 0.0011121, 0.0016346000000000002, 0.0015422, 0.0009339000000000001, 0.0006402000000000001, 0.0011055000000000001, 0.0016434000000000002, 0.0015367, 0.0009350000000000001, 0.000638, 0.0011022, 0.0016324, 0.001551, 0.0009306000000000001, 0.0006391000000000001, 0.0011044, 0.0016324, 0.0015455, 0.0009361, 0.000638, 0.0011066000000000001, 0.0016445000000000001, 0.0015433, 0.0009218000000000001, 0.000638, 0.0010989, 0.0016412, 0.0015565000000000002, 0.0009317, 0.0006457, 0.0010967000000000001, 0.0016412, 0.0015488000000000001, 0.0009306000000000001, 0.0006369, 0.0011033, 0.0016467, 0.0015356, 0.0009262000000000001, 0.0006391000000000001, 0.0011132, 0.0016434000000000002, 0.0015389000000000002, 0.0009328, 0.0006457, 0.0011, 0.001639, 0.0015488000000000001, 0.0009174000000000001, 0.0006490000000000001, 0.0010934, 0.001639, 0.0015411000000000001, 0.0009207000000000001, 0.0006435000000000001, 0.0011088, 0.0016434000000000002, 0.0015477000000000002, 0.0009317, 0.0006523000000000001, 0.0011033, 0.0016401, 0.0015411000000000001, 0.0009196, 0.0006457, 0.0011, 0.001639, 0.0015488000000000001, 0.0009306000000000001, 0.0006512, 0.0011154000000000001, 0.0016324, 0.0015466, 0.0009350000000000001, 0.0006446000000000001, 0.0011088, 0.0016456, 0.0015378, 0.0009207000000000001, 0.0006413, 0.0011066000000000001, 0.0016412, 0.0015334, 0.0009372, 0.0006468, 0.0011066000000000001, 0.0016423000000000002, 0.0015334, 0.0009295000000000001, 0.0006402000000000001, 0.0010978000000000001, 0.0016456, 0.0015400000000000001, 0.0009284, 0.0006457, 0.0010989, 0.0016401, 0.0015532, 0.0009273, 0.0006369, 0.0010967000000000001, 0.0016346000000000002, 0.0015323000000000001, 0.0009251000000000001, 0.0006391000000000001, 0.0011121, 0.0016478, 0.0015389000000000002, 0.0009317, 0.0006468, 0.0010989, 0.0016434000000000002, 0.0015389000000000002, 0.0009251000000000001, 0.0006479000000000001, 0.0011, 0.0016489, 0.0015433, 0.0009185, 0.0006479000000000001, 0.0010967000000000001, 0.0016423000000000002, 0.0015433, 0.0009295000000000001, 0.0006402000000000001, 0.0011077, 0.0016434000000000002, 0.0015488000000000001, 0.0009273, 0.0006424, 0.0011077, 0.0016456, 0.0015378, 0.0009317, 0.0006457, 0.0010956, 0.0016379, 0.0015488000000000001, 0.0009229, 0.0006468, 0.0011099, 0.0016423000000000002, 0.0015433, 0.0009218000000000001, 0.0006490000000000001, 0.0011033, 0.0016445000000000001, 0.0015400000000000001, 0.000924, 0.0006347000000000001, 0.0011033, 0.00165, 0.0015356, 0.0009141, 0.0006468, 0.0011176, 0.0016478, 0.0015378, 0.0009262000000000001, 0.0006446000000000001, 0.001111, 0.0016401, 0.0015367, 0.0009251000000000001, 0.0006446000000000001, 0.0011066000000000001, 0.0016423000000000002, 0.0015389000000000002, 0.0009196, 0.0006413, 0.001111, 0.0016511000000000002, 0.0015334, 0.0009196, 0.0006413, 0.0011044, 0.0016467, 0.0015400000000000001, 0.0009163000000000001, 0.0006545, 0.001111, 0.0016434000000000002, 0.0015367, 0.000924, 0.0006424, 0.0010945]",35
